0, 0, Header, 1, 18, 120
1, 0, Start_track
1, 0, Sequencer_specific, 10, 0, 0, 91, 35, 1, 0, 5, 4, 35, 0
1, 0, Instrument_name_t, "Conductor Track"
1, 0, SMPTE_offset, 96, 0, 3, 0, 0
1, 0, MIDI_port, 0
1, 0, Time_signature, 4, 2, 24, 8
1, 0, Tempo, 1500000
1, 1, Tempo, 1764705
1, 2, Tempo, 769230
1, 17, Tempo, 769230
1, 27, Tempo, 750000
1, 42015, Tempo, 779220
1, 42030, Tempo, 789473
1, 42045, Tempo, 789473
1, 42060, Tempo, 789473
1, 42075, Tempo, 800000
1, 42090, Tempo, 810810
1, 42105, Tempo, 810810
1, 42120, Tempo, 821917
1, 42135, Tempo, 821917
1, 42150, Tempo, 821917
1, 42165, Tempo, 821917
1, 42180, Tempo, 821917
1, 42195, Tempo, 833333
1, 42210, Tempo, 845070
1, 42225, Tempo, 845070
1, 42232, Tempo, 882352
1, 42250, Tempo, 833333
1, 42267, Tempo, 789473
1, 42285, Tempo, 750000
1, 46365, Tempo, 779220
1, 46388, Tempo, 789473
1, 46412, Tempo, 800000
1, 46435, Tempo, 810810
1, 46459, Tempo, 821917
1, 46482, Tempo, 833333
1, 46505, Tempo, 845070
1, 46529, Tempo, 857142
1, 46567, Tempo, 882352
1, 46575, Tempo, 882352
1, 46590, Tempo, 810810
1, 46605, Tempo, 759493
1, 46633, Tempo, 769230
1, 48165, Tempo, 800000
1, 48180, Tempo, 800000
1, 48195, Tempo, 800000
1, 48210, Tempo, 810810
1, 48225, Tempo, 821917
1, 48240, Tempo, 821917
1, 48255, Tempo, 821917
1, 48270, Tempo, 845070
1, 48285, Tempo, 845070
1, 48300, Tempo, 845070
1, 48315, Tempo, 845070
1, 48330, Tempo, 845070
1, 48345, Tempo, 845070
1, 48360, Tempo, 845070
1, 48375, Tempo, 845070
1, 48390, Tempo, 810810
1, 48405, Tempo, 810810
1, 48420, Tempo, 779220
1, 48435, Tempo, 779220
1, 49275, Tempo, 759493
1, 49368, Tempo, 769230
1, 49461, Tempo, 779220
1, 49554, Tempo, 789473
1, 49647, Tempo, 800000
1, 49740, Tempo, 810810
1, 49833, Tempo, 821917
1, 49926, Tempo, 833333
1, 49950, Tempo, 845070
1, 49978, Tempo, 857142
1, 50006, Tempo, 869565
1, 50034, Tempo, 882352
1, 50062, Tempo, 895522
1, 50090, Tempo, 909090
1, 50119, Tempo, 923076
1, 50147, Tempo, 937500
1, 50175, Tempo, 952380
1, 50203, Tempo, 967741
1, 50231, Tempo, 983606
1, 50259, Tempo, 1000000
1, 50298, Tempo, 1034482
1, 50314, Tempo, 1071428
1, 50329, Tempo, 1132075
1, 50345, Tempo, 1200000
1, 50361, Tempo, 1276595
1, 50376, Tempo, 1333333
1, 50376, End_track
2, 0, Start_track
2, 0, Title_t, "Man 8"
2, 0, MIDI_port, 0
2, 0, Control_c, 0, 7, 101
2, 0, Control_c, 0, 10, 85
2, 0, Program_c, 0, 16
2, 0, Control_c, 0, 91, 100
2, 30, Note_on_c, 0, 60, 100
2, 60, Note_on_c, 0, 60, 0
2, 60, Note_on_c, 0, 65, 100
2, 88, Note_on_c, 0, 65, 0
2, 88, Note_on_c, 0, 69, 100
2, 120, Note_on_c, 0, 69, 0
2, 120, Note_on_c, 0, 72, 100
2, 153, Note_on_c, 0, 72, 0
2, 153, Note_on_c, 0, 65, 100
2, 183, Note_on_c, 0, 65, 0
2, 183, Note_on_c, 0, 69, 100
2, 211, Note_on_c, 0, 72, 100
2, 214, Note_on_c, 0, 69, 0
2, 234, Note_on_c, 0, 72, 0
2, 244, Note_on_c, 0, 74, 100
2, 273, Note_on_c, 0, 70, 100
2, 275, Note_on_c, 0, 74, 0
2, 303, Note_on_c, 0, 70, 0
2, 303, Note_on_c, 0, 67, 100
2, 334, Note_on_c, 0, 70, 100
2, 335, Note_on_c, 0, 67, 0
2, 364, Note_on_c, 0, 70, 0
2, 364, Note_on_c, 0, 64, 100
2, 394, Note_on_c, 0, 74, 100
2, 395, Note_on_c, 0, 64, 0
2, 423, Note_on_c, 0, 72, 100
2, 424, Note_on_c, 0, 74, 0
2, 453, Note_on_c, 0, 70, 100
2, 454, Note_on_c, 0, 72, 0
2, 482, Note_on_c, 0, 70, 0
2, 482, Note_on_c, 0, 69, 100
2, 515, Note_on_c, 0, 53, 100
2, 517, Note_on_c, 0, 69, 0
2, 545, Note_on_c, 0, 77, 100
2, 545, Note_on_c, 0, 57, 100
2, 546, Note_on_c, 0, 53, 0
2, 574, Note_on_c, 0, 60, 100
2, 576, Note_on_c, 0, 57, 0
2, 605, Note_on_c, 0, 60, 0
2, 605, Note_on_c, 0, 65, 100
2, 632, Note_on_c, 0, 65, 0
2, 634, Note_on_c, 0, 57, 100
2, 664, Note_on_c, 0, 60, 100
2, 665, Note_on_c, 0, 76, 100
2, 668, Note_on_c, 0, 57, 0
2, 670, Note_on_c, 0, 77, 0
2, 691, Note_on_c, 0, 64, 100
2, 692, Note_on_c, 0, 60, 0
2, 695, Note_on_c, 0, 74, 100
2, 697, Note_on_c, 0, 76, 0
2, 723, Note_on_c, 0, 64, 0
2, 724, Note_on_c, 0, 69, 100
2, 725, Note_on_c, 0, 74, 0
2, 725, Note_on_c, 0, 72, 100
2, 754, Note_on_c, 0, 65, 100
2, 755, Note_on_c, 0, 69, 0
2, 759, Note_on_c, 0, 74, 100
2, 760, Note_on_c, 0, 72, 0
2, 783, Note_on_c, 0, 62, 100
2, 784, Note_on_c, 0, 65, 0
2, 785, Note_on_c, 0, 74, 0
2, 787, Note_on_c, 0, 70, 100
2, 807, Note_on_c, 0, 70, 0
2, 810, Note_on_c, 0, 62, 0
2, 811, Note_on_c, 0, 65, 100
2, 813, Note_on_c, 0, 72, 100
2, 842, Note_on_c, 0, 74, 100
2, 843, Note_on_c, 0, 65, 0
2, 843, Note_on_c, 0, 72, 0
2, 843, Note_on_c, 0, 58, 100
2, 872, Note_on_c, 0, 58, 0
2, 872, Note_on_c, 0, 72, 100
2, 873, Note_on_c, 0, 69, 100
2, 875, Note_on_c, 0, 74, 0
2, 902, Note_on_c, 0, 69, 0
2, 903, Note_on_c, 0, 70, 100
2, 904, Note_on_c, 0, 67, 100
2, 905, Note_on_c, 0, 72, 0
2, 930, Note_on_c, 0, 70, 0
2, 932, Note_on_c, 0, 67, 0
2, 932, Note_on_c, 0, 69, 100
2, 933, Note_on_c, 0, 65, 100
2, 962, Note_on_c, 0, 65, 0
2, 963, Note_on_c, 0, 67, 100
2, 963, Note_on_c, 0, 64, 100
2, 964, Note_on_c, 0, 69, 0
2, 993, Note_on_c, 0, 69, 100
2, 994, Note_on_c, 0, 67, 0
2, 994, Note_on_c, 0, 65, 100
2, 995, Note_on_c, 0, 64, 0
2, 1022, Note_on_c, 0, 65, 0
2, 1022, Note_on_c, 0, 62, 100
2, 1023, Note_on_c, 0, 69, 0
2, 1023, Note_on_c, 0, 70, 100
2, 1052, Note_on_c, 0, 62, 0
2, 1052, Note_on_c, 0, 64, 100
2, 1085, Note_on_c, 0, 64, 0
2, 1086, Note_on_c, 0, 65, 100
2, 1110, Note_on_c, 0, 65, 0
2, 1113, Note_on_c, 0, 62, 100
2, 1142, Note_on_c, 0, 69, 100
2, 1143, Note_on_c, 0, 70, 0
2, 1143, Note_on_c, 0, 60, 100
2, 1145, Note_on_c, 0, 62, 0
2, 1172, Note_on_c, 0, 67, 100
2, 1173, Note_on_c, 0, 69, 0
2, 1173, Note_on_c, 0, 58, 100
2, 1175, Note_on_c, 0, 60, 0
2, 1203, Note_on_c, 0, 67, 0
2, 1204, Note_on_c, 0, 58, 0
2, 1204, Note_on_c, 0, 65, 100
2, 1204, Note_on_c, 0, 57, 100
2, 1231, Note_on_c, 0, 57, 0
2, 1233, Note_on_c, 0, 67, 100
2, 1234, Note_on_c, 0, 65, 0
2, 1234, Note_on_c, 0, 58, 100
2, 1261, Note_on_c, 0, 58, 0
2, 1261, Note_on_c, 0, 55, 100
2, 1262, Note_on_c, 0, 67, 0
2, 1263, Note_on_c, 0, 64, 100
2, 1280, Note_on_c, 0, 64, 0
2, 1290, Note_on_c, 0, 65, 100
2, 1291, Note_on_c, 0, 55, 0
2, 1291, Note_on_c, 0, 57, 100
2, 1306, Note_on_c, 0, 65, 0
2, 1321, Note_on_c, 0, 67, 100
2, 1322, Note_on_c, 0, 58, 100
2, 1323, Note_on_c, 0, 57, 0
2, 1352, Note_on_c, 0, 65, 100
2, 1353, Note_on_c, 0, 67, 0
2, 1378, Note_on_c, 0, 65, 0
2, 1379, Note_on_c, 0, 64, 100
2, 1410, Note_on_c, 0, 62, 100
2, 1415, Note_on_c, 0, 64, 0
2, 1422, Note_on_c, 0, 62, 0
2, 1439, Note_on_c, 0, 60, 100
2, 1441, Note_on_c, 0, 60, 100
2, 1449, Note_on_c, 0, 58, 0
2, 1474, Note_on_c, 0, 65, 100
2, 1479, Note_on_c, 0, 60, 0
2, 1503, Note_on_c, 0, 57, 100
2, 1503, Note_on_c, 0, 69, 100
2, 1504, Note_on_c, 0, 65, 0
2, 1531, Note_on_c, 0, 69, 0
2, 1531, Note_on_c, 0, 72, 100
2, 1531, Note_on_c, 0, 55, 100
2, 1533, Note_on_c, 0, 57, 0
2, 1560, Note_on_c, 0, 72, 0
2, 1562, Note_on_c, 0, 55, 0
2, 1562, Note_on_c, 0, 57, 100
2, 1562, Note_on_c, 0, 77, 100
2, 1578, Note_on_c, 0, 60, 0
2, 1580, Note_on_c, 0, 57, 0
2, 1591, Note_on_c, 0, 69, 100
2, 1592, Note_on_c, 0, 77, 0
2, 1619, Note_on_c, 0, 57, 100
2, 1620, Note_on_c, 0, 53, 100
2, 1622, Note_on_c, 0, 69, 0
2, 1622, Note_on_c, 0, 72, 100
2, 1643, Note_on_c, 0, 57, 0
2, 1646, Note_on_c, 0, 53, 0
2, 1648, Note_on_c, 0, 72, 0
2, 1650, Note_on_c, 0, 77, 100
2, 1680, Note_on_c, 0, 53, 100
2, 1681, Note_on_c, 0, 81, 100
2, 1681, Note_on_c, 0, 48, 100
2, 1682, Note_on_c, 0, 77, 0
2, 1711, Note_on_c, 0, 53, 0
2, 1712, Note_on_c, 0, 77, 100
2, 1713, Note_on_c, 0, 81, 0
2, 1716, Note_on_c, 0, 48, 0
2, 1742, Note_on_c, 0, 74, 100
2, 1743, Note_on_c, 0, 77, 0
2, 1743, Note_on_c, 0, 57, 100
2, 1743, Note_on_c, 0, 53, 100
2, 1770, Note_on_c, 0, 77, 100
2, 1774, Note_on_c, 0, 74, 0
2, 1785, Note_on_c, 0, 57, 0
2, 1802, Note_on_c, 0, 62, 100
2, 1802, Note_on_c, 0, 70, 100
2, 1805, Note_on_c, 0, 77, 0
2, 1830, Note_on_c, 0, 60, 100
2, 1832, Note_on_c, 0, 70, 0
2, 1832, Note_on_c, 0, 81, 100
2, 1835, Note_on_c, 0, 62, 0
2, 1859, Note_on_c, 0, 58, 100
2, 1862, Note_on_c, 0, 60, 0
2, 1862, Note_on_c, 0, 79, 100
2, 1863, Note_on_c, 0, 81, 0
2, 1888, Note_on_c, 0, 58, 0
2, 1889, Note_on_c, 0, 57, 100
2, 1891, Note_on_c, 0, 77, 100
2, 1892, Note_on_c, 0, 79, 0
2, 1907, Note_on_c, 0, 57, 0
2, 1920, Note_on_c, 0, 58, 100
2, 1921, Note_on_c, 0, 77, 0
2, 1922, Note_on_c, 0, 76, 100
2, 1949, Note_on_c, 0, 60, 100
2, 1950, Note_on_c, 0, 58, 0
2, 1951, Note_on_c, 0, 76, 0
2, 1964, Note_on_c, 0, 60, 0
2, 1980, Note_on_c, 0, 62, 100
2, 1987, Note_on_c, 0, 53, 0
2, 1987, Note_on_c, 0, 82, 100
2, 2008, Note_on_c, 0, 53, 100
2, 2020, Note_on_c, 0, 53, 0
2, 2038, Note_on_c, 0, 52, 100
2, 2044, Note_on_c, 0, 62, 0
2, 2069, Note_on_c, 0, 62, 100
2, 2098, Note_on_c, 0, 82, 0
2, 2099, Note_on_c, 0, 60, 100
2, 2100, Note_on_c, 0, 81, 100
2, 2104, Note_on_c, 0, 62, 0
2, 2129, Note_on_c, 0, 58, 100
2, 2130, Note_on_c, 0, 60, 0
2, 2130, Note_on_c, 0, 81, 0
2, 2130, Note_on_c, 0, 79, 100
2, 2140, Note_on_c, 0, 58, 0
2, 2157, Note_on_c, 0, 52, 0
2, 2159, Note_on_c, 0, 57, 100
2, 2159, Note_on_c, 0, 53, 100
2, 2161, Note_on_c, 0, 79, 0
2, 2161, Note_on_c, 0, 77, 100
2, 2190, Note_on_c, 0, 79, 100
2, 2191, Note_on_c, 0, 77, 0
2, 2192, Note_on_c, 0, 57, 0
2, 2194, Note_on_c, 0, 53, 0
2, 2218, Note_on_c, 0, 60, 100
2, 2219, Note_on_c, 0, 57, 100
2, 2220, Note_on_c, 0, 79, 0
2, 2220, Note_on_c, 0, 76, 100
2, 2250, Note_on_c, 0, 77, 100
2, 2254, Note_on_c, 0, 76, 0
2, 2262, Note_on_c, 0, 60, 0
2, 2264, Note_on_c, 0, 77, 0
2, 2268, Note_on_c, 0, 57, 0
2, 2277, Note_on_c, 0, 58, 100
2, 2278, Note_on_c, 0, 62, 100
2, 2281, Note_on_c, 0, 79, 100
2, 2312, Note_on_c, 0, 77, 100
2, 2314, Note_on_c, 0, 79, 0
2, 2317, Note_on_c, 0, 62, 0
2, 2320, Note_on_c, 0, 58, 0
2, 2338, Note_on_c, 0, 55, 100
2, 2338, Note_on_c, 0, 58, 100
2, 2342, Note_on_c, 0, 77, 0
2, 2342, Note_on_c, 0, 76, 100
2, 2367, Note_on_c, 0, 58, 0
2, 2372, Note_on_c, 0, 74, 100
2, 2373, Note_on_c, 0, 55, 0
2, 2373, Note_on_c, 0, 76, 0
2, 2396, Note_on_c, 0, 57, 100
2, 2397, Note_on_c, 0, 60, 100
2, 2400, Note_on_c, 0, 74, 0
2, 2405, Note_on_c, 0, 72, 100
2, 2428, Note_on_c, 0, 60, 0
2, 2430, Note_on_c, 0, 58, 100
2, 2431, Note_on_c, 0, 57, 0
2, 2434, Note_on_c, 0, 72, 0
2, 2434, Note_on_c, 0, 74, 100
2, 2443, Note_on_c, 0, 58, 0
2, 2463, Note_on_c, 0, 60, 100
2, 2464, Note_on_c, 0, 74, 0
2, 2464, Note_on_c, 0, 75, 100
2, 2495, Note_on_c, 0, 70, 100
2, 2525, Note_on_c, 0, 70, 0
2, 2525, Note_on_c, 0, 53, 100
2, 2526, Note_on_c, 0, 69, 100
2, 2542, Note_on_c, 0, 60, 0
2, 2554, Note_on_c, 0, 69, 0
2, 2557, Note_on_c, 0, 67, 100
2, 2572, Note_on_c, 0, 75, 0
2, 2577, Note_on_c, 0, 67, 0
2, 2584, Note_on_c, 0, 65, 100
2, 2585, Note_on_c, 0, 74, 100
2, 2585, Note_on_c, 0, 65, 100
2, 2598, Note_on_c, 0, 65, 0
2, 2612, Note_on_c, 0, 65, 0
2, 2613, Note_on_c, 0, 63, 100
2, 2614, Note_on_c, 0, 72, 100
2, 2617, Note_on_c, 0, 74, 0
2, 2642, Note_on_c, 0, 63, 0
2, 2643, Note_on_c, 0, 62, 100
2, 2644, Note_on_c, 0, 72, 0
2, 2644, Note_on_c, 0, 70, 100
2, 2645, Note_on_c, 0, 62, 100
2, 2670, Note_on_c, 0, 63, 100
2, 2671, Note_on_c, 0, 62, 0
2, 2671, Note_on_c, 0, 70, 0
2, 2672, Note_on_c, 0, 72, 100
2, 2673, Note_on_c, 0, 63, 100
2, 2674, Note_on_c, 0, 62, 0
2, 2687, Note_on_c, 0, 63, 0
2, 2698, Note_on_c, 0, 60, 100
2, 2701, Note_on_c, 0, 72, 0
2, 2702, Note_on_c, 0, 63, 0
2, 2702, Note_on_c, 0, 60, 100
2, 2703, Note_on_c, 0, 69, 100
2, 2727, Note_on_c, 0, 62, 100
2, 2729, Note_on_c, 0, 60, 0
2, 2731, Note_on_c, 0, 69, 0
2, 2731, Note_on_c, 0, 70, 100
2, 2732, Note_on_c, 0, 60, 0
2, 2732, Note_on_c, 0, 62, 100
2, 2757, Note_on_c, 0, 63, 100
2, 2761, Note_on_c, 0, 62, 0
2, 2762, Note_on_c, 0, 70, 0
2, 2763, Note_on_c, 0, 62, 0
2, 2763, Note_on_c, 0, 63, 100
2, 2763, Note_on_c, 0, 72, 100
2, 2770, Note_on_c, 0, 53, 0
2, 2791, Note_on_c, 0, 70, 100
2, 2792, Note_on_c, 0, 72, 0
2, 2819, Note_on_c, 0, 55, 100
2, 2821, Note_on_c, 0, 69, 100
2, 2822, Note_on_c, 0, 70, 0
2, 2850, Note_on_c, 0, 67, 100
2, 2851, Note_on_c, 0, 69, 0
2, 2854, Note_on_c, 0, 55, 0
2, 2875, Note_on_c, 0, 57, 100
2, 2876, Note_on_c, 0, 63, 0
2, 2879, Note_on_c, 0, 67, 0
2, 2880, Note_on_c, 0, 65, 100
2, 2888, Note_on_c, 0, 63, 0
2, 2911, Note_on_c, 0, 63, 100
2, 2941, Note_on_c, 0, 62, 100
2, 2942, Note_on_c, 0, 63, 0
2, 2969, Note_on_c, 0, 60, 100
2, 2972, Note_on_c, 0, 62, 0
2, 3002, Note_on_c, 0, 57, 0
2, 3003, Note_on_c, 0, 60, 0
2, 3003, Note_on_c, 0, 62, 100
2, 3023, Note_on_c, 0, 57, 100
2, 3035, Note_on_c, 0, 57, 0
2, 3058, Note_on_c, 0, 58, 100
2, 3062, Note_on_c, 0, 62, 0
2, 3085, Note_on_c, 0, 62, 100
2, 3096, Note_on_c, 0, 62, 0
2, 3117, Note_on_c, 0, 60, 100
2, 3127, Note_on_c, 0, 58, 0
2, 3145, Note_on_c, 0, 58, 100
2, 3175, Note_on_c, 0, 57, 100
2, 3176, Note_on_c, 0, 58, 0
2, 3203, Note_on_c, 0, 57, 0
2, 3203, Note_on_c, 0, 55, 100
2, 3230, Note_on_c, 0, 55, 0
2, 3233, Note_on_c, 0, 53, 100
2, 3258, Note_on_c, 0, 53, 0
2, 3260, Note_on_c, 0, 55, 100
2, 3275, Note_on_c, 0, 55, 0
2, 3292, Note_on_c, 0, 57, 100
2, 3299, Note_on_c, 0, 62, 100
2, 3301, Note_on_c, 0, 60, 0
2, 3327, Note_on_c, 0, 70, 100
2, 3328, Note_on_c, 0, 65, 0
2, 3360, Note_on_c, 0, 62, 0
2, 3360, Note_on_c, 0, 55, 100
2, 3361, Note_on_c, 0, 64, 100
2, 3363, Note_on_c, 0, 57, 0
2, 3367, Note_on_c, 0, 70, 0
2, 3388, Note_on_c, 0, 48, 100
2, 3390, Note_on_c, 0, 55, 0
2, 3390, Note_on_c, 0, 70, 100
2, 3417, Note_on_c, 0, 52, 100
2, 3419, Note_on_c, 0, 64, 0
2, 3419, Note_on_c, 0, 48, 0
2, 3419, Note_on_c, 0, 67, 100
2, 3420, Note_on_c, 0, 70, 0
2, 3444, Note_on_c, 0, 55, 100
2, 3445, Note_on_c, 0, 52, 0
2, 3449, Note_on_c, 0, 70, 100
2, 3473, Note_on_c, 0, 55, 0
2, 3475, Note_on_c, 0, 60, 100
2, 3480, Note_on_c, 0, 70, 0
2, 3482, Note_on_c, 0, 69, 100
2, 3505, Note_on_c, 0, 60, 0
2, 3505, Note_on_c, 0, 53, 100
2, 3533, Note_on_c, 0, 57, 100
2, 3536, Note_on_c, 0, 53, 0
2, 3540, Note_on_c, 0, 65, 100
2, 3541, Note_on_c, 0, 67, 0
2, 3564, Note_on_c, 0, 57, 0
2, 3564, Note_on_c, 0, 60, 100
2, 3570, Note_on_c, 0, 65, 0
2, 3571, Note_on_c, 0, 64, 100
2, 3595, Note_on_c, 0, 60, 0
2, 3595, Note_on_c, 0, 62, 100
2, 3604, Note_on_c, 0, 64, 0
2, 3604, Note_on_c, 0, 65, 100
2, 3627, Note_on_c, 0, 59, 100
2, 3629, Note_on_c, 0, 62, 0
2, 3653, Note_on_c, 0, 69, 0
2, 3656, Note_on_c, 0, 55, 100
2, 3659, Note_on_c, 0, 59, 0
2, 3662, Note_on_c, 0, 74, 100
2, 3685, Note_on_c, 0, 55, 0
2, 3685, Note_on_c, 0, 59, 100
2, 3714, Note_on_c, 0, 52, 100
2, 3716, Note_on_c, 0, 59, 0
2, 3722, Note_on_c, 0, 67, 100
2, 3723, Note_on_c, 0, 74, 0
2, 3746, Note_on_c, 0, 52, 0
2, 3747, Note_on_c, 0, 62, 100
2, 3776, Note_on_c, 0, 62, 0
2, 3777, Note_on_c, 0, 60, 100
2, 3780, Note_on_c, 0, 67, 0
2, 3781, Note_on_c, 0, 72, 100
2, 3782, Note_on_c, 0, 64, 100
2, 3783, Note_on_c, 0, 65, 0
2, 3805, Note_on_c, 0, 58, 100
2, 3806, Note_on_c, 0, 60, 0
2, 3837, Note_on_c, 0, 58, 0
2, 3839, Note_on_c, 0, 57, 100
2, 3842, Note_on_c, 0, 65, 100
2, 3843, Note_on_c, 0, 64, 0
2, 3845, Note_on_c, 0, 72, 0
2, 3873, Note_on_c, 0, 72, 100
2, 3899, Note_on_c, 0, 55, 100
2, 3900, Note_on_c, 0, 57, 0
2, 3905, Note_on_c, 0, 71, 100
2, 3906, Note_on_c, 0, 72, 0
2, 3935, Note_on_c, 0, 69, 100
2, 3939, Note_on_c, 0, 71, 0
2, 3952, Note_on_c, 0, 55, 0
2, 3959, Note_on_c, 0, 53, 100
2, 3964, Note_on_c, 0, 71, 100
2, 3966, Note_on_c, 0, 69, 0
2, 3994, Note_on_c, 0, 72, 100
2, 3996, Note_on_c, 0, 71, 0
2, 4025, Note_on_c, 0, 72, 0
2, 4025, Note_on_c, 0, 69, 100
2, 4053, Note_on_c, 0, 71, 100
2, 4056, Note_on_c, 0, 69, 0
2, 4078, Note_on_c, 0, 53, 0
2, 4082, Note_on_c, 0, 72, 100
2, 4083, Note_on_c, 0, 71, 0
2, 4083, Note_on_c, 0, 55, 100
2, 4087, Note_on_c, 0, 65, 0
2, 4093, Note_on_c, 0, 55, 0
2, 4110, Note_on_c, 0, 55, 100
2, 4112, Note_on_c, 0, 72, 0
2, 4113, Note_on_c, 0, 67, 100
2, 4141, Note_on_c, 0, 64, 100
2, 4143, Note_on_c, 0, 72, 100
2, 4144, Note_on_c, 0, 67, 0
2, 4169, Note_on_c, 0, 62, 100
2, 4170, Note_on_c, 0, 64, 0
2, 4171, Note_on_c, 0, 76, 100
2, 4173, Note_on_c, 0, 72, 0
2, 4182, Note_on_c, 0, 62, 0
2, 4199, Note_on_c, 0, 79, 100
2, 4200, Note_on_c, 0, 76, 0
2, 4201, Note_on_c, 0, 64, 100
2, 4210, Note_on_c, 0, 55, 0
2, 4228, Note_on_c, 0, 79, 0
2, 4230, Note_on_c, 0, 72, 100
2, 4255, Note_on_c, 0, 60, 100
2, 4258, Note_on_c, 0, 76, 100
2, 4259, Note_on_c, 0, 72, 0
2, 4288, Note_on_c, 0, 79, 100
2, 4289, Note_on_c, 0, 76, 0
2, 4314, Note_on_c, 0, 65, 100
2, 4320, Note_on_c, 0, 64, 0
2, 4321, Note_on_c, 0, 60, 0
2, 4323, Note_on_c, 0, 81, 100
2, 4324, Note_on_c, 0, 79, 0
2, 4348, Note_on_c, 0, 77, 100
2, 4349, Note_on_c, 0, 81, 0
2, 4375, Note_on_c, 0, 53, 100
2, 4377, Note_on_c, 0, 63, 100
2, 4378, Note_on_c, 0, 65, 0
2, 4379, Note_on_c, 0, 72, 100
2, 4380, Note_on_c, 0, 77, 0
2, 4409, Note_on_c, 0, 72, 0
2, 4410, Note_on_c, 0, 77, 100
2, 4437, Note_on_c, 0, 63, 0
2, 4437, Note_on_c, 0, 62, 100
2, 4440, Note_on_c, 0, 70, 100
2, 4442, Note_on_c, 0, 77, 0
2, 4445, Note_on_c, 0, 53, 0
2, 4470, Note_on_c, 0, 70, 0
2, 4470, Note_on_c, 0, 81, 100
2, 4496, Note_on_c, 0, 58, 100
2, 4500, Note_on_c, 0, 79, 100
2, 4505, Note_on_c, 0, 81, 0
2, 4530, Note_on_c, 0, 77, 100
2, 4533, Note_on_c, 0, 79, 0
2, 4556, Note_on_c, 0, 60, 100
2, 4558, Note_on_c, 0, 62, 0
2, 4558, Note_on_c, 0, 77, 0
2, 4559, Note_on_c, 0, 76, 100
2, 4560, Note_on_c, 0, 58, 0
2, 4588, Note_on_c, 0, 58, 100
2, 4615, Note_on_c, 0, 72, 100
2, 4616, Note_on_c, 0, 76, 0
2, 4622, Note_on_c, 0, 57, 100
2, 4624, Note_on_c, 0, 58, 0
2, 4638, Note_on_c, 0, 57, 0
2, 4645, Note_on_c, 0, 55, 100
2, 4667, Note_on_c, 0, 55, 0
2, 4674, Note_on_c, 0, 77, 100
2, 4675, Note_on_c, 0, 57, 100
2, 4676, Note_on_c, 0, 72, 0
2, 4690, Note_on_c, 0, 60, 0
2, 4700, Note_on_c, 0, 60, 100
2, 4723, Note_on_c, 0, 60, 0
2, 4735, Note_on_c, 0, 75, 100
2, 4736, Note_on_c, 0, 67, 100
2, 4741, Note_on_c, 0, 77, 0
2, 4766, Note_on_c, 0, 66, 100
2, 4767, Note_on_c, 0, 67, 0
2, 4794, Note_on_c, 0, 59, 100
2, 4797, Note_on_c, 0, 66, 0
2, 4797, Note_on_c, 0, 67, 100
2, 4798, Note_on_c, 0, 57, 0
2, 4798, Note_on_c, 0, 75, 0
2, 4824, Note_on_c, 0, 55, 100
2, 4825, Note_on_c, 0, 59, 0
2, 4829, Note_on_c, 0, 75, 100
2, 4852, Note_on_c, 0, 59, 100
2, 4855, Note_on_c, 0, 55, 0
2, 4858, Note_on_c, 0, 75, 0
2, 4860, Note_on_c, 0, 74, 100
2, 4882, Note_on_c, 0, 62, 100
2, 4883, Note_on_c, 0, 59, 0
2, 4888, Note_on_c, 0, 72, 100
2, 4889, Note_on_c, 0, 74, 0
2, 4913, Note_on_c, 0, 65, 100
2, 4916, Note_on_c, 0, 62, 0
2, 4916, Note_on_c, 0, 72, 0
2, 4920, Note_on_c, 0, 74, 100
2, 4944, Note_on_c, 0, 59, 100
2, 4949, Note_on_c, 0, 65, 0
2, 4974, Note_on_c, 0, 62, 100
2, 4977, Note_on_c, 0, 59, 0
2, 5001, Note_on_c, 0, 65, 100
2, 5002, Note_on_c, 0, 62, 0
2, 5016, Note_on_c, 0, 67, 0
2, 5029, Note_on_c, 0, 65, 0
2, 5033, Note_on_c, 0, 64, 100
2, 5063, Note_on_c, 0, 67, 100
2, 5091, Note_on_c, 0, 63, 100
2, 5094, Note_on_c, 0, 72, 100
2, 5096, Note_on_c, 0, 74, 0
2, 5096, Note_on_c, 0, 64, 0
2, 5102, Note_on_c, 0, 67, 0
2, 5124, Note_on_c, 0, 66, 100
2, 5146, Note_on_c, 0, 63, 0
2, 5148, Note_on_c, 0, 62, 100
2, 5155, Note_on_c, 0, 67, 100
2, 5156, Note_on_c, 0, 72, 0
2, 5156, Note_on_c, 0, 66, 0
2, 5186, Note_on_c, 0, 72, 100
2, 5216, Note_on_c, 0, 71, 100
2, 5217, Note_on_c, 0, 72, 0
2, 5234, Note_on_c, 0, 62, 0
2, 5246, Note_on_c, 0, 67, 0
2, 5250, Note_on_c, 0, 65, 100
2, 5275, Note_on_c, 0, 60, 100
2, 5280, Note_on_c, 0, 65, 0
2, 5280, Note_on_c, 0, 72, 100
2, 5281, Note_on_c, 0, 64, 100
2, 5283, Note_on_c, 0, 71, 0
2, 5303, Note_on_c, 0, 60, 0
2, 5308, Note_on_c, 0, 48, 100
2, 5313, Note_on_c, 0, 72, 0
2, 5324, Note_on_c, 0, 64, 0
2, 5337, Note_on_c, 0, 52, 100
2, 5338, Note_on_c, 0, 48, 0
2, 5342, Note_on_c, 0, 70, 100
2, 5343, Note_on_c, 0, 65, 100
2, 5367, Note_on_c, 0, 55, 100
2, 5368, Note_on_c, 0, 52, 0
2, 5369, Note_on_c, 0, 70, 0
2, 5375, Note_on_c, 0, 65, 0
2, 5398, Note_on_c, 0, 60, 100
2, 5399, Note_on_c, 0, 55, 0
2, 5399, Note_on_c, 0, 65, 100
2, 5400, Note_on_c, 0, 69, 100
2, 5417, Note_on_c, 0, 60, 0
2, 5428, Note_on_c, 0, 53, 100
2, 5454, Note_on_c, 0, 53, 0
2, 5457, Note_on_c, 0, 57, 100
2, 5484, Note_on_c, 0, 60, 100
2, 5486, Note_on_c, 0, 57, 0
2, 5515, Note_on_c, 0, 60, 0
2, 5515, Note_on_c, 0, 62, 100
2, 5522, Note_on_c, 0, 67, 100
2, 5527, Note_on_c, 0, 69, 0
2, 5529, Note_on_c, 0, 65, 0
2, 5535, Note_on_c, 0, 65, 100
2, 5548, Note_on_c, 0, 59, 100
2, 5551, Note_on_c, 0, 62, 0
2, 5581, Note_on_c, 0, 55, 100
2, 5585, Note_on_c, 0, 59, 0
2, 5612, Note_on_c, 0, 55, 0
2, 5612, Note_on_c, 0, 59, 100
2, 5640, Note_on_c, 0, 59, 0
2, 5641, Note_on_c, 0, 50, 100
2, 5643, Note_on_c, 0, 65, 0
2, 5671, Note_on_c, 0, 57, 100
2, 5673, Note_on_c, 0, 50, 0
2, 5673, Note_on_c, 0, 65, 100
2, 5700, Note_on_c, 0, 55, 100
2, 5702, Note_on_c, 0, 57, 0
2, 5703, Note_on_c, 0, 64, 100
2, 5704, Note_on_c, 0, 65, 0
2, 5728, Note_on_c, 0, 53, 100
2, 5729, Note_on_c, 0, 55, 0
2, 5734, Note_on_c, 0, 62, 100
2, 5735, Note_on_c, 0, 64, 0
2, 5743, Note_on_c, 0, 53, 0
2, 5757, Note_on_c, 0, 52, 100
2, 5760, Note_on_c, 0, 62, 0
2, 5762, Note_on_c, 0, 64, 100
2, 5791, Note_on_c, 0, 67, 0
2, 5791, Note_on_c, 0, 64, 0
2, 5794, Note_on_c, 0, 55, 100
2, 5823, Note_on_c, 0, 60, 100
2, 5825, Note_on_c, 0, 55, 0
2, 5851, Note_on_c, 0, 64, 100
2, 5853, Note_on_c, 0, 60, 0
2, 5879, Note_on_c, 0, 52, 0
2, 5880, Note_on_c, 0, 67, 100
2, 5882, Note_on_c, 0, 64, 0
2, 5903, Note_on_c, 0, 67, 0
2, 5911, Note_on_c, 0, 60, 100
2, 5940, Note_on_c, 0, 55, 100
2, 5941, Note_on_c, 0, 64, 100
2, 5943, Note_on_c, 0, 60, 0
2, 5968, Note_on_c, 0, 67, 100
2, 5969, Note_on_c, 0, 64, 0
2, 5999, Note_on_c, 0, 69, 100
2, 6004, Note_on_c, 0, 67, 0
2, 6030, Note_on_c, 0, 69, 0
2, 6030, Note_on_c, 0, 65, 100
2, 6037, Note_on_c, 0, 55, 0
2, 6056, Note_on_c, 0, 53, 100
2, 6060, Note_on_c, 0, 62, 100
2, 6062, Note_on_c, 0, 65, 0
2, 6085, Note_on_c, 0, 53, 0
2, 6085, Note_on_c, 0, 52, 100
2, 6089, Note_on_c, 0, 62, 0
2, 6090, Note_on_c, 0, 65, 100
2, 6117, Note_on_c, 0, 52, 0
2, 6119, Note_on_c, 0, 50, 100
2, 6119, Note_on_c, 0, 59, 100
2, 6120, Note_on_c, 0, 65, 0
2, 6151, Note_on_c, 0, 69, 100
2, 6152, Note_on_c, 0, 50, 0
2, 6153, Note_on_c, 0, 59, 0
2, 6177, Note_on_c, 0, 59, 100
2, 6180, Note_on_c, 0, 67, 100
2, 6182, Note_on_c, 0, 69, 0
2, 6208, Note_on_c, 0, 65, 100
2, 6209, Note_on_c, 0, 67, 0
2, 6210, Note_on_c, 0, 59, 0
2, 6238, Note_on_c, 0, 65, 0
2, 6239, Note_on_c, 0, 60, 100
2, 6240, Note_on_c, 0, 64, 100
2, 6260, Note_on_c, 0, 60, 0
2, 6267, Note_on_c, 0, 48, 100
2, 6283, Note_on_c, 0, 64, 0
2, 6298, Note_on_c, 0, 72, 100
2, 6298, Note_on_c, 0, 52, 100
2, 6299, Note_on_c, 0, 48, 0
2, 6326, Note_on_c, 0, 52, 0
2, 6326, Note_on_c, 0, 55, 100
2, 6356, Note_on_c, 0, 60, 100
2, 6357, Note_on_c, 0, 55, 0
2, 6378, Note_on_c, 0, 60, 0
2, 6384, Note_on_c, 0, 52, 100
2, 6408, Note_on_c, 0, 72, 0
2, 6414, Note_on_c, 0, 52, 0
2, 6415, Note_on_c, 0, 55, 100
2, 6417, Note_on_c, 0, 71, 100
2, 6439, Note_on_c, 0, 55, 0
2, 6442, Note_on_c, 0, 60, 100
2, 6444, Note_on_c, 0, 69, 100
2, 6445, Note_on_c, 0, 71, 0
2, 6473, Note_on_c, 0, 64, 100
2, 6474, Note_on_c, 0, 60, 0
2, 6474, Note_on_c, 0, 67, 100
2, 6475, Note_on_c, 0, 69, 0
2, 6503, Note_on_c, 0, 60, 100
2, 6507, Note_on_c, 0, 64, 0
2, 6507, Note_on_c, 0, 69, 100
2, 6510, Note_on_c, 0, 67, 0
2, 6531, Note_on_c, 0, 57, 100
2, 6532, Note_on_c, 0, 60, 0
2, 6537, Note_on_c, 0, 69, 0
2, 6537, Note_on_c, 0, 65, 100
2, 6561, Note_on_c, 0, 60, 100
2, 6562, Note_on_c, 0, 57, 0
2, 6562, Note_on_c, 0, 65, 0
2, 6565, Note_on_c, 0, 67, 100
2, 6582, Note_on_c, 0, 67, 0
2, 6591, Note_on_c, 0, 53, 100
2, 6593, Note_on_c, 0, 60, 0
2, 6598, Note_on_c, 0, 69, 100
2, 6624, Note_on_c, 0, 69, 0
2, 6625, Note_on_c, 0, 64, 100
2, 6626, Note_on_c, 0, 53, 0
2, 6626, Note_on_c, 0, 67, 100
2, 6651, Note_on_c, 0, 65, 100
2, 6654, Note_on_c, 0, 62, 100
2, 6655, Note_on_c, 0, 67, 0
2, 6656, Note_on_c, 0, 64, 0
2, 6681, Note_on_c, 0, 60, 100
2, 6683, Note_on_c, 0, 62, 0
2, 6686, Note_on_c, 0, 64, 100
2, 6688, Note_on_c, 0, 65, 0
2, 6706, Note_on_c, 0, 64, 0
2, 6714, Note_on_c, 0, 60, 0
2, 6714, Note_on_c, 0, 59, 100
2, 6722, Note_on_c, 0, 62, 100
2, 6744, Note_on_c, 0, 60, 100
2, 6746, Note_on_c, 0, 59, 0
2, 6753, Note_on_c, 0, 64, 100
2, 6754, Note_on_c, 0, 62, 0
2, 6767, Note_on_c, 0, 64, 0
2, 6779, Note_on_c, 0, 60, 0
2, 6779, Note_on_c, 0, 57, 100
2, 6782, Note_on_c, 0, 65, 100
2, 6808, Note_on_c, 0, 59, 100
2, 6811, Note_on_c, 0, 57, 0
2, 6838, Note_on_c, 0, 59, 0
2, 6840, Note_on_c, 0, 60, 100
2, 6865, Note_on_c, 0, 57, 100
2, 6868, Note_on_c, 0, 60, 0
2, 6897, Note_on_c, 0, 55, 100
2, 6898, Note_on_c, 0, 64, 100
2, 6899, Note_on_c, 0, 65, 0
2, 6899, Note_on_c, 0, 57, 0
2, 6925, Note_on_c, 0, 53, 100
2, 6926, Note_on_c, 0, 55, 0
2, 6928, Note_on_c, 0, 62, 100
2, 6933, Note_on_c, 0, 64, 0
2, 6940, Note_on_c, 0, 62, 0
2, 6956, Note_on_c, 0, 53, 0
2, 6956, Note_on_c, 0, 52, 100
2, 6957, Note_on_c, 0, 60, 100
2, 6960, Note_on_c, 0, 60, 100
2, 6990, Note_on_c, 0, 67, 100
2, 6994, Note_on_c, 0, 60, 0
2, 6997, Note_on_c, 0, 60, 0
2, 7018, Note_on_c, 0, 55, 100
2, 7020, Note_on_c, 0, 67, 0
2, 7020, Note_on_c, 0, 72, 100
2, 7043, Note_on_c, 0, 55, 0
2, 7046, Note_on_c, 0, 72, 0
2, 7046, Note_on_c, 0, 76, 100
2, 7076, Note_on_c, 0, 60, 100
2, 7082, Note_on_c, 0, 76, 0
2, 7082, Note_on_c, 0, 79, 100
2, 7083, Note_on_c, 0, 52, 0
2, 7112, Note_on_c, 0, 79, 0
2, 7113, Note_on_c, 0, 72, 100
2, 7138, Note_on_c, 0, 52, 100
2, 7142, Note_on_c, 0, 72, 0
2, 7143, Note_on_c, 0, 76, 100
2, 7171, Note_on_c, 0, 79, 100
2, 7172, Note_on_c, 0, 76, 0
2, 7175, Note_on_c, 0, 52, 0
2, 7197, Note_on_c, 0, 53, 100
2, 7202, Note_on_c, 0, 81, 100
2, 7206, Note_on_c, 0, 79, 0
2, 7235, Note_on_c, 0, 81, 0
2, 7235, Note_on_c, 0, 77, 100
2, 7240, Note_on_c, 0, 60, 0
2, 7259, Note_on_c, 0, 57, 100
2, 7263, Note_on_c, 0, 74, 100
2, 7264, Note_on_c, 0, 77, 0
2, 7292, Note_on_c, 0, 74, 0
2, 7292, Note_on_c, 0, 77, 100
2, 7322, Note_on_c, 0, 57, 0
2, 7322, Note_on_c, 0, 77, 0
2, 7322, Note_on_c, 0, 71, 100
2, 7323, Note_on_c, 0, 62, 100
2, 7343, Note_on_c, 0, 53, 0
2, 7352, Note_on_c, 0, 81, 100
2, 7355, Note_on_c, 0, 71, 0
2, 7378, Note_on_c, 0, 53, 100
2, 7382, Note_on_c, 0, 79, 100
2, 7383, Note_on_c, 0, 81, 0
2, 7398, Note_on_c, 0, 53, 0
2, 7411, Note_on_c, 0, 77, 100
2, 7412, Note_on_c, 0, 79, 0
2, 7440, Note_on_c, 0, 55, 100
2, 7442, Note_on_c, 0, 62, 0
2, 7443, Note_on_c, 0, 77, 0
2, 7443, Note_on_c, 0, 76, 100
2, 7472, Note_on_c, 0, 60, 100
2, 7480, Note_on_c, 0, 76, 0
2, 7502, Note_on_c, 0, 64, 100
2, 7503, Note_on_c, 0, 60, 0
2, 7504, Note_on_c, 0, 72, 100
2, 7531, Note_on_c, 0, 72, 0
2, 7532, Note_on_c, 0, 76, 100
2, 7532, Note_on_c, 0, 67, 100
2, 7535, Note_on_c, 0, 64, 0
2, 7554, Note_on_c, 0, 67, 0
2, 7561, Note_on_c, 0, 76, 0
2, 7563, Note_on_c, 0, 81, 100
2, 7564, Note_on_c, 0, 72, 100
2, 7579, Note_on_c, 0, 55, 0
2, 7592, Note_on_c, 0, 72, 0
2, 7592, Note_on_c, 0, 69, 100
2, 7622, Note_on_c, 0, 64, 100
2, 7626, Note_on_c, 0, 69, 0
2, 7626, Note_on_c, 0, 72, 100
2, 7645, Note_on_c, 0, 64, 0
2, 7655, Note_on_c, 0, 72, 0
2, 7656, Note_on_c, 0, 76, 100
2, 7682, Note_on_c, 0, 76, 0
2, 7682, Note_on_c, 0, 62, 100
2, 7686, Note_on_c, 0, 77, 100
2, 7714, Note_on_c, 0, 77, 0
2, 7715, Note_on_c, 0, 74, 100
2, 7743, Note_on_c, 0, 74, 0
2, 7743, Note_on_c, 0, 79, 100
2, 7744, Note_on_c, 0, 71, 100
2, 7748, Note_on_c, 0, 81, 0
2, 7772, Note_on_c, 0, 77, 100
2, 7773, Note_on_c, 0, 79, 0
2, 7774, Note_on_c, 0, 71, 0
2, 7775, Note_on_c, 0, 74, 100
2, 7798, Note_on_c, 0, 77, 0
2, 7803, Note_on_c, 0, 83, 100
2, 7804, Note_on_c, 0, 74, 0
2, 7804, Note_on_c, 0, 65, 100
2, 7805, Note_on_c, 0, 62, 0
2, 7832, Note_on_c, 0, 81, 100
2, 7841, Note_on_c, 0, 65, 0
2, 7860, Note_on_c, 0, 81, 0
2, 7861, Note_on_c, 0, 79, 100
2, 7888, Note_on_c, 0, 79, 0
2, 7888, Note_on_c, 0, 65, 100
2, 7890, Note_on_c, 0, 77, 100
2, 7902, Note_on_c, 0, 65, 0
2, 7918, Note_on_c, 0, 77, 0
2, 7918, Note_on_c, 0, 67, 100
2, 7921, Note_on_c, 0, 83, 0
2, 7921, Note_on_c, 0, 84, 100
2, 7923, Note_on_c, 0, 76, 100
2, 7947, Note_on_c, 0, 67, 0
2, 7948, Note_on_c, 0, 55, 100
2, 7962, Note_on_c, 0, 84, 0
2, 7977, Note_on_c, 0, 60, 100
2, 7981, Note_on_c, 0, 55, 0
2, 7982, Note_on_c, 0, 79, 100
2, 8004, Note_on_c, 0, 60, 0
2, 8005, Note_on_c, 0, 64, 100
2, 8035, Note_on_c, 0, 64, 0
2, 8035, Note_on_c, 0, 67, 100
2, 8038, Note_on_c, 0, 79, 0
2, 8041, Note_on_c, 0, 82, 100
2, 8066, Note_on_c, 0, 67, 0
2, 8067, Note_on_c, 0, 61, 100
2, 8073, Note_on_c, 0, 76, 0
2, 8081, Note_on_c, 0, 82, 0
2, 8094, Note_on_c, 0, 64, 100
2, 8095, Note_on_c, 0, 61, 0
2, 8101, Note_on_c, 0, 81, 100
2, 8102, Note_on_c, 0, 75, 100
2, 8125, Note_on_c, 0, 67, 100
2, 8127, Note_on_c, 0, 64, 0
2, 8135, Note_on_c, 0, 75, 0
2, 8158, Note_on_c, 0, 70, 100
2, 8160, Note_on_c, 0, 67, 0
2, 8162, Note_on_c, 0, 74, 100
2, 8189, Note_on_c, 0, 67, 100
2, 8193, Note_on_c, 0, 70, 0
2, 8218, Note_on_c, 0, 67, 0
2, 8219, Note_on_c, 0, 81, 0
2, 8219, Note_on_c, 0, 64, 100
2, 8219, Note_on_c, 0, 79, 100
2, 8220, Note_on_c, 0, 76, 100
2, 8247, Note_on_c, 0, 67, 100
2, 8248, Note_on_c, 0, 64, 0
2, 8251, Note_on_c, 0, 74, 0
2, 8272, Note_on_c, 0, 76, 0
2, 8272, Note_on_c, 0, 67, 0
2, 8276, Note_on_c, 0, 60, 100
2, 8311, Note_on_c, 0, 76, 100
2, 8324, Note_on_c, 0, 76, 0
2, 8338, Note_on_c, 0, 79, 0
2, 8338, Note_on_c, 0, 69, 100
2, 8339, Note_on_c, 0, 77, 100
2, 8369, Note_on_c, 0, 69, 0
2, 8370, Note_on_c, 0, 75, 100
2, 8370, Note_on_c, 0, 72, 100
2, 8372, Note_on_c, 0, 77, 0
2, 8395, Note_on_c, 0, 65, 100
2, 8396, Note_on_c, 0, 75, 0
2, 8397, Note_on_c, 0, 72, 0
2, 8399, Note_on_c, 0, 74, 100
2, 8425, Note_on_c, 0, 74, 0
2, 8430, Note_on_c, 0, 69, 100
2, 8442, Note_on_c, 0, 60, 0
2, 8455, Note_on_c, 0, 62, 100
2, 8457, Note_on_c, 0, 70, 100
2, 8458, Note_on_c, 0, 69, 0
2, 8481, Note_on_c, 0, 60, 100
2, 8486, Note_on_c, 0, 62, 0
2, 8486, Note_on_c, 0, 70, 0
2, 8487, Note_on_c, 0, 74, 100
2, 8504, Note_on_c, 0, 74, 0
2, 8513, Note_on_c, 0, 58, 100
2, 8515, Note_on_c, 0, 60, 0
2, 8516, Note_on_c, 0, 65, 0
2, 8518, Note_on_c, 0, 79, 100
2, 8543, Note_on_c, 0, 62, 100
2, 8576, Note_on_c, 0, 62, 0
2, 8576, Note_on_c, 0, 67, 100
2, 8609, Note_on_c, 0, 70, 100
2, 8622, Note_on_c, 0, 67, 0
2, 8641, Note_on_c, 0, 70, 0
2, 8642, Note_on_c, 0, 72, 100
2, 8653, Note_on_c, 0, 79, 0
2, 8670, Note_on_c, 0, 67, 100
2, 8698, Note_on_c, 0, 58, 0
2, 8698, Note_on_c, 0, 60, 100
2, 8699, Note_on_c, 0, 69, 100
2, 8700, Note_on_c, 0, 67, 0
2, 8704, Note_on_c, 0, 72, 0
2, 8724, Note_on_c, 0, 60, 0
2, 8725, Note_on_c, 0, 58, 100
2, 8729, Note_on_c, 0, 72, 100
2, 8732, Note_on_c, 0, 69, 0
2, 8755, Note_on_c, 0, 58, 0
2, 8757, Note_on_c, 0, 57, 100
2, 8760, Note_on_c, 0, 72, 0
2, 8761, Note_on_c, 0, 77, 100
2, 8782, Note_on_c, 0, 57, 0
2, 8787, Note_on_c, 0, 48, 100
2, 8815, Note_on_c, 0, 53, 100
2, 8819, Note_on_c, 0, 48, 0
2, 8844, Note_on_c, 0, 53, 0
2, 8844, Note_on_c, 0, 57, 100
2, 8875, Note_on_c, 0, 58, 100
2, 8876, Note_on_c, 0, 57, 0
2, 8878, Note_on_c, 0, 70, 100
2, 8905, Note_on_c, 0, 58, 0
2, 8905, Note_on_c, 0, 55, 100
2, 8934, Note_on_c, 0, 58, 100
2, 8937, Note_on_c, 0, 55, 0
2, 8937, Note_on_c, 0, 75, 100
2, 8939, Note_on_c, 0, 77, 0
2, 8962, Note_on_c, 0, 58, 0
2, 8962, Note_on_c, 0, 62, 100
2, 8967, Note_on_c, 0, 75, 0
2, 8967, Note_on_c, 0, 74, 100
2, 8993, Note_on_c, 0, 62, 0
2, 8993, Note_on_c, 0, 67, 100
2, 9001, Note_on_c, 0, 74, 0
2, 9001, Note_on_c, 0, 75, 100
2, 9024, Note_on_c, 0, 63, 100
2, 9028, Note_on_c, 0, 67, 0
2, 9056, Note_on_c, 0, 58, 100
2, 9057, Note_on_c, 0, 63, 0
2, 9083, Note_on_c, 0, 63, 100
2, 9085, Note_on_c, 0, 58, 0
2, 9110, Note_on_c, 0, 63, 0
2, 9111, Note_on_c, 0, 57, 100
2, 9113, Note_on_c, 0, 70, 0
2, 9114, Note_on_c, 0, 72, 100
2, 9142, Note_on_c, 0, 57, 0
2, 9142, Note_on_c, 0, 67, 100
2, 9172, Note_on_c, 0, 65, 100
2, 9174, Note_on_c, 0, 67, 0
2, 9176, Note_on_c, 0, 75, 0
2, 9178, Note_on_c, 0, 74, 100
2, 9180, Note_on_c, 0, 72, 0
2, 9202, Note_on_c, 0, 63, 100
2, 9203, Note_on_c, 0, 65, 0
2, 9207, Note_on_c, 0, 74, 0
2, 9208, Note_on_c, 0, 72, 100
2, 9234, Note_on_c, 0, 63, 0
2, 9234, Note_on_c, 0, 62, 100
2, 9239, Note_on_c, 0, 74, 100
2, 9248, Note_on_c, 0, 72, 0
2, 9263, Note_on_c, 0, 60, 100
2, 9264, Note_on_c, 0, 62, 0
2, 9295, Note_on_c, 0, 62, 100
2, 9296, Note_on_c, 0, 60, 0
2, 9299, Note_on_c, 0, 70, 100
2, 9304, Note_on_c, 0, 74, 0
2, 9323, Note_on_c, 0, 64, 100
2, 9330, Note_on_c, 0, 62, 0
2, 9351, Note_on_c, 0, 64, 0
2, 9354, Note_on_c, 0, 65, 100
2, 9356, Note_on_c, 0, 72, 100
2, 9388, Note_on_c, 0, 70, 0
2, 9388, Note_on_c, 0, 67, 100
2, 9400, Note_on_c, 0, 67, 0
2, 9419, Note_on_c, 0, 69, 100
2, 9432, Note_on_c, 0, 65, 0
2, 9445, Note_on_c, 0, 63, 100
2, 9459, Note_on_c, 0, 63, 0
2, 9483, Note_on_c, 0, 62, 100
2, 9511, Note_on_c, 0, 65, 100
2, 9512, Note_on_c, 0, 69, 0
2, 9539, Note_on_c, 0, 62, 0
2, 9540, Note_on_c, 0, 61, 100
2, 9541, Note_on_c, 0, 70, 100
2, 9542, Note_on_c, 0, 72, 0
2, 9571, Note_on_c, 0, 65, 0
2, 9571, Note_on_c, 0, 64, 100
2, 9596, Note_on_c, 0, 61, 0
2, 9596, Note_on_c, 0, 60, 100
2, 9603, Note_on_c, 0, 64, 0
2, 9604, Note_on_c, 0, 65, 100
2, 9620, Note_on_c, 0, 60, 0
2, 9629, Note_on_c, 0, 48, 100
2, 9658, Note_on_c, 0, 70, 0
2, 9658, Note_on_c, 0, 48, 0
2, 9658, Note_on_c, 0, 53, 100
2, 9661, Note_on_c, 0, 69, 100
2, 9687, Note_on_c, 0, 57, 100
2, 9688, Note_on_c, 0, 53, 0
2, 9688, Note_on_c, 0, 67, 100
2, 9692, Note_on_c, 0, 69, 0
2, 9717, Note_on_c, 0, 67, 0
2, 9718, Note_on_c, 0, 57, 0
2, 9718, Note_on_c, 0, 60, 100
2, 9719, Note_on_c, 0, 69, 100
2, 9746, Note_on_c, 0, 53, 100
2, 9747, Note_on_c, 0, 60, 0
2, 9751, Note_on_c, 0, 69, 0
2, 9775, Note_on_c, 0, 57, 100
2, 9778, Note_on_c, 0, 72, 100
2, 9779, Note_on_c, 0, 53, 0
2, 9804, Note_on_c, 0, 60, 100
2, 9813, Note_on_c, 0, 57, 0
2, 9832, Note_on_c, 0, 60, 0
2, 9833, Note_on_c, 0, 62, 100
2, 9864, Note_on_c, 0, 58, 100
2, 9869, Note_on_c, 0, 62, 0
2, 9878, Note_on_c, 0, 65, 0
2, 9895, Note_on_c, 0, 55, 100
2, 9896, Note_on_c, 0, 58, 0
2, 9897, Note_on_c, 0, 70, 100
2, 9900, Note_on_c, 0, 72, 0
2, 9923, Note_on_c, 0, 58, 100
2, 9927, Note_on_c, 0, 70, 0
2, 9928, Note_on_c, 0, 55, 0
2, 9928, Note_on_c, 0, 69, 100
2, 9952, Note_on_c, 0, 58, 0
2, 9953, Note_on_c, 0, 52, 100
2, 9959, Note_on_c, 0, 67, 100
2, 9962, Note_on_c, 0, 69, 0
2, 9987, Note_on_c, 0, 62, 100
2, 9988, Note_on_c, 0, 52, 0
2, 9989, Note_on_c, 0, 69, 100
2, 9992, Note_on_c, 0, 67, 0
2, 9998, Note_on_c, 0, 69, 0
2, 10016, Note_on_c, 0, 60, 100
2, 10017, Note_on_c, 0, 62, 0
2, 10021, Note_on_c, 0, 70, 100
2, 10021, Note_on_c, 0, 67, 100
2, 10046, Note_on_c, 0, 58, 100
2, 10047, Note_on_c, 0, 60, 0
2, 10076, Note_on_c, 0, 58, 0
2, 10076, Note_on_c, 0, 57, 100
2, 10105, Note_on_c, 0, 55, 100
2, 10111, Note_on_c, 0, 57, 0
2, 10133, Note_on_c, 0, 55, 0
2, 10135, Note_on_c, 0, 70, 0
2, 10135, Note_on_c, 0, 67, 0
2, 10135, Note_on_c, 0, 57, 100
2, 10137, Note_on_c, 0, 69, 100
2, 10137, Note_on_c, 0, 65, 100
2, 10162, Note_on_c, 0, 59, 100
2, 10165, Note_on_c, 0, 57, 0
2, 10187, Note_on_c, 0, 69, 0
2, 10192, Note_on_c, 0, 67, 100
2, 10193, Note_on_c, 0, 59, 0
2, 10195, Note_on_c, 0, 60, 100
2, 10220, Note_on_c, 0, 55, 100
2, 10223, Note_on_c, 0, 60, 0
2, 10238, Note_on_c, 0, 55, 0
2, 10247, Note_on_c, 0, 65, 0
2, 10249, Note_on_c, 0, 60, 100
2, 10251, Note_on_c, 0, 64, 100
2, 10278, Note_on_c, 0, 69, 100
2, 10281, Note_on_c, 0, 67, 0
2, 10306, Note_on_c, 0, 69, 0
2, 10308, Note_on_c, 0, 65, 100
2, 10309, Note_on_c, 0, 64, 0
2, 10311, Note_on_c, 0, 62, 100
2, 10313, Note_on_c, 0, 60, 0
2, 10338, Note_on_c, 0, 60, 100
2, 10369, Note_on_c, 0, 60, 0
2, 10370, Note_on_c, 0, 59, 100
2, 10396, Note_on_c, 0, 59, 0
2, 10399, Note_on_c, 0, 57, 100
2, 10432, Note_on_c, 0, 57, 0
2, 10437, Note_on_c, 0, 59, 100
2, 10452, Note_on_c, 0, 65, 0
2, 10467, Note_on_c, 0, 69, 100
2, 10496, Note_on_c, 0, 69, 0
2, 10501, Note_on_c, 0, 67, 100
2, 10530, Note_on_c, 0, 65, 100
2, 10534, Note_on_c, 0, 67, 0
2, 10557, Note_on_c, 0, 59, 0
2, 10559, Note_on_c, 0, 60, 100
2, 10560, Note_on_c, 0, 65, 0
2, 10561, Note_on_c, 0, 64, 100
2, 10563, Note_on_c, 0, 62, 0
2, 10580, Note_on_c, 0, 64, 0
2, 10593, Note_on_c, 0, 67, 100
2, 10598, Note_on_c, 0, 60, 0
2, 10619, Note_on_c, 0, 64, 100
2, 10620, Note_on_c, 0, 67, 0
2, 10622, Note_on_c, 0, 72, 100
2, 10649, Note_on_c, 0, 64, 0
2, 10649, Note_on_c, 0, 62, 100
2, 10650, Note_on_c, 0, 76, 100
2, 10653, Note_on_c, 0, 72, 0
2, 10680, Note_on_c, 0, 64, 100
2, 10682, Note_on_c, 0, 62, 0
2, 10682, Note_on_c, 0, 76, 0
2, 10682, Note_on_c, 0, 79, 100
2, 10697, Note_on_c, 0, 64, 0
2, 10700, Note_on_c, 0, 79, 0
2, 10711, Note_on_c, 0, 72, 100
2, 10738, Note_on_c, 0, 67, 100
2, 10738, Note_on_c, 0, 60, 100
2, 10741, Note_on_c, 0, 76, 100
2, 10742, Note_on_c, 0, 72, 0
2, 10764, Note_on_c, 0, 67, 0
2, 10770, Note_on_c, 0, 79, 100
2, 10771, Note_on_c, 0, 76, 0
2, 10784, Note_on_c, 0, 60, 0
2, 10794, Note_on_c, 0, 60, 100
2, 10798, Note_on_c, 0, 65, 100
2, 10802, Note_on_c, 0, 81, 100
2, 10805, Note_on_c, 0, 79, 0
2, 10822, Note_on_c, 0, 60, 0
2, 10832, Note_on_c, 0, 81, 0
2, 10833, Note_on_c, 0, 77, 100
2, 10840, Note_on_c, 0, 65, 0
2, 10859, Note_on_c, 0, 59, 100
2, 10862, Note_on_c, 0, 74, 100
2, 10864, Note_on_c, 0, 77, 0
2, 10889, Note_on_c, 0, 59, 0
2, 10889, Note_on_c, 0, 60, 100
2, 10890, Note_on_c, 0, 74, 0
2, 10891, Note_on_c, 0, 77, 100
2, 10919, Note_on_c, 0, 60, 0
2, 10919, Note_on_c, 0, 62, 100
2, 10921, Note_on_c, 0, 77, 0
2, 10921, Note_on_c, 0, 71, 100
2, 10951, Note_on_c, 0, 71, 0
2, 10951, Note_on_c, 0, 81, 100
2, 10957, Note_on_c, 0, 62, 0
2, 10976, Note_on_c, 0, 59, 100
2, 10977, Note_on_c, 0, 55, 100
2, 10982, Note_on_c, 0, 79, 100
2, 10984, Note_on_c, 0, 81, 0
2, 11015, Note_on_c, 0, 77, 100
2, 11016, Note_on_c, 0, 79, 0
2, 11021, Note_on_c, 0, 55, 0
2, 11042, Note_on_c, 0, 60, 100
2, 11043, Note_on_c, 0, 59, 0
2, 11043, Note_on_c, 0, 77, 0
2, 11044, Note_on_c, 0, 76, 100
2, 11070, Note_on_c, 0, 64, 100
2, 11075, Note_on_c, 0, 60, 0
2, 11092, Note_on_c, 0, 76, 0
2, 11098, Note_on_c, 0, 69, 100
2, 11101, Note_on_c, 0, 78, 100
2, 11102, Note_on_c, 0, 64, 0
2, 11102, Note_on_c, 0, 57, 100
2, 11125, Note_on_c, 0, 72, 100
2, 11128, Note_on_c, 0, 69, 0
2, 11152, Note_on_c, 0, 78, 0
2, 11156, Note_on_c, 0, 72, 0
2, 11156, Note_on_c, 0, 58, 100
2, 11157, Note_on_c, 0, 57, 0
2, 11161, Note_on_c, 0, 79, 100
2, 11161, Note_on_c, 0, 74, 100
2, 11191, Note_on_c, 0, 67, 100
2, 11194, Note_on_c, 0, 74, 0
2, 11197, Note_on_c, 0, 58, 0
2, 11218, Note_on_c, 0, 55, 100
2, 11220, Note_on_c, 0, 67, 0
2, 11221, Note_on_c, 0, 70, 100
2, 11250, Note_on_c, 0, 70, 0
2, 11250, Note_on_c, 0, 74, 100
2, 11256, Note_on_c, 0, 55, 0
2, 11274, Note_on_c, 0, 74, 0
2, 11274, Note_on_c, 0, 60, 100
2, 11281, Note_on_c, 0, 75, 100
2, 11307, Note_on_c, 0, 75, 0
2, 11307, Note_on_c, 0, 72, 100
2, 11334, Note_on_c, 0, 60, 0
2, 11334, Note_on_c, 0, 72, 0
2, 11335, Note_on_c, 0, 63, 100
2, 11336, Note_on_c, 0, 79, 0
2, 11336, Note_on_c, 0, 78, 100
2, 11336, Note_on_c, 0, 69, 100
2, 11365, Note_on_c, 0, 72, 100
2, 11366, Note_on_c, 0, 78, 0
2, 11366, Note_on_c, 0, 69, 0
2, 11367, Note_on_c, 0, 79, 100
2, 11386, Note_on_c, 0, 72, 0
2, 11390, Note_on_c, 0, 63, 0
2, 11393, Note_on_c, 0, 66, 100
2, 11394, Note_on_c, 0, 62, 100
2, 11396, Note_on_c, 0, 81, 100
2, 11397, Note_on_c, 0, 79, 0
2, 11421, Note_on_c, 0, 66, 0
2, 11426, Note_on_c, 0, 75, 100
2, 11451, Note_on_c, 0, 62, 0
2, 11452, Note_on_c, 0, 66, 100
2, 11457, Note_on_c, 0, 75, 0
2, 11457, Note_on_c, 0, 74, 100
2, 11486, Note_on_c, 0, 72, 100
2, 11487, Note_on_c, 0, 74, 0
2, 11498, Note_on_c, 0, 72, 0
2, 11515, Note_on_c, 0, 66, 0
2, 11515, Note_on_c, 0, 67, 100
2, 11517, Note_on_c, 0, 70, 100
2, 11544, Note_on_c, 0, 55, 100
2, 11545, Note_on_c, 0, 67, 0
2, 11550, Note_on_c, 0, 81, 0
2, 11573, Note_on_c, 0, 58, 100
2, 11577, Note_on_c, 0, 55, 0
2, 11578, Note_on_c, 0, 79, 100
2, 11603, Note_on_c, 0, 58, 0
2, 11603, Note_on_c, 0, 62, 100
2, 11633, Note_on_c, 0, 70, 0
2, 11633, Note_on_c, 0, 62, 0
2, 11634, Note_on_c, 0, 67, 100
2, 11636, Note_on_c, 0, 69, 100
2, 11664, Note_on_c, 0, 62, 100
2, 11666, Note_on_c, 0, 67, 0
2, 11694, Note_on_c, 0, 65, 100
2, 11695, Note_on_c, 0, 77, 100
2, 11696, Note_on_c, 0, 79, 0
2, 11696, Note_on_c, 0, 74, 100
2, 11697, Note_on_c, 0, 62, 0
2, 11701, Note_on_c, 0, 69, 0
2, 11722, Note_on_c, 0, 67, 100
2, 11725, Note_on_c, 0, 65, 0
2, 11728, Note_on_c, 0, 77, 0
2, 11742, Note_on_c, 0, 67, 0
2, 11753, Note_on_c, 0, 70, 100
2, 11754, Note_on_c, 0, 76, 100
2, 11784, Note_on_c, 0, 67, 100
2, 11786, Note_on_c, 0, 70, 0
2, 11788, Note_on_c, 0, 76, 0
2, 11789, Note_on_c, 0, 77, 100
2, 11794, Note_on_c, 0, 74, 0
2, 11813, Note_on_c, 0, 67, 0
2, 11814, Note_on_c, 0, 64, 100
2, 11818, Note_on_c, 0, 73, 100
2, 11818, Note_on_c, 0, 79, 100
2, 11820, Note_on_c, 0, 77, 0
2, 11843, Note_on_c, 0, 67, 100
2, 11844, Note_on_c, 0, 64, 0
2, 11847, Note_on_c, 0, 73, 0
2, 11847, Note_on_c, 0, 74, 100
2, 11865, Note_on_c, 0, 74, 0
2, 11873, Note_on_c, 0, 67, 0
2, 11874, Note_on_c, 0, 61, 100
2, 11878, Note_on_c, 0, 76, 100
2, 11903, Note_on_c, 0, 70, 100
2, 11906, Note_on_c, 0, 61, 0
2, 11933, Note_on_c, 0, 69, 100
2, 11934, Note_on_c, 0, 70, 0
2, 11962, Note_on_c, 0, 67, 100
2, 11966, Note_on_c, 0, 69, 0
2, 11991, Note_on_c, 0, 65, 100
2, 11992, Note_on_c, 0, 67, 0
2, 12027, Note_on_c, 0, 62, 100
2, 12028, Note_on_c, 0, 65, 0
2, 12057, Note_on_c, 0, 65, 100
2, 12058, Note_on_c, 0, 62, 0
2, 12060, Note_on_c, 0, 77, 100
2, 12061, Note_on_c, 0, 76, 0
2, 12061, Note_on_c, 0, 74, 100
2, 12062, Note_on_c, 0, 79, 0
2, 12086, Note_on_c, 0, 65, 0
2, 12087, Note_on_c, 0, 69, 100
2, 12118, Note_on_c, 0, 59, 100
2, 12119, Note_on_c, 0, 77, 0
2, 12119, Note_on_c, 0, 69, 0
2, 12121, Note_on_c, 0, 74, 0
2, 12148, Note_on_c, 0, 69, 100
2, 12149, Note_on_c, 0, 59, 0
2, 12176, Note_on_c, 0, 69, 0
2, 12177, Note_on_c, 0, 74, 100
2, 12177, Note_on_c, 0, 67, 100
2, 12178, Note_on_c, 0, 77, 100
2, 12198, Note_on_c, 0, 74, 0
2, 12198, Note_on_c, 0, 77, 0
2, 12204, Note_on_c, 0, 65, 100
2, 12209, Note_on_c, 0, 67, 0
2, 12225, Note_on_c, 0, 65, 0
2, 12235, Note_on_c, 0, 64, 100
2, 12239, Note_on_c, 0, 74, 100
2, 12240, Note_on_c, 0, 77, 100
2, 12269, Note_on_c, 0, 60, 100
2, 12270, Note_on_c, 0, 64, 0
2, 12297, Note_on_c, 0, 74, 0
2, 12298, Note_on_c, 0, 64, 100
2, 12299, Note_on_c, 0, 72, 100
2, 12300, Note_on_c, 0, 60, 0
2, 12300, Note_on_c, 0, 76, 100
2, 12301, Note_on_c, 0, 77, 0
2, 12330, Note_on_c, 0, 64, 0
2, 12330, Note_on_c, 0, 67, 100
2, 12358, Note_on_c, 0, 67, 0
2, 12358, Note_on_c, 0, 57, 100
2, 12361, Note_on_c, 0, 76, 0
2, 12362, Note_on_c, 0, 72, 0
2, 12388, Note_on_c, 0, 67, 100
2, 12389, Note_on_c, 0, 57, 0
2, 12417, Note_on_c, 0, 67, 0
2, 12417, Note_on_c, 0, 65, 100
2, 12418, Note_on_c, 0, 76, 100
2, 12418, Note_on_c, 0, 72, 100
2, 12436, Note_on_c, 0, 76, 0
2, 12436, Note_on_c, 0, 72, 0
2, 12445, Note_on_c, 0, 64, 100
2, 12450, Note_on_c, 0, 65, 0
2, 12465, Note_on_c, 0, 64, 0
2, 12477, Note_on_c, 0, 62, 100
2, 12479, Note_on_c, 0, 72, 100
2, 12480, Note_on_c, 0, 76, 100
2, 12508, Note_on_c, 0, 62, 0
2, 12508, Note_on_c, 0, 59, 100
2, 12537, Note_on_c, 0, 62, 100
2, 12538, Note_on_c, 0, 72, 0
2, 12539, Note_on_c, 0, 59, 0
2, 12540, Note_on_c, 0, 71, 100
2, 12540, Note_on_c, 0, 74, 100
2, 12544, Note_on_c, 0, 76, 0
2, 12565, Note_on_c, 0, 62, 0
2, 12567, Note_on_c, 0, 65, 100
2, 12596, Note_on_c, 0, 56, 100
2, 12598, Note_on_c, 0, 65, 0
2, 12603, Note_on_c, 0, 74, 0
2, 12604, Note_on_c, 0, 71, 0
2, 12626, Note_on_c, 0, 65, 100
2, 12628, Note_on_c, 0, 56, 0
2, 12650, Note_on_c, 0, 65, 0
2, 12658, Note_on_c, 0, 64, 100
2, 12659, Note_on_c, 0, 71, 100
2, 12659, Note_on_c, 0, 74, 100
2, 12678, Note_on_c, 0, 71, 0
2, 12678, Note_on_c, 0, 74, 0
2, 12686, Note_on_c, 0, 62, 100
2, 12690, Note_on_c, 0, 64, 0
2, 12706, Note_on_c, 0, 62, 0
2, 12716, Note_on_c, 0, 60, 100
2, 12718, Note_on_c, 0, 71, 100
2, 12719, Note_on_c, 0, 74, 100
2, 12746, Note_on_c, 0, 57, 100
2, 12748, Note_on_c, 0, 60, 0
2, 12766, Note_on_c, 0, 57, 0
2, 12773, Note_on_c, 0, 60, 100
2, 12775, Note_on_c, 0, 71, 0
2, 12776, Note_on_c, 0, 74, 0
2, 12777, Note_on_c, 0, 69, 100
2, 12777, Note_on_c, 0, 72, 100
2, 12803, Note_on_c, 0, 60, 0
2, 12804, Note_on_c, 0, 64, 100
2, 12824, Note_on_c, 0, 64, 0
2, 12828, Note_on_c, 0, 72, 0
2, 12834, Note_on_c, 0, 53, 100
2, 12859, Note_on_c, 0, 53, 0
2, 12867, Note_on_c, 0, 69, 0
2, 12870, Note_on_c, 0, 74, 100
2, 12898, Note_on_c, 0, 65, 100
2, 12900, Note_on_c, 0, 69, 100
2, 12901, Note_on_c, 0, 77, 100
2, 12902, Note_on_c, 0, 74, 0
2, 12929, Note_on_c, 0, 77, 0
2, 12929, Note_on_c, 0, 81, 100
2, 12937, Note_on_c, 0, 81, 0
2, 12957, Note_on_c, 0, 69, 0
2, 12957, Note_on_c, 0, 67, 100
2, 12960, Note_on_c, 0, 71, 100
2, 12986, Note_on_c, 0, 65, 0
2, 12990, Note_on_c, 0, 74, 100
2, 12991, Note_on_c, 0, 71, 0
2, 13001, Note_on_c, 0, 74, 0
2, 13015, Note_on_c, 0, 64, 100
2, 13022, Note_on_c, 0, 79, 100
2, 13046, Note_on_c, 0, 62, 100
2, 13047, Note_on_c, 0, 64, 0
2, 13076, Note_on_c, 0, 64, 100
2, 13080, Note_on_c, 0, 62, 0
2, 13081, Note_on_c, 0, 67, 0
2, 13089, Note_on_c, 0, 79, 0
2, 13110, Note_on_c, 0, 76, 100
2, 13138, Note_on_c, 0, 72, 100
2, 13139, Note_on_c, 0, 76, 0
2, 13140, Note_on_c, 0, 67, 100
2, 13162, Note_on_c, 0, 67, 0
2, 13166, Note_on_c, 0, 76, 100
2, 13170, Note_on_c, 0, 72, 0
2, 13196, Note_on_c, 0, 76, 0
2, 13196, Note_on_c, 0, 65, 100
2, 13197, Note_on_c, 0, 69, 100
2, 13203, Note_on_c, 0, 64, 0
2, 13228, Note_on_c, 0, 72, 100
2, 13233, Note_on_c, 0, 69, 0
2, 13241, Note_on_c, 0, 72, 0
2, 13253, Note_on_c, 0, 62, 100
2, 13259, Note_on_c, 0, 77, 100
2, 13281, Note_on_c, 0, 62, 0
2, 13283, Note_on_c, 0, 60, 100
2, 13288, Note_on_c, 0, 76, 100
2, 13289, Note_on_c, 0, 77, 0
2, 13310, Note_on_c, 0, 60, 0
2, 13317, Note_on_c, 0, 62, 100
2, 13321, Note_on_c, 0, 76, 0
2, 13321, Note_on_c, 0, 77, 100
2, 13350, Note_on_c, 0, 77, 0
2, 13351, Note_on_c, 0, 72, 100
2, 13352, Note_on_c, 0, 65, 0
2, 13352, Note_on_c, 0, 62, 0
2, 13374, Note_on_c, 0, 55, 100
2, 13381, Note_on_c, 0, 71, 100
2, 13382, Note_on_c, 0, 72, 0
2, 13396, Note_on_c, 0, 71, 0
2, 13410, Note_on_c, 0, 55, 0
2, 13410, Note_on_c, 0, 77, 100
2, 13423, Note_on_c, 0, 77, 0
2, 13436, Note_on_c, 0, 60, 100
2, 13440, Note_on_c, 0, 76, 100
2, 13462, Note_on_c, 0, 60, 0
2, 13473, Note_on_c, 0, 79, 100
2, 13474, Note_on_c, 0, 76, 0
2, 13497, Note_on_c, 0, 48, 100
2, 13501, Note_on_c, 0, 79, 0
2, 13502, Note_on_c, 0, 76, 100
2, 13525, Note_on_c, 0, 48, 0
2, 13532, Note_on_c, 0, 76, 0
2, 13532, Note_on_c, 0, 72, 100
2, 13560, Note_on_c, 0, 60, 100
2, 13564, Note_on_c, 0, 72, 0
2, 13564, Note_on_c, 0, 69, 100
2, 13585, Note_on_c, 0, 69, 0
2, 13594, Note_on_c, 0, 76, 100
2, 13625, Note_on_c, 0, 72, 100
2, 13626, Note_on_c, 0, 76, 0
2, 13652, Note_on_c, 0, 72, 0
2, 13653, Note_on_c, 0, 69, 100
2, 13683, Note_on_c, 0, 65, 100
2, 13685, Note_on_c, 0, 69, 0
2, 13714, Note_on_c, 0, 69, 100
2, 13720, Note_on_c, 0, 60, 0
2, 13720, Note_on_c, 0, 65, 0
2, 13732, Note_on_c, 0, 69, 0
2, 13741, Note_on_c, 0, 58, 100
2, 13745, Note_on_c, 0, 74, 100
2, 13757, Note_on_c, 0, 58, 0
2, 13772, Note_on_c, 0, 57, 100
2, 13773, Note_on_c, 0, 72, 100
2, 13775, Note_on_c, 0, 74, 0
2, 13790, Note_on_c, 0, 57, 0
2, 13802, Note_on_c, 0, 58, 100
2, 13806, Note_on_c, 0, 74, 100
2, 13809, Note_on_c, 0, 72, 0
2, 13835, Note_on_c, 0, 70, 100
2, 13836, Note_on_c, 0, 74, 0
2, 13863, Note_on_c, 0, 67, 100
2, 13868, Note_on_c, 0, 70, 0
2, 13896, Note_on_c, 0, 67, 0
2, 13897, Note_on_c, 0, 70, 100
2, 13934, Note_on_c, 0, 70, 0
2, 13936, Note_on_c, 0, 64, 100
2, 13956, Note_on_c, 0, 58, 0
2, 13965, Note_on_c, 0, 60, 100
2, 13966, Note_on_c, 0, 64, 0
2, 13991, Note_on_c, 0, 57, 100
2, 13994, Note_on_c, 0, 60, 0
2, 13995, Note_on_c, 0, 64, 100
2, 14019, Note_on_c, 0, 55, 100
2, 14020, Note_on_c, 0, 57, 0
2, 14024, Note_on_c, 0, 64, 0
2, 14025, Note_on_c, 0, 67, 100
2, 14051, Note_on_c, 0, 55, 0
2, 14051, Note_on_c, 0, 57, 100
2, 14055, Note_on_c, 0, 72, 100
2, 14057, Note_on_c, 0, 67, 0
2, 14071, Note_on_c, 0, 72, 0
2, 14082, Note_on_c, 0, 65, 100
2, 14110, Note_on_c, 0, 65, 0
2, 14110, Note_on_c, 0, 69, 100
2, 14112, Note_on_c, 0, 57, 0
2, 14112, Note_on_c, 0, 53, 100
2, 14114, Note_on_c, 0, 77, 100
2, 14142, Note_on_c, 0, 69, 0
2, 14142, Note_on_c, 0, 72, 100
2, 14166, Note_on_c, 0, 53, 0
2, 14166, Note_on_c, 0, 72, 0
2, 14167, Note_on_c, 0, 58, 100
2, 14170, Note_on_c, 0, 77, 0
2, 14172, Note_on_c, 0, 74, 100
2, 14206, Note_on_c, 0, 70, 100
2, 14225, Note_on_c, 0, 70, 0
2, 14227, Note_on_c, 0, 74, 0
2, 14229, Note_on_c, 0, 67, 100
2, 14230, Note_on_c, 0, 82, 100
2, 14259, Note_on_c, 0, 67, 0
2, 14259, Note_on_c, 0, 70, 100
2, 14278, Note_on_c, 0, 70, 0
2, 14288, Note_on_c, 0, 58, 0
2, 14289, Note_on_c, 0, 60, 100
2, 14290, Note_on_c, 0, 64, 100
2, 14318, Note_on_c, 0, 64, 0
2, 14321, Note_on_c, 0, 74, 100
2, 14348, Note_on_c, 0, 82, 0
2, 14349, Note_on_c, 0, 74, 0
2, 14349, Note_on_c, 0, 81, 100
2, 14350, Note_on_c, 0, 72, 100
2, 14379, Note_on_c, 0, 70, 100
2, 14380, Note_on_c, 0, 72, 0
2, 14380, Note_on_c, 0, 79, 100
2, 14381, Note_on_c, 0, 81, 0
2, 14410, Note_on_c, 0, 70, 0
2, 14410, Note_on_c, 0, 79, 0
2, 14410, Note_on_c, 0, 69, 100
2, 14410, Note_on_c, 0, 77, 100
2, 14435, Note_on_c, 0, 60, 0
2, 14438, Note_on_c, 0, 79, 100
2, 14441, Note_on_c, 0, 77, 0
2, 14448, Note_on_c, 0, 69, 0
2, 14465, Note_on_c, 0, 58, 100
2, 14466, Note_on_c, 0, 67, 100
2, 14469, Note_on_c, 0, 79, 0
2, 14469, Note_on_c, 0, 76, 100
2, 14485, Note_on_c, 0, 67, 0
2, 14495, Note_on_c, 0, 65, 100
2, 14495, Note_on_c, 0, 57, 100
2, 14498, Note_on_c, 0, 76, 0
2, 14498, Note_on_c, 0, 77, 100
2, 14500, Note_on_c, 0, 58, 0
2, 14514, Note_on_c, 0, 65, 0
2, 14523, Note_on_c, 0, 57, 0
2, 14527, Note_on_c, 0, 55, 100
2, 14528, Note_on_c, 0, 64, 100
2, 14529, Note_on_c, 0, 77, 0
2, 14529, Note_on_c, 0, 79, 100
2, 14558, Note_on_c, 0, 55, 0
2, 14558, Note_on_c, 0, 77, 100
2, 14560, Note_on_c, 0, 79, 0
2, 14585, Note_on_c, 0, 60, 100
2, 14587, Note_on_c, 0, 76, 100
2, 14589, Note_on_c, 0, 77, 0
2, 14606, Note_on_c, 0, 64, 0
2, 14613, Note_on_c, 0, 76, 0
2, 14615, Note_on_c, 0, 74, 100
2, 14643, Note_on_c, 0, 65, 100
2, 14645, Note_on_c, 0, 72, 100
2, 14646, Note_on_c, 0, 74, 0
2, 14673, Note_on_c, 0, 72, 0
2, 14675, Note_on_c, 0, 74, 100
2, 14703, Note_on_c, 0, 57, 100
2, 14704, Note_on_c, 0, 74, 0
2, 14705, Note_on_c, 0, 75, 100
2, 14706, Note_on_c, 0, 60, 0
2, 14733, Note_on_c, 0, 55, 100
2, 14735, Note_on_c, 0, 57, 0
2, 14761, Note_on_c, 0, 55, 0
2, 14763, Note_on_c, 0, 57, 100
2, 14776, Note_on_c, 0, 65, 0
2, 14791, Note_on_c, 0, 67, 100
2, 14819, Note_on_c, 0, 67, 0
2, 14821, Note_on_c, 0, 75, 0
2, 14822, Note_on_c, 0, 65, 100
2, 14822, Note_on_c, 0, 74, 100
2, 14849, Note_on_c, 0, 63, 100
2, 14850, Note_on_c, 0, 65, 0
2, 14851, Note_on_c, 0, 74, 0
2, 14851, Note_on_c, 0, 72, 100
2, 14879, Note_on_c, 0, 70, 100
2, 14880, Note_on_c, 0, 63, 0
2, 14880, Note_on_c, 0, 72, 0
2, 14881, Note_on_c, 0, 62, 100
2, 14908, Note_on_c, 0, 70, 0
2, 14910, Note_on_c, 0, 72, 100
2, 14917, Note_on_c, 0, 62, 0
2, 14925, Note_on_c, 0, 72, 0
2, 14935, Note_on_c, 0, 55, 100
2, 14936, Note_on_c, 0, 57, 0
2, 14940, Note_on_c, 0, 69, 100
2, 14941, Note_on_c, 0, 63, 100
2, 14970, Note_on_c, 0, 69, 0
2, 14970, Note_on_c, 0, 70, 100
2, 14998, Note_on_c, 0, 70, 0
2, 15000, Note_on_c, 0, 72, 100
2, 15031, Note_on_c, 0, 70, 100
2, 15032, Note_on_c, 0, 63, 0
2, 15033, Note_on_c, 0, 72, 0
2, 15051, Note_on_c, 0, 55, 0
2, 15054, Note_on_c, 0, 53, 100
2, 15057, Note_on_c, 0, 70, 0
2, 15059, Note_on_c, 0, 69, 100
2, 15090, Note_on_c, 0, 67, 100
2, 15091, Note_on_c, 0, 69, 0
2, 15115, Note_on_c, 0, 67, 0
2, 15120, Note_on_c, 0, 62, 100
2, 15121, Note_on_c, 0, 65, 100
2, 15140, Note_on_c, 0, 65, 0
2, 15146, Note_on_c, 0, 53, 0
2, 15148, Note_on_c, 0, 55, 100
2, 15174, Note_on_c, 0, 55, 0
2, 15176, Note_on_c, 0, 52, 100
2, 15178, Note_on_c, 0, 70, 100
2, 15206, Note_on_c, 0, 53, 100
2, 15208, Note_on_c, 0, 52, 0
2, 15214, Note_on_c, 0, 70, 0
2, 15223, Note_on_c, 0, 62, 0
2, 15237, Note_on_c, 0, 53, 0
2, 15237, Note_on_c, 0, 55, 100
2, 15238, Note_on_c, 0, 60, 100
2, 15239, Note_on_c, 0, 64, 100
2, 15266, Note_on_c, 0, 53, 100
2, 15268, Note_on_c, 0, 55, 0
2, 15270, Note_on_c, 0, 64, 0
2, 15296, Note_on_c, 0, 52, 100
2, 15300, Note_on_c, 0, 53, 0
2, 15300, Note_on_c, 0, 67, 100
2, 15326, Note_on_c, 0, 50, 100
2, 15327, Note_on_c, 0, 52, 0
2, 15356, Note_on_c, 0, 48, 100
2, 15362, Note_on_c, 0, 65, 100
2, 15363, Note_on_c, 0, 67, 0
2, 15363, Note_on_c, 0, 50, 0
2, 15364, Note_on_c, 0, 60, 0
2, 15385, Note_on_c, 0, 48, 0
2, 15389, Note_on_c, 0, 62, 100
2, 15401, Note_on_c, 0, 65, 0
2, 15401, Note_on_c, 0, 62, 0
2, 15416, Note_on_c, 0, 53, 100
2, 15421, Note_on_c, 0, 58, 100
2, 15421, Note_on_c, 0, 69, 100
2, 15449, Note_on_c, 0, 60, 100
2, 15450, Note_on_c, 0, 58, 0
2, 15481, Note_on_c, 0, 62, 100
2, 15483, Note_on_c, 0, 60, 0
2, 15509, Note_on_c, 0, 62, 0
2, 15510, Note_on_c, 0, 60, 100
2, 15520, Note_on_c, 0, 53, 0
2, 15530, Note_on_c, 0, 60, 0
2, 15536, Note_on_c, 0, 50, 100
2, 15537, Note_on_c, 0, 58, 100
2, 15540, Note_on_c, 0, 67, 100
2, 15542, Note_on_c, 0, 69, 0
2, 15554, Note_on_c, 0, 58, 0
2, 15567, Note_on_c, 0, 57, 100
2, 15571, Note_on_c, 0, 65, 100
2, 15573, Note_on_c, 0, 67, 0
2, 15577, Note_on_c, 0, 57, 0
2, 15596, Note_on_c, 0, 50, 0
2, 15599, Note_on_c, 0, 65, 0
2, 15599, Note_on_c, 0, 55, 100
2, 15599, Note_on_c, 0, 52, 100
2, 15603, Note_on_c, 0, 64, 100
2, 15621, Note_on_c, 0, 64, 0
2, 15634, Note_on_c, 0, 60, 100
2, 15662, Note_on_c, 0, 60, 0
2, 15662, Note_on_c, 0, 64, 100
2, 15689, Note_on_c, 0, 67, 100
2, 15690, Note_on_c, 0, 64, 0
2, 15715, Note_on_c, 0, 55, 0
2, 15717, Note_on_c, 0, 52, 0
2, 15720, Note_on_c, 0, 67, 0
2, 15722, Note_on_c, 0, 72, 100
2, 15746, Note_on_c, 0, 48, 100
2, 15751, Note_on_c, 0, 65, 100
2, 15752, Note_on_c, 0, 72, 0
2, 15766, Note_on_c, 0, 48, 0
2, 15776, Note_on_c, 0, 52, 100
2, 15782, Note_on_c, 0, 65, 0
2, 15782, Note_on_c, 0, 69, 100
2, 15796, Note_on_c, 0, 52, 0
2, 15805, Note_on_c, 0, 55, 100
2, 15811, Note_on_c, 0, 69, 0
2, 15811, Note_on_c, 0, 72, 100
2, 15821, Note_on_c, 0, 55, 0
2, 15837, Note_on_c, 0, 60, 100
2, 15841, Note_on_c, 0, 75, 100
2, 15842, Note_on_c, 0, 72, 0
2, 15872, Note_on_c, 0, 72, 100
2, 15873, Note_on_c, 0, 75, 0
2, 15899, Note_on_c, 0, 63, 100
2, 15901, Note_on_c, 0, 69, 100
2, 15902, Note_on_c, 0, 72, 0
2, 15928, Note_on_c, 0, 72, 100
2, 15929, Note_on_c, 0, 69, 0
2, 15933, Note_on_c, 0, 60, 0
2, 15934, Note_on_c, 0, 63, 0
2, 15956, Note_on_c, 0, 57, 100
2, 15956, Note_on_c, 0, 60, 100
2, 15961, Note_on_c, 0, 72, 0
2, 15961, Note_on_c, 0, 66, 100
2, 15979, Note_on_c, 0, 60, 0
2, 15980, Note_on_c, 0, 57, 0
2, 15984, Note_on_c, 0, 66, 0
2, 15992, Note_on_c, 0, 75, 100
2, 16005, Note_on_c, 0, 75, 0
2, 16019, Note_on_c, 0, 74, 100
2, 16019, Note_on_c, 0, 57, 100
2, 16019, Note_on_c, 0, 54, 100
2, 16043, Note_on_c, 0, 54, 0
2, 16044, Note_on_c, 0, 57, 0
2, 16046, Note_on_c, 0, 74, 0
2, 16049, Note_on_c, 0, 72, 100
2, 16066, Note_on_c, 0, 72, 0
2, 16078, Note_on_c, 0, 55, 100
2, 16079, Note_on_c, 0, 62, 100
2, 16080, Note_on_c, 0, 71, 100
2, 16104, Note_on_c, 0, 62, 0
2, 16108, Note_on_c, 0, 55, 0
2, 16108, Note_on_c, 0, 67, 100
2, 16109, Note_on_c, 0, 71, 0
2, 16116, Note_on_c, 0, 67, 0
2, 16136, Note_on_c, 0, 62, 100
2, 16138, Note_on_c, 0, 67, 100
2, 16139, Note_on_c, 0, 71, 100
2, 16158, Note_on_c, 0, 71, 0
2, 16169, Note_on_c, 0, 74, 100
2, 16184, Note_on_c, 0, 74, 0
2, 16202, Note_on_c, 0, 62, 0
2, 16202, Note_on_c, 0, 76, 100
2, 16227, Note_on_c, 0, 59, 100
2, 16246, Note_on_c, 0, 59, 0
2, 16257, Note_on_c, 0, 60, 100
2, 16282, Note_on_c, 0, 60, 0
2, 16284, Note_on_c, 0, 64, 100
2, 16313, Note_on_c, 0, 67, 0
2, 16314, Note_on_c, 0, 64, 0
2, 16316, Note_on_c, 0, 69, 100
2, 16340, Note_on_c, 0, 69, 0
2, 16346, Note_on_c, 0, 57, 100
2, 16374, Note_on_c, 0, 57, 0
2, 16374, Note_on_c, 0, 62, 100
2, 16379, Note_on_c, 0, 74, 100
2, 16381, Note_on_c, 0, 76, 0
2, 16401, Note_on_c, 0, 62, 0
2, 16402, Note_on_c, 0, 65, 100
2, 16433, Note_on_c, 0, 65, 0
2, 16433, Note_on_c, 0, 67, 100
2, 16465, Note_on_c, 0, 60, 100
2, 16469, Note_on_c, 0, 67, 0
2, 16494, Note_on_c, 0, 64, 100
2, 16496, Note_on_c, 0, 72, 100
2, 16497, Note_on_c, 0, 60, 0
2, 16498, Note_on_c, 0, 74, 0
2, 16523, Note_on_c, 0, 67, 100
2, 16527, Note_on_c, 0, 64, 0
2, 16534, Note_on_c, 0, 67, 0
2, 16555, Note_on_c, 0, 69, 100
2, 16558, Note_on_c, 0, 72, 0
2, 16587, Note_on_c, 0, 65, 100
2, 16590, Note_on_c, 0, 69, 0
2, 16590, Note_on_c, 0, 69, 100
2, 16618, Note_on_c, 0, 65, 0
2, 16618, Note_on_c, 0, 62, 100
2, 16619, Note_on_c, 0, 71, 100
2, 16622, Note_on_c, 0, 69, 0
2, 16632, Note_on_c, 0, 71, 0
2, 16645, Note_on_c, 0, 62, 0
2, 16645, Note_on_c, 0, 65, 100
2, 16646, Note_on_c, 0, 74, 100
2, 16659, Note_on_c, 0, 74, 0
2, 16674, Note_on_c, 0, 65, 0
2, 16674, Note_on_c, 0, 59, 100
2, 16675, Note_on_c, 0, 77, 100
2, 16703, Note_on_c, 0, 59, 0
2, 16703, Note_on_c, 0, 69, 100
2, 16717, Note_on_c, 0, 77, 0
2, 16731, Note_on_c, 0, 67, 100
2, 16732, Note_on_c, 0, 71, 100
2, 16733, Note_on_c, 0, 69, 0
2, 16759, Note_on_c, 0, 71, 0
2, 16760, Note_on_c, 0, 65, 100
2, 16761, Note_on_c, 0, 67, 0
2, 16785, Note_on_c, 0, 65, 0
2, 16789, Note_on_c, 0, 72, 100
2, 16791, Note_on_c, 0, 64, 100
2, 16823, Note_on_c, 0, 64, 0
2, 16824, Note_on_c, 0, 65, 100
2, 16843, Note_on_c, 0, 65, 0
2, 16851, Note_on_c, 0, 62, 100
2, 16851, Note_on_c, 0, 60, 100
2, 16886, Note_on_c, 0, 62, 0
2, 16888, Note_on_c, 0, 64, 100
2, 16909, Note_on_c, 0, 64, 0
2, 16918, Note_on_c, 0, 65, 100
2, 16922, Note_on_c, 0, 72, 0
2, 16922, Note_on_c, 0, 74, 100
2, 16939, Note_on_c, 0, 65, 0
2, 16952, Note_on_c, 0, 67, 100
2, 16979, Note_on_c, 0, 59, 100
2, 16982, Note_on_c, 0, 60, 0
2, 16983, Note_on_c, 0, 64, 100
2, 16984, Note_on_c, 0, 67, 0
2, 17007, Note_on_c, 0, 57, 100
2, 17008, Note_on_c, 0, 59, 0
2, 17013, Note_on_c, 0, 64, 0
2, 17013, Note_on_c, 0, 65, 100
2, 17038, Note_on_c, 0, 55, 100
2, 17041, Note_on_c, 0, 57, 0
2, 17046, Note_on_c, 0, 65, 0
2, 17046, Note_on_c, 0, 67, 100
2, 17069, Note_on_c, 0, 55, 0
2, 17070, Note_on_c, 0, 57, 100
2, 17075, Note_on_c, 0, 74, 0
2, 17075, Note_on_c, 0, 72, 100
2, 17078, Note_on_c, 0, 67, 0
2, 17100, Note_on_c, 0, 53, 100
2, 17101, Note_on_c, 0, 57, 0
2, 17105, Note_on_c, 0, 69, 100
2, 17106, Note_on_c, 0, 72, 0
2, 17130, Note_on_c, 0, 53, 0
2, 17130, Note_on_c, 0, 55, 100
2, 17133, Note_on_c, 0, 69, 0
2, 17134, Note_on_c, 0, 72, 100
2, 17153, Note_on_c, 0, 72, 0
2, 17163, Note_on_c, 0, 57, 100
2, 17164, Note_on_c, 0, 55, 0
2, 17164, Note_on_c, 0, 65, 100
2, 17190, Note_on_c, 0, 55, 100
2, 17191, Note_on_c, 0, 65, 0
2, 17193, Note_on_c, 0, 76, 100
2, 17194, Note_on_c, 0, 57, 0
2, 17219, Note_on_c, 0, 53, 100
2, 17221, Note_on_c, 0, 74, 100
2, 17222, Note_on_c, 0, 76, 0
2, 17225, Note_on_c, 0, 55, 0
2, 17248, Note_on_c, 0, 52, 100
2, 17249, Note_on_c, 0, 53, 0
2, 17249, Note_on_c, 0, 72, 100
2, 17251, Note_on_c, 0, 74, 0
2, 17261, Note_on_c, 0, 72, 0
2, 17264, Note_on_c, 0, 52, 0
2, 17276, Note_on_c, 0, 50, 100
2, 17281, Note_on_c, 0, 71, 100
2, 17303, Note_on_c, 0, 50, 0
2, 17304, Note_on_c, 0, 52, 100
2, 17312, Note_on_c, 0, 72, 100
2, 17316, Note_on_c, 0, 71, 0
2, 17321, Note_on_c, 0, 52, 0
2, 17328, Note_on_c, 0, 72, 0
2, 17338, Note_on_c, 0, 53, 100
2, 17341, Note_on_c, 0, 69, 100
2, 17370, Note_on_c, 0, 69, 0
2, 17370, Note_on_c, 0, 71, 100
2, 17387, Note_on_c, 0, 71, 0
2, 17402, Note_on_c, 0, 72, 100
2, 17432, Note_on_c, 0, 69, 100
2, 17434, Note_on_c, 0, 72, 0
2, 17457, Note_on_c, 0, 52, 100
2, 17458, Note_on_c, 0, 53, 0
2, 17461, Note_on_c, 0, 69, 0
2, 17463, Note_on_c, 0, 67, 100
2, 17487, Note_on_c, 0, 50, 100
2, 17489, Note_on_c, 0, 52, 0
2, 17492, Note_on_c, 0, 65, 100
2, 17493, Note_on_c, 0, 67, 0
2, 17512, Note_on_c, 0, 65, 0
2, 17520, Note_on_c, 0, 48, 100
2, 17521, Note_on_c, 0, 50, 0
2, 17522, Note_on_c, 0, 64, 100
2, 17549, Note_on_c, 0, 48, 0
2, 17550, Note_on_c, 0, 67, 100
2, 17551, Note_on_c, 0, 64, 0
2, 17579, Note_on_c, 0, 67, 0
2, 17579, Note_on_c, 0, 72, 100
2, 17579, Note_on_c, 0, 52, 100
2, 17581, Note_on_c, 0, 64, 100
2, 17610, Note_on_c, 0, 64, 0
2, 17610, Note_on_c, 0, 60, 100
2, 17636, Note_on_c, 0, 52, 0
2, 17637, Note_on_c, 0, 53, 100
2, 17639, Note_on_c, 0, 60, 0
2, 17640, Note_on_c, 0, 62, 100
2, 17670, Note_on_c, 0, 64, 100
2, 17673, Note_on_c, 0, 62, 0
2, 17678, Note_on_c, 0, 53, 0
2, 17696, Note_on_c, 0, 55, 100
2, 17699, Note_on_c, 0, 64, 0
2, 17699, Note_on_c, 0, 70, 100
2, 17700, Note_on_c, 0, 65, 100
2, 17701, Note_on_c, 0, 72, 0
2, 17729, Note_on_c, 0, 70, 0
2, 17729, Note_on_c, 0, 69, 100
2, 17734, Note_on_c, 0, 65, 0
2, 17742, Note_on_c, 0, 55, 0
2, 17756, Note_on_c, 0, 48, 100
2, 17760, Note_on_c, 0, 64, 100
2, 17764, Note_on_c, 0, 67, 100
2, 17765, Note_on_c, 0, 69, 0
2, 17787, Note_on_c, 0, 60, 100
2, 17791, Note_on_c, 0, 69, 100
2, 17792, Note_on_c, 0, 67, 0
2, 17793, Note_on_c, 0, 48, 0
2, 17795, Note_on_c, 0, 64, 0
2, 17818, Note_on_c, 0, 69, 0
2, 17819, Note_on_c, 0, 60, 0
2, 17819, Note_on_c, 0, 57, 100
2, 17820, Note_on_c, 0, 65, 100
2, 17847, Note_on_c, 0, 60, 100
2, 17848, Note_on_c, 0, 67, 100
2, 17849, Note_on_c, 0, 65, 0
2, 17851, Note_on_c, 0, 57, 0
2, 17863, Note_on_c, 0, 60, 0
2, 17877, Note_on_c, 0, 53, 100
2, 17880, Note_on_c, 0, 69, 100
2, 17881, Note_on_c, 0, 67, 0
2, 17908, Note_on_c, 0, 64, 100
2, 17910, Note_on_c, 0, 53, 0
2, 17910, Note_on_c, 0, 67, 100
2, 17912, Note_on_c, 0, 69, 0
2, 17937, Note_on_c, 0, 62, 100
2, 17939, Note_on_c, 0, 64, 0
2, 17940, Note_on_c, 0, 65, 100
2, 17942, Note_on_c, 0, 67, 0
2, 17967, Note_on_c, 0, 60, 100
2, 17970, Note_on_c, 0, 64, 100
2, 17971, Note_on_c, 0, 62, 0
2, 17973, Note_on_c, 0, 65, 0
2, 17993, Note_on_c, 0, 60, 0
2, 17998, Note_on_c, 0, 59, 100
2, 18000, Note_on_c, 0, 62, 100
2, 18001, Note_on_c, 0, 64, 0
2, 18026, Note_on_c, 0, 60, 100
2, 18029, Note_on_c, 0, 62, 0
2, 18030, Note_on_c, 0, 64, 100
2, 18032, Note_on_c, 0, 59, 0
2, 18043, Note_on_c, 0, 64, 0
2, 18056, Note_on_c, 0, 60, 0
2, 18056, Note_on_c, 0, 57, 100
2, 18062, Note_on_c, 0, 65, 100
2, 18085, Note_on_c, 0, 57, 0
2, 18086, Note_on_c, 0, 59, 100
2, 18113, Note_on_c, 0, 59, 0
2, 18117, Note_on_c, 0, 60, 100
2, 18145, Note_on_c, 0, 60, 0
2, 18146, Note_on_c, 0, 57, 100
2, 18176, Note_on_c, 0, 57, 0
2, 18176, Note_on_c, 0, 55, 100
2, 18177, Note_on_c, 0, 64, 100
2, 18180, Note_on_c, 0, 65, 0
2, 18202, Note_on_c, 0, 55, 0
2, 18204, Note_on_c, 0, 53, 100
2, 18209, Note_on_c, 0, 62, 100
2, 18213, Note_on_c, 0, 64, 0
2, 18219, Note_on_c, 0, 53, 0
2, 18237, Note_on_c, 0, 55, 100
2, 18243, Note_on_c, 0, 64, 100
2, 18245, Note_on_c, 0, 62, 0
2, 18267, Note_on_c, 0, 64, 0
2, 18276, Note_on_c, 0, 60, 100
2, 18302, Note_on_c, 0, 58, 100
2, 18305, Note_on_c, 0, 64, 100
2, 18306, Note_on_c, 0, 60, 0
2, 18332, Note_on_c, 0, 64, 0
2, 18333, Note_on_c, 0, 67, 100
2, 18353, Note_on_c, 0, 58, 0
2, 18358, Note_on_c, 0, 57, 100
2, 18362, Note_on_c, 0, 67, 0
2, 18363, Note_on_c, 0, 72, 100
2, 18365, Note_on_c, 0, 55, 0
2, 18391, Note_on_c, 0, 65, 100
2, 18393, Note_on_c, 0, 72, 0
2, 18420, Note_on_c, 0, 69, 100
2, 18421, Note_on_c, 0, 65, 0
2, 18421, Note_on_c, 0, 60, 100
2, 18449, Note_on_c, 0, 72, 100
2, 18450, Note_on_c, 0, 69, 0
2, 18461, Note_on_c, 0, 60, 0
2, 18478, Note_on_c, 0, 58, 100
2, 18479, Note_on_c, 0, 57, 0
2, 18480, Note_on_c, 0, 74, 100
2, 18481, Note_on_c, 0, 72, 0
2, 18510, Note_on_c, 0, 70, 100
2, 18513, Note_on_c, 0, 74, 0
2, 18514, Note_on_c, 0, 58, 0
2, 18537, Note_on_c, 0, 62, 100
2, 18537, Note_on_c, 0, 58, 100
2, 18542, Note_on_c, 0, 70, 0
2, 18542, Note_on_c, 0, 67, 100
2, 18566, Note_on_c, 0, 57, 100
2, 18569, Note_on_c, 0, 58, 0
2, 18571, Note_on_c, 0, 70, 100
2, 18572, Note_on_c, 0, 67, 0
2, 18579, Note_on_c, 0, 57, 0
2, 18587, Note_on_c, 0, 70, 0
2, 18600, Note_on_c, 0, 62, 0
2, 18600, Note_on_c, 0, 55, 100
2, 18600, Note_on_c, 0, 64, 100
2, 18631, Note_on_c, 0, 74, 100
2, 18664, Note_on_c, 0, 74, 0
2, 18664, Note_on_c, 0, 72, 100
2, 18691, Note_on_c, 0, 72, 0
2, 18691, Note_on_c, 0, 70, 100
2, 18716, Note_on_c, 0, 70, 0
2, 18720, Note_on_c, 0, 69, 100
2, 18725, Note_on_c, 0, 64, 0
2, 18731, Note_on_c, 0, 55, 0
2, 18748, Note_on_c, 0, 57, 100
2, 18767, Note_on_c, 0, 57, 0
2, 18778, Note_on_c, 0, 53, 100
2, 18779, Note_on_c, 0, 60, 100
2, 18780, Note_on_c, 0, 69, 0
2, 18805, Note_on_c, 0, 60, 0
2, 18806, Note_on_c, 0, 53, 0
2, 18806, Note_on_c, 0, 52, 100
2, 18808, Note_on_c, 0, 65, 100
2, 18837, Note_on_c, 0, 52, 0
2, 18838, Note_on_c, 0, 53, 100
2, 18840, Note_on_c, 0, 65, 0
2, 18840, Note_on_c, 0, 69, 100
2, 18840, Note_on_c, 0, 74, 100
2, 18871, Note_on_c, 0, 62, 100
2, 18874, Note_on_c, 0, 69, 0
2, 18880, Note_on_c, 0, 53, 0
2, 18900, Note_on_c, 0, 62, 0
2, 18900, Note_on_c, 0, 57, 100
2, 18901, Note_on_c, 0, 65, 100
2, 18929, Note_on_c, 0, 69, 100
2, 18933, Note_on_c, 0, 65, 0
2, 18951, Note_on_c, 0, 69, 0
2, 18958, Note_on_c, 0, 70, 100
2, 18985, Note_on_c, 0, 70, 0
2, 18989, Note_on_c, 0, 67, 100
2, 19014, Note_on_c, 0, 55, 100
2, 19018, Note_on_c, 0, 57, 0
2, 19019, Note_on_c, 0, 64, 100
2, 19020, Note_on_c, 0, 67, 0
2, 19045, Note_on_c, 0, 53, 100
2, 19047, Note_on_c, 0, 55, 0
2, 19048, Note_on_c, 0, 64, 0
2, 19048, Note_on_c, 0, 67, 100
2, 19073, Note_on_c, 0, 67, 0
2, 19075, Note_on_c, 0, 53, 0
2, 19076, Note_on_c, 0, 60, 100
2, 19076, Note_on_c, 0, 55, 100
2, 19077, Note_on_c, 0, 76, 100
2, 19078, Note_on_c, 0, 74, 0
2, 19099, Note_on_c, 0, 60, 0
2, 19106, Note_on_c, 0, 70, 100
2, 19115, Note_on_c, 0, 55, 0
2, 19135, Note_on_c, 0, 70, 0
2, 19136, Note_on_c, 0, 69, 100
2, 19144, Note_on_c, 0, 58, 100
2, 19167, Note_on_c, 0, 69, 0
2, 19168, Note_on_c, 0, 67, 100
2, 19194, Note_on_c, 0, 76, 0
2, 19194, Note_on_c, 0, 72, 100
2, 19195, Note_on_c, 0, 67, 0
2, 19195, Note_on_c, 0, 77, 100
2, 19222, Note_on_c, 0, 72, 0
2, 19227, Note_on_c, 0, 69, 100
2, 19250, Note_on_c, 0, 58, 0
2, 19252, Note_on_c, 0, 69, 0
2, 19253, Note_on_c, 0, 57, 100
2, 19257, Note_on_c, 0, 65, 100
2, 19278, Note_on_c, 0, 65, 0
2, 19285, Note_on_c, 0, 72, 100
2, 19306, Note_on_c, 0, 72, 0
2, 19315, Note_on_c, 0, 62, 100
2, 19335, Note_on_c, 0, 62, 0
2, 19346, Note_on_c, 0, 72, 100
2, 19366, Note_on_c, 0, 72, 0
2, 19374, Note_on_c, 0, 55, 100
2, 19375, Note_on_c, 0, 57, 0
2, 19376, Note_on_c, 0, 70, 100
2, 19390, Note_on_c, 0, 70, 0
2, 19402, Note_on_c, 0, 53, 100
2, 19404, Note_on_c, 0, 69, 100
2, 19405, Note_on_c, 0, 55, 0
2, 19412, Note_on_c, 0, 69, 0
2, 19426, Note_on_c, 0, 77, 0
2, 19428, Note_on_c, 0, 53, 0
2, 19431, Note_on_c, 0, 67, 100
2, 19432, Note_on_c, 0, 52, 100
2, 19460, Note_on_c, 0, 52, 0
2, 19460, Note_on_c, 0, 53, 100
2, 19489, Note_on_c, 0, 50, 100
2, 19490, Note_on_c, 0, 53, 0
2, 19490, Note_on_c, 0, 79, 100
2, 19519, Note_on_c, 0, 52, 100
2, 19522, Note_on_c, 0, 50, 0
2, 19548, Note_on_c, 0, 67, 0
2, 19549, Note_on_c, 0, 69, 100
2, 19550, Note_on_c, 0, 52, 0
2, 19550, Note_on_c, 0, 53, 100
2, 19577, Note_on_c, 0, 52, 100
2, 19582, Note_on_c, 0, 53, 0
2, 19604, Note_on_c, 0, 79, 0
2, 19608, Note_on_c, 0, 50, 100
2, 19610, Note_on_c, 0, 52, 0
2, 19612, Note_on_c, 0, 77, 100
2, 19612, Note_on_c, 0, 71, 100
2, 19613, Note_on_c, 0, 69, 0
2, 19639, Note_on_c, 0, 48, 100
2, 19643, Note_on_c, 0, 50, 0
2, 19654, Note_on_c, 0, 77, 0
2, 19657, Note_on_c, 0, 71, 0
2, 19666, Note_on_c, 0, 48, 0
2, 19668, Note_on_c, 0, 55, 100
2, 19675, Note_on_c, 0, 76, 100
2, 19675, Note_on_c, 0, 72, 100
2, 19710, Note_on_c, 0, 77, 100
2, 19712, Note_on_c, 0, 76, 0
2, 19721, Note_on_c, 0, 55, 0
2, 19736, Note_on_c, 0, 77, 0
2, 19738, Note_on_c, 0, 53, 100
2, 19738, Note_on_c, 0, 74, 100
2, 19746, Note_on_c, 0, 72, 0
2, 19762, Note_on_c, 0, 53, 0
2, 19765, Note_on_c, 0, 74, 0
2, 19765, Note_on_c, 0, 55, 100
2, 19766, Note_on_c, 0, 76, 100
2, 19777, Note_on_c, 0, 76, 0
2, 19778, Note_on_c, 0, 55, 0
2, 19794, Note_on_c, 0, 57, 100
2, 19798, Note_on_c, 0, 77, 100
2, 19829, Note_on_c, 0, 75, 100
2, 19832, Note_on_c, 0, 77, 0
2, 19860, Note_on_c, 0, 75, 0
2, 19861, Note_on_c, 0, 74, 100
2, 19892, Note_on_c, 0, 74, 0
2, 19892, Note_on_c, 0, 72, 100
2, 19917, Note_on_c, 0, 72, 0
2, 19923, Note_on_c, 0, 74, 100
2, 19953, Note_on_c, 0, 62, 100
2, 19954, Note_on_c, 0, 74, 0
2, 19978, Note_on_c, 0, 57, 0
2, 19980, Note_on_c, 0, 55, 100
2, 19985, Note_on_c, 0, 67, 100
2, 19987, Note_on_c, 0, 62, 0
2, 19998, Note_on_c, 0, 55, 0
2, 20007, Note_on_c, 0, 54, 100
2, 20013, Note_on_c, 0, 70, 100
2, 20015, Note_on_c, 0, 67, 0
2, 20018, Note_on_c, 0, 54, 0
2, 20040, Note_on_c, 0, 55, 100
2, 20042, Note_on_c, 0, 70, 0
2, 20044, Note_on_c, 0, 74, 100
2, 20065, Note_on_c, 0, 74, 0
2, 20074, Note_on_c, 0, 67, 100
2, 20102, Note_on_c, 0, 67, 0
2, 20102, Note_on_c, 0, 70, 100
2, 20132, Note_on_c, 0, 70, 0
2, 20132, Note_on_c, 0, 74, 100
2, 20162, Note_on_c, 0, 75, 100
2, 20164, Note_on_c, 0, 74, 0
2, 20190, Note_on_c, 0, 75, 0
2, 20190, Note_on_c, 0, 72, 100
2, 20195, Note_on_c, 0, 55, 0
2, 20217, Note_on_c, 0, 54, 100
2, 20221, Note_on_c, 0, 69, 100
2, 20222, Note_on_c, 0, 72, 0
2, 20236, Note_on_c, 0, 54, 0
2, 20245, Note_on_c, 0, 55, 100
2, 20249, Note_on_c, 0, 72, 100
2, 20251, Note_on_c, 0, 69, 0
2, 20260, Note_on_c, 0, 55, 0
2, 20271, Note_on_c, 0, 72, 0
2, 20276, Note_on_c, 0, 57, 100
2, 20280, Note_on_c, 0, 66, 100
2, 20293, Note_on_c, 0, 66, 0
2, 20309, Note_on_c, 0, 75, 100
2, 20338, Note_on_c, 0, 75, 0
2, 20340, Note_on_c, 0, 74, 100
2, 20340, Note_on_c, 0, 78, 100
2, 20363, Note_on_c, 0, 57, 0
2, 20363, Note_on_c, 0, 78, 0
2, 20369, Note_on_c, 0, 74, 0
2, 20369, Note_on_c, 0, 72, 100
2, 20395, Note_on_c, 0, 50, 100
2, 20399, Note_on_c, 0, 72, 0
2, 20399, Note_on_c, 0, 79, 100
2, 20400, Note_on_c, 0, 70, 100
2, 20425, Note_on_c, 0, 70, 0
2, 20426, Note_on_c, 0, 79, 0
2, 20428, Note_on_c, 0, 81, 100
2, 20457, Note_on_c, 0, 62, 100
2, 20459, Note_on_c, 0, 81, 0
2, 20459, Note_on_c, 0, 82, 100
2, 20486, Note_on_c, 0, 82, 0
2, 20487, Note_on_c, 0, 81, 100
2, 20499, Note_on_c, 0, 62, 0
2, 20503, Note_on_c, 0, 50, 0
2, 20515, Note_on_c, 0, 64, 100
2, 20518, Note_on_c, 0, 81, 0
2, 20518, Note_on_c, 0, 79, 100
2, 20549, Note_on_c, 0, 79, 0
2, 20549, Note_on_c, 0, 77, 100
2, 20550, Note_on_c, 0, 64, 0
2, 20575, Note_on_c, 0, 77, 0
2, 20576, Note_on_c, 0, 76, 100
2, 20577, Note_on_c, 0, 58, 100
2, 20577, Note_on_c, 0, 67, 100
2, 20606, Note_on_c, 0, 74, 100
2, 20607, Note_on_c, 0, 76, 0
2, 20621, Note_on_c, 0, 67, 0
2, 20626, Note_on_c, 0, 74, 0
2, 20637, Note_on_c, 0, 57, 100
2, 20638, Note_on_c, 0, 69, 100
2, 20638, Note_on_c, 0, 73, 100
2, 20639, Note_on_c, 0, 58, 0
2, 20661, Note_on_c, 0, 69, 0
2, 20667, Note_on_c, 0, 67, 100
2, 20681, Note_on_c, 0, 67, 0
2, 20689, Note_on_c, 0, 73, 0
2, 20697, Note_on_c, 0, 74, 100
2, 20699, Note_on_c, 0, 65, 100
2, 20723, Note_on_c, 0, 65, 0
2, 20724, Note_on_c, 0, 64, 100
2, 20732, Note_on_c, 0, 74, 0
2, 20732, Note_on_c, 0, 64, 0
2, 20754, Note_on_c, 0, 76, 100
2, 20757, Note_on_c, 0, 61, 100
2, 20762, Note_on_c, 0, 57, 0
2, 20783, Note_on_c, 0, 58, 100
2, 20813, Note_on_c, 0, 57, 100
2, 20814, Note_on_c, 0, 58, 0
2, 20836, Note_on_c, 0, 57, 0
2, 20840, Note_on_c, 0, 55, 100
2, 20850, Note_on_c, 0, 55, 0
2, 20871, Note_on_c, 0, 53, 100
2, 20875, Note_on_c, 0, 76, 0
2, 20895, Note_on_c, 0, 61, 0
2, 20910, Note_on_c, 0, 69, 100
2, 20939, Note_on_c, 0, 74, 100
2, 20940, Note_on_c, 0, 57, 100
2, 20944, Note_on_c, 0, 69, 0
2, 20968, Note_on_c, 0, 74, 0
2, 20968, Note_on_c, 0, 77, 100
2, 20973, Note_on_c, 0, 57, 0
2, 20998, Note_on_c, 0, 77, 0
2, 20998, Note_on_c, 0, 62, 100
2, 20998, Note_on_c, 0, 81, 100
2, 21004, Note_on_c, 0, 53, 0
2, 21024, Note_on_c, 0, 81, 0
2, 21029, Note_on_c, 0, 74, 100
2, 21053, Note_on_c, 0, 53, 100
2, 21059, Note_on_c, 0, 74, 0
2, 21059, Note_on_c, 0, 77, 100
2, 21075, Note_on_c, 0, 53, 0
2, 21088, Note_on_c, 0, 81, 100
2, 21090, Note_on_c, 0, 77, 0
2, 21114, Note_on_c, 0, 52, 100
2, 21118, Note_on_c, 0, 82, 100
2, 21120, Note_on_c, 0, 81, 0
2, 21138, Note_on_c, 0, 62, 0
2, 21149, Note_on_c, 0, 79, 100
2, 21150, Note_on_c, 0, 82, 0
2, 21171, Note_on_c, 0, 61, 100
2, 21180, Note_on_c, 0, 76, 100
2, 21181, Note_on_c, 0, 79, 0
2, 21186, Note_on_c, 0, 61, 0
2, 21205, Note_on_c, 0, 62, 100
2, 21208, Note_on_c, 0, 79, 100
2, 21211, Note_on_c, 0, 76, 0
2, 21222, Note_on_c, 0, 62, 0
2, 21238, Note_on_c, 0, 64, 100
2, 21239, Note_on_c, 0, 73, 100
2, 21240, Note_on_c, 0, 79, 0
2, 21265, Note_on_c, 0, 64, 0
2, 21267, Note_on_c, 0, 52, 0
2, 21271, Note_on_c, 0, 82, 100
2, 21272, Note_on_c, 0, 73, 0
2, 21292, Note_on_c, 0, 82, 0
2, 21296, Note_on_c, 0, 57, 100
2, 21297, Note_on_c, 0, 61, 100
2, 21300, Note_on_c, 0, 81, 100
2, 21328, Note_on_c, 0, 79, 100
2, 21329, Note_on_c, 0, 61, 0
2, 21330, Note_on_c, 0, 81, 0
2, 21331, Note_on_c, 0, 57, 0
2, 21335, Note_on_c, 0, 79, 0
2, 21357, Note_on_c, 0, 50, 100
2, 21357, Note_on_c, 0, 62, 100
2, 21360, Note_on_c, 0, 77, 100
2, 21374, Note_on_c, 0, 62, 0
2, 21383, Note_on_c, 0, 50, 0
2, 21388, Note_on_c, 0, 74, 100
2, 21391, Note_on_c, 0, 77, 0
2, 21417, Note_on_c, 0, 62, 100
2, 21418, Note_on_c, 0, 71, 100
2, 21418, Note_on_c, 0, 65, 100
2, 21419, Note_on_c, 0, 74, 0
2, 21449, Note_on_c, 0, 74, 100
2, 21453, Note_on_c, 0, 71, 0
2, 21461, Note_on_c, 0, 65, 0
2, 21461, Note_on_c, 0, 74, 0
2, 21462, Note_on_c, 0, 62, 0
2, 21476, Note_on_c, 0, 59, 100
2, 21476, Note_on_c, 0, 62, 100
2, 21479, Note_on_c, 0, 68, 100
2, 21501, Note_on_c, 0, 62, 0
2, 21502, Note_on_c, 0, 59, 0
2, 21506, Note_on_c, 0, 68, 0
2, 21509, Note_on_c, 0, 77, 100
2, 21527, Note_on_c, 0, 77, 0
2, 21535, Note_on_c, 0, 59, 100
2, 21536, Note_on_c, 0, 56, 100
2, 21540, Note_on_c, 0, 76, 100
2, 21562, Note_on_c, 0, 56, 0
2, 21563, Note_on_c, 0, 59, 0
2, 21568, Note_on_c, 0, 74, 100
2, 21570, Note_on_c, 0, 76, 0
2, 21576, Note_on_c, 0, 74, 0
2, 21597, Note_on_c, 0, 57, 100
2, 21600, Note_on_c, 0, 73, 100
2, 21632, Note_on_c, 0, 69, 100
2, 21637, Note_on_c, 0, 57, 0
2, 21650, Note_on_c, 0, 69, 0
2, 21661, Note_on_c, 0, 45, 100
2, 21663, Note_on_c, 0, 64, 100
2, 21687, Note_on_c, 0, 64, 0
2, 21691, Note_on_c, 0, 67, 100
2, 21695, Note_on_c, 0, 73, 0
2, 21701, Note_on_c, 0, 45, 0
2, 21703, Note_on_c, 0, 67, 0
2, 21721, Note_on_c, 0, 66, 100
2, 21753, Note_on_c, 0, 75, 100
2, 21756, Note_on_c, 0, 66, 0
2, 21780, Note_on_c, 0, 50, 100
2, 21781, Note_on_c, 0, 75, 0
2, 21783, Note_on_c, 0, 74, 100
2, 21805, Note_on_c, 0, 50, 0
2, 21809, Note_on_c, 0, 74, 0
2, 21812, Note_on_c, 0, 72, 100
2, 21824, Note_on_c, 0, 72, 0
2, 21840, Note_on_c, 0, 55, 100
2, 21843, Note_on_c, 0, 71, 100
2, 21871, Note_on_c, 0, 55, 0
2, 21871, Note_on_c, 0, 67, 100
2, 21900, Note_on_c, 0, 43, 100
2, 21900, Note_on_c, 0, 62, 100
2, 21902, Note_on_c, 0, 67, 0
2, 21917, Note_on_c, 0, 62, 0
2, 21930, Note_on_c, 0, 65, 100
2, 21942, Note_on_c, 0, 43, 0
2, 21942, Note_on_c, 0, 65, 0
2, 21950, Note_on_c, 0, 71, 0
2, 21963, Note_on_c, 0, 64, 100
2, 21991, Note_on_c, 0, 74, 100
2, 22019, Note_on_c, 0, 48, 100
2, 22022, Note_on_c, 0, 74, 0
2, 22022, Note_on_c, 0, 72, 100
2, 22034, Note_on_c, 0, 48, 0
2, 22047, Note_on_c, 0, 72, 0
2, 22054, Note_on_c, 0, 70, 100
2, 22063, Note_on_c, 0, 70, 0
2, 22082, Note_on_c, 0, 69, 100
2, 22083, Note_on_c, 0, 53, 100
2, 22088, Note_on_c, 0, 64, 0
2, 22114, Note_on_c, 0, 69, 0
2, 22116, Note_on_c, 0, 57, 100
2, 22135, Note_on_c, 0, 57, 0
2, 22148, Note_on_c, 0, 62, 100
2, 22175, Note_on_c, 0, 62, 0
2, 22183, Note_on_c, 0, 65, 100
2, 22199, Note_on_c, 0, 65, 0
2, 22213, Note_on_c, 0, 69, 100
2, 22241, Note_on_c, 0, 69, 0
2, 22241, Note_on_c, 0, 62, 100
2, 22269, Note_on_c, 0, 62, 0
2, 22269, Note_on_c, 0, 65, 100
2, 22270, Note_on_c, 0, 53, 0
2, 22294, Note_on_c, 0, 69, 100
2, 22295, Note_on_c, 0, 65, 0
2, 22307, Note_on_c, 0, 69, 0
2, 22320, Note_on_c, 0, 54, 100
2, 22324, Note_on_c, 0, 72, 100
2, 22325, Note_on_c, 0, 75, 100
2, 22353, Note_on_c, 0, 69, 100
2, 22357, Note_on_c, 0, 72, 0
2, 22381, Note_on_c, 0, 66, 100
2, 22382, Note_on_c, 0, 69, 0
2, 22407, Note_on_c, 0, 66, 0
2, 22407, Note_on_c, 0, 69, 100
2, 22436, Note_on_c, 0, 54, 0
2, 22437, Note_on_c, 0, 69, 0
2, 22438, Note_on_c, 0, 75, 0
2, 22438, Note_on_c, 0, 63, 100
2, 22467, Note_on_c, 0, 63, 0
2, 22469, Note_on_c, 0, 72, 100
2, 22497, Note_on_c, 0, 71, 100
2, 22498, Note_on_c, 0, 72, 0
2, 22524, Note_on_c, 0, 69, 100
2, 22525, Note_on_c, 0, 71, 0
2, 22541, Note_on_c, 0, 69, 0
2, 22554, Note_on_c, 0, 68, 100
2, 22555, Note_on_c, 0, 76, 100
2, 22581, Note_on_c, 0, 52, 100
2, 22588, Note_on_c, 0, 76, 0
2, 22604, Note_on_c, 0, 68, 0
2, 22613, Note_on_c, 0, 56, 100
2, 22615, Note_on_c, 0, 52, 0
2, 22619, Note_on_c, 0, 74, 100
2, 22620, Note_on_c, 0, 71, 100
2, 22641, Note_on_c, 0, 56, 0
2, 22641, Note_on_c, 0, 59, 100
2, 22643, Note_on_c, 0, 74, 0
2, 22675, Note_on_c, 0, 59, 0
2, 22676, Note_on_c, 0, 72, 100
2, 22676, Note_on_c, 0, 64, 100
2, 22697, Note_on_c, 0, 64, 0
2, 22705, Note_on_c, 0, 57, 100
2, 22709, Note_on_c, 0, 71, 0
2, 22736, Note_on_c, 0, 69, 100
2, 22737, Note_on_c, 0, 60, 100
2, 22739, Note_on_c, 0, 57, 0
2, 22765, Note_on_c, 0, 64, 100
2, 22766, Note_on_c, 0, 60, 0
2, 22794, Note_on_c, 0, 72, 0
2, 22794, Note_on_c, 0, 64, 0
2, 22795, Note_on_c, 0, 65, 100
2, 22796, Note_on_c, 0, 71, 100
2, 22824, Note_on_c, 0, 62, 100
2, 22826, Note_on_c, 0, 65, 0
2, 22829, Note_on_c, 0, 72, 100
2, 22830, Note_on_c, 0, 71, 0
2, 22855, Note_on_c, 0, 59, 100
2, 22856, Note_on_c, 0, 62, 0
2, 22857, Note_on_c, 0, 74, 100
2, 22858, Note_on_c, 0, 72, 0
2, 22858, Note_on_c, 0, 68, 100
2, 22860, Note_on_c, 0, 69, 0
2, 22883, Note_on_c, 0, 59, 0
2, 22883, Note_on_c, 0, 62, 100
2, 22885, Note_on_c, 0, 69, 100
2, 22886, Note_on_c, 0, 68, 0
2, 22898, Note_on_c, 0, 69, 0
2, 22900, Note_on_c, 0, 62, 0
2, 22912, Note_on_c, 0, 56, 100
2, 22916, Note_on_c, 0, 71, 100
2, 22942, Note_on_c, 0, 56, 0
2, 22942, Note_on_c, 0, 65, 100
2, 22969, Note_on_c, 0, 64, 100
2, 22972, Note_on_c, 0, 65, 0
2, 22999, Note_on_c, 0, 62, 100
2, 23002, Note_on_c, 0, 64, 0
2, 23020, Note_on_c, 0, 62, 0
2, 23030, Note_on_c, 0, 60, 100
2, 23062, Note_on_c, 0, 57, 100
2, 23064, Note_on_c, 0, 60, 0
2, 23092, Note_on_c, 0, 57, 0
2, 23092, Note_on_c, 0, 60, 100
2, 23098, Note_on_c, 0, 72, 100
2, 23099, Note_on_c, 0, 69, 100
2, 23100, Note_on_c, 0, 71, 0
2, 23101, Note_on_c, 0, 74, 0
2, 23122, Note_on_c, 0, 60, 0
2, 23123, Note_on_c, 0, 64, 100
2, 23153, Note_on_c, 0, 54, 100
2, 23154, Note_on_c, 0, 64, 0
2, 23161, Note_on_c, 0, 72, 0
2, 23163, Note_on_c, 0, 69, 0
2, 23184, Note_on_c, 0, 63, 100
2, 23185, Note_on_c, 0, 54, 0
2, 23214, Note_on_c, 0, 63, 0
2, 23214, Note_on_c, 0, 62, 100
2, 23215, Note_on_c, 0, 69, 100
2, 23215, Note_on_c, 0, 72, 100
2, 23231, Note_on_c, 0, 72, 0
2, 23232, Note_on_c, 0, 69, 0
2, 23242, Note_on_c, 0, 60, 100
2, 23245, Note_on_c, 0, 62, 0
2, 23268, Note_on_c, 0, 60, 0
2, 23272, Note_on_c, 0, 58, 100
2, 23274, Note_on_c, 0, 69, 100
2, 23274, Note_on_c, 0, 72, 100
2, 23304, Note_on_c, 0, 55, 100
2, 23305, Note_on_c, 0, 58, 0
2, 23333, Note_on_c, 0, 72, 0
2, 23333, Note_on_c, 0, 58, 100
2, 23334, Note_on_c, 0, 70, 100
2, 23335, Note_on_c, 0, 69, 0
2, 23335, Note_on_c, 0, 55, 0
2, 23335, Note_on_c, 0, 67, 100
2, 23364, Note_on_c, 0, 58, 0
2, 23364, Note_on_c, 0, 62, 100
2, 23366, Note_on_c, 0, 70, 0
2, 23388, Note_on_c, 0, 67, 0
2, 23392, Note_on_c, 0, 62, 0
2, 23393, Note_on_c, 0, 52, 100
2, 23426, Note_on_c, 0, 62, 100
2, 23427, Note_on_c, 0, 52, 0
2, 23451, Note_on_c, 0, 70, 100
2, 23452, Note_on_c, 0, 79, 100
2, 23455, Note_on_c, 0, 62, 0
2, 23455, Note_on_c, 0, 60, 100
2, 23467, Note_on_c, 0, 79, 0
2, 23468, Note_on_c, 0, 70, 0
2, 23480, Note_on_c, 0, 58, 100
2, 23486, Note_on_c, 0, 60, 0
2, 23498, Note_on_c, 0, 58, 0
2, 23509, Note_on_c, 0, 57, 100
2, 23514, Note_on_c, 0, 79, 100
2, 23515, Note_on_c, 0, 70, 100
2, 23544, Note_on_c, 0, 57, 0
2, 23544, Note_on_c, 0, 53, 100
2, 23574, Note_on_c, 0, 57, 100
2, 23576, Note_on_c, 0, 53, 0
2, 23578, Note_on_c, 0, 79, 0
2, 23578, Note_on_c, 0, 77, 100
2, 23579, Note_on_c, 0, 70, 0
2, 23579, Note_on_c, 0, 69, 100
2, 23604, Note_on_c, 0, 57, 0
2, 23604, Note_on_c, 0, 60, 100
2, 23634, Note_on_c, 0, 60, 0
2, 23635, Note_on_c, 0, 69, 0
2, 23635, Note_on_c, 0, 50, 100
2, 23639, Note_on_c, 0, 77, 0
2, 23665, Note_on_c, 0, 50, 0
2, 23665, Note_on_c, 0, 60, 100
2, 23695, Note_on_c, 0, 58, 100
2, 23697, Note_on_c, 0, 60, 0
2, 23699, Note_on_c, 0, 74, 100
2, 23699, Note_on_c, 0, 77, 100
2, 23715, Note_on_c, 0, 74, 0
2, 23716, Note_on_c, 0, 77, 0
2, 23723, Note_on_c, 0, 57, 100
2, 23727, Note_on_c, 0, 58, 0
2, 23743, Note_on_c, 0, 57, 0
2, 23755, Note_on_c, 0, 55, 100
2, 23762, Note_on_c, 0, 77, 100
2, 23762, Note_on_c, 0, 74, 100
2, 23791, Note_on_c, 0, 52, 100
2, 23795, Note_on_c, 0, 55, 0
2, 23820, Note_on_c, 0, 52, 0
2, 23820, Note_on_c, 0, 55, 100
2, 23822, Note_on_c, 0, 77, 0
2, 23822, Note_on_c, 0, 73, 100
2, 23823, Note_on_c, 0, 76, 100
2, 23826, Note_on_c, 0, 74, 0
2, 23847, Note_on_c, 0, 55, 0
2, 23847, Note_on_c, 0, 58, 100
2, 23876, Note_on_c, 0, 58, 0
2, 23877, Note_on_c, 0, 49, 100
2, 23883, Note_on_c, 0, 73, 0
2, 23884, Note_on_c, 0, 76, 0
2, 23908, Note_on_c, 0, 58, 100
2, 23910, Note_on_c, 0, 49, 0
2, 23936, Note_on_c, 0, 57, 100
2, 23937, Note_on_c, 0, 58, 0
2, 23937, Note_on_c, 0, 67, 100
2, 23938, Note_on_c, 0, 64, 100
2, 23954, Note_on_c, 0, 64, 0
2, 23955, Note_on_c, 0, 67, 0
2, 23964, Note_on_c, 0, 55, 100
2, 23969, Note_on_c, 0, 57, 0
2, 23983, Note_on_c, 0, 55, 0
2, 23994, Note_on_c, 0, 53, 100
2, 24000, Note_on_c, 0, 67, 100
2, 24000, Note_on_c, 0, 64, 100
2, 24026, Note_on_c, 0, 50, 100
2, 24027, Note_on_c, 0, 53, 0
2, 24056, Note_on_c, 0, 53, 100
2, 24059, Note_on_c, 0, 50, 0
2, 24065, Note_on_c, 0, 67, 0
2, 24065, Note_on_c, 0, 65, 100
2, 24065, Note_on_c, 0, 62, 100
2, 24068, Note_on_c, 0, 64, 0
2, 24085, Note_on_c, 0, 53, 0
2, 24086, Note_on_c, 0, 57, 100
2, 24119, Note_on_c, 0, 47, 100
2, 24120, Note_on_c, 0, 57, 0
2, 24125, Note_on_c, 0, 65, 0
2, 24126, Note_on_c, 0, 62, 0
2, 24150, Note_on_c, 0, 47, 0
2, 24150, Note_on_c, 0, 57, 100
2, 24175, Note_on_c, 0, 74, 100
2, 24175, Note_on_c, 0, 71, 100
2, 24179, Note_on_c, 0, 56, 100
2, 24183, Note_on_c, 0, 57, 0
2, 24189, Note_on_c, 0, 74, 0
2, 24190, Note_on_c, 0, 71, 0
2, 24205, Note_on_c, 0, 54, 100
2, 24211, Note_on_c, 0, 56, 0
2, 24224, Note_on_c, 0, 54, 0
2, 24233, Note_on_c, 0, 52, 100
2, 24234, Note_on_c, 0, 74, 100
2, 24235, Note_on_c, 0, 71, 100
2, 24262, Note_on_c, 0, 48, 100
2, 24263, Note_on_c, 0, 52, 0
2, 24288, Note_on_c, 0, 52, 100
2, 24290, Note_on_c, 0, 48, 0
2, 24294, Note_on_c, 0, 74, 0
2, 24297, Note_on_c, 0, 72, 100
2, 24320, Note_on_c, 0, 71, 0
2, 24322, Note_on_c, 0, 56, 100
2, 24326, Note_on_c, 0, 52, 0
2, 24341, Note_on_c, 0, 56, 0
2, 24354, Note_on_c, 0, 69, 100
2, 24356, Note_on_c, 0, 60, 100
2, 24381, Note_on_c, 0, 57, 100
2, 24384, Note_on_c, 0, 60, 0
2, 24409, Note_on_c, 0, 57, 0
2, 24410, Note_on_c, 0, 60, 100
2, 24413, Note_on_c, 0, 67, 100
2, 24414, Note_on_c, 0, 69, 0
2, 24438, Note_on_c, 0, 63, 100
2, 24439, Note_on_c, 0, 60, 0
2, 24461, Note_on_c, 0, 63, 0
2, 24467, Note_on_c, 0, 54, 100
2, 24474, Note_on_c, 0, 67, 0
2, 24475, Note_on_c, 0, 69, 100
2, 24497, Note_on_c, 0, 50, 100
2, 24498, Note_on_c, 0, 54, 0
2, 24530, Note_on_c, 0, 54, 100
2, 24532, Note_on_c, 0, 72, 0
2, 24534, Note_on_c, 0, 50, 0
2, 24534, Note_on_c, 0, 74, 100
2, 24558, Note_on_c, 0, 54, 0
2, 24558, Note_on_c, 0, 57, 100
2, 24564, Note_on_c, 0, 72, 100
2, 24568, Note_on_c, 0, 74, 0
2, 24590, Note_on_c, 0, 62, 100
2, 24591, Note_on_c, 0, 57, 0
2, 24598, Note_on_c, 0, 70, 100
2, 24601, Note_on_c, 0, 72, 0
2, 24621, Note_on_c, 0, 58, 100
2, 24623, Note_on_c, 0, 62, 0
2, 24652, Note_on_c, 0, 55, 100
2, 24654, Note_on_c, 0, 58, 0
2, 24660, Note_on_c, 0, 67, 100
2, 24663, Note_on_c, 0, 69, 0
2, 24681, Note_on_c, 0, 55, 0
2, 24681, Note_on_c, 0, 58, 100
2, 24691, Note_on_c, 0, 65, 100
2, 24692, Note_on_c, 0, 67, 0
2, 24703, Note_on_c, 0, 58, 0
2, 24717, Note_on_c, 0, 52, 100
2, 24721, Note_on_c, 0, 65, 0
2, 24721, Note_on_c, 0, 67, 100
2, 24748, Note_on_c, 0, 48, 100
2, 24749, Note_on_c, 0, 52, 0
2, 24774, Note_on_c, 0, 52, 100
2, 24776, Note_on_c, 0, 48, 0
2, 24785, Note_on_c, 0, 70, 0
2, 24786, Note_on_c, 0, 72, 100
2, 24803, Note_on_c, 0, 52, 0
2, 24803, Note_on_c, 0, 55, 100
2, 24817, Note_on_c, 0, 72, 0
2, 24817, Note_on_c, 0, 70, 100
2, 24842, Note_on_c, 0, 55, 0
2, 24842, Note_on_c, 0, 60, 100
2, 24846, Note_on_c, 0, 70, 0
2, 24848, Note_on_c, 0, 69, 100
2, 24873, Note_on_c, 0, 57, 100
2, 24875, Note_on_c, 0, 65, 100
2, 24876, Note_on_c, 0, 60, 0
2, 24877, Note_on_c, 0, 67, 0
2, 24889, Note_on_c, 0, 69, 0
2, 24905, Note_on_c, 0, 53, 100
2, 24906, Note_on_c, 0, 74, 100
2, 24907, Note_on_c, 0, 57, 0
2, 24910, Note_on_c, 0, 65, 0
2, 24931, Note_on_c, 0, 53, 0
2, 24931, Note_on_c, 0, 57, 100
2, 24935, Note_on_c, 0, 65, 100
2, 24947, Note_on_c, 0, 65, 0
2, 24960, Note_on_c, 0, 57, 0
2, 24962, Note_on_c, 0, 55, 100
2, 24968, Note_on_c, 0, 64, 100
2, 24999, Note_on_c, 0, 64, 0
2, 24999, Note_on_c, 0, 65, 100
2, 25027, Note_on_c, 0, 53, 100
2, 25028, Note_on_c, 0, 55, 0
2, 25028, Note_on_c, 0, 62, 100
2, 25030, Note_on_c, 0, 65, 0
2, 25056, Note_on_c, 0, 55, 100
2, 25057, Note_on_c, 0, 64, 100
2, 25058, Note_on_c, 0, 53, 0
2, 25059, Note_on_c, 0, 62, 0
2, 25082, Note_on_c, 0, 55, 0
2, 25083, Note_on_c, 0, 57, 100
2, 25086, Note_on_c, 0, 72, 100
2, 25087, Note_on_c, 0, 74, 0
2, 25087, Note_on_c, 0, 65, 100
2, 25089, Note_on_c, 0, 64, 0
2, 25117, Note_on_c, 0, 64, 100
2, 25118, Note_on_c, 0, 65, 0
2, 25144, Note_on_c, 0, 62, 100
2, 25146, Note_on_c, 0, 62, 100
2, 25147, Note_on_c, 0, 64, 0
2, 25171, Note_on_c, 0, 62, 0
2, 25171, Note_on_c, 0, 60, 100
2, 25177, Note_on_c, 0, 60, 100
2, 25181, Note_on_c, 0, 62, 0
2, 25197, Note_on_c, 0, 60, 0
2, 25199, Note_on_c, 0, 60, 0
2, 25201, Note_on_c, 0, 59, 100
2, 25222, Note_on_c, 0, 57, 0
2, 25235, Note_on_c, 0, 77, 100
2, 25236, Note_on_c, 0, 72, 0
2, 25256, Note_on_c, 0, 55, 100
2, 25264, Note_on_c, 0, 77, 0
2, 25264, Note_on_c, 0, 76, 100
2, 25293, Note_on_c, 0, 77, 100
2, 25294, Note_on_c, 0, 76, 0
2, 25320, Note_on_c, 0, 53, 100
2, 25321, Note_on_c, 0, 55, 0
2, 25321, Note_on_c, 0, 79, 100
2, 25323, Note_on_c, 0, 77, 0
2, 25324, Note_on_c, 0, 59, 0
2, 25351, Note_on_c, 0, 77, 100
2, 25353, Note_on_c, 0, 79, 0
2, 25379, Note_on_c, 0, 59, 100
2, 25382, Note_on_c, 0, 76, 100
2, 25384, Note_on_c, 0, 77, 0
2, 25409, Note_on_c, 0, 59, 0
2, 25410, Note_on_c, 0, 76, 0
2, 25410, Note_on_c, 0, 74, 100
2, 25435, Note_on_c, 0, 53, 0
2, 25436, Note_on_c, 0, 74, 0
2, 25436, Note_on_c, 0, 60, 100
2, 25437, Note_on_c, 0, 55, 100
2, 25439, Note_on_c, 0, 76, 100
2, 25464, Note_on_c, 0, 67, 100
2, 25473, Note_on_c, 0, 76, 0
2, 25494, Note_on_c, 0, 74, 100
2, 25495, Note_on_c, 0, 65, 100
2, 25497, Note_on_c, 0, 67, 0
2, 25523, Note_on_c, 0, 65, 0
2, 25524, Note_on_c, 0, 67, 100
2, 25538, Note_on_c, 0, 74, 0
2, 25551, Note_on_c, 0, 72, 100
2, 25553, Note_on_c, 0, 69, 100
2, 25554, Note_on_c, 0, 60, 0
2, 25555, Note_on_c, 0, 55, 0
2, 25555, Note_on_c, 0, 67, 0
2, 25584, Note_on_c, 0, 67, 100
2, 25586, Note_on_c, 0, 69, 0
2, 25615, Note_on_c, 0, 65, 100
2, 25616, Note_on_c, 0, 67, 0
2, 25642, Note_on_c, 0, 65, 0
2, 25642, Note_on_c, 0, 64, 100
2, 25658, Note_on_c, 0, 64, 0
2, 25673, Note_on_c, 0, 62, 100
2, 25702, Note_on_c, 0, 53, 100
2, 25732, Note_on_c, 0, 52, 100
2, 25737, Note_on_c, 0, 53, 0
2, 25752, Note_on_c, 0, 52, 0
2, 25761, Note_on_c, 0, 53, 100
2, 25778, Note_on_c, 0, 53, 0
2, 25791, Note_on_c, 0, 71, 100
2, 25792, Note_on_c, 0, 55, 100
2, 25793, Note_on_c, 0, 72, 0
2, 25795, Note_on_c, 0, 62, 0
2, 25820, Note_on_c, 0, 53, 100
2, 25822, Note_on_c, 0, 69, 100
2, 25824, Note_on_c, 0, 55, 0
2, 25841, Note_on_c, 0, 69, 0
2, 25850, Note_on_c, 0, 52, 100
2, 25853, Note_on_c, 0, 67, 100
2, 25854, Note_on_c, 0, 53, 0
2, 25875, Note_on_c, 0, 67, 0
2, 25880, Note_on_c, 0, 65, 100
2, 25880, Note_on_c, 0, 50, 100
2, 25881, Note_on_c, 0, 52, 0
2, 25892, Note_on_c, 0, 65, 0
2, 25909, Note_on_c, 0, 71, 0
2, 25909, Note_on_c, 0, 50, 0
2, 25909, Note_on_c, 0, 57, 100
2, 25913, Note_on_c, 0, 64, 100
2, 25913, Note_on_c, 0, 72, 100
2, 25940, Note_on_c, 0, 48, 100
2, 25943, Note_on_c, 0, 57, 0
2, 25944, Note_on_c, 0, 64, 0
2, 25972, Note_on_c, 0, 52, 100
2, 25974, Note_on_c, 0, 48, 0
2, 25975, Note_on_c, 0, 67, 100
2, 25976, Note_on_c, 0, 70, 100
2, 25979, Note_on_c, 0, 72, 0
2, 25999, Note_on_c, 0, 55, 100
2, 26000, Note_on_c, 0, 52, 0
2, 26029, Note_on_c, 0, 55, 0
2, 26030, Note_on_c, 0, 60, 100
2, 26038, Note_on_c, 0, 70, 0
2, 26039, Note_on_c, 0, 65, 100
2, 26039, Note_on_c, 0, 69, 100
2, 26044, Note_on_c, 0, 67, 0
2, 26059, Note_on_c, 0, 60, 0
2, 26067, Note_on_c, 0, 53, 100
2, 26097, Note_on_c, 0, 57, 100
2, 26098, Note_on_c, 0, 53, 0
2, 26127, Note_on_c, 0, 57, 0
2, 26127, Note_on_c, 0, 60, 100
2, 26157, Note_on_c, 0, 69, 0
2, 26157, Note_on_c, 0, 67, 100
2, 26158, Note_on_c, 0, 62, 100
2, 26159, Note_on_c, 0, 60, 0
2, 26188, Note_on_c, 0, 59, 100
2, 26190, Note_on_c, 0, 62, 0
2, 26217, Note_on_c, 0, 55, 100
2, 26220, Note_on_c, 0, 59, 0
2, 26247, Note_on_c, 0, 59, 100
2, 26248, Note_on_c, 0, 55, 0
2, 26272, Note_on_c, 0, 59, 0
2, 26274, Note_on_c, 0, 50, 100
2, 26279, Note_on_c, 0, 65, 0
2, 26305, Note_on_c, 0, 57, 100
2, 26308, Note_on_c, 0, 50, 0
2, 26310, Note_on_c, 0, 65, 100
2, 26334, Note_on_c, 0, 57, 0
2, 26334, Note_on_c, 0, 55, 100
2, 26341, Note_on_c, 0, 64, 100
2, 26345, Note_on_c, 0, 65, 0
2, 26365, Note_on_c, 0, 55, 0
2, 26366, Note_on_c, 0, 53, 100
2, 26369, Note_on_c, 0, 62, 100
2, 26370, Note_on_c, 0, 64, 0
2, 26385, Note_on_c, 0, 53, 0
2, 26396, Note_on_c, 0, 52, 100
2, 26399, Note_on_c, 0, 62, 0
2, 26400, Note_on_c, 0, 64, 100
2, 26422, Note_on_c, 0, 67, 0
2, 26423, Note_on_c, 0, 64, 0
2, 26431, Note_on_c, 0, 55, 100
2, 26458, Note_on_c, 0, 55, 0
2, 26462, Note_on_c, 0, 60, 100
2, 26466, Note_on_c, 0, 52, 0
2, 26490, Note_on_c, 0, 64, 100
2, 26497, Note_on_c, 0, 60, 0
2, 26521, Note_on_c, 0, 64, 0
2, 26521, Note_on_c, 0, 67, 100
2, 26545, Note_on_c, 0, 67, 0
2, 26551, Note_on_c, 0, 60, 100
2, 26579, Note_on_c, 0, 55, 100
2, 26581, Note_on_c, 0, 64, 100
2, 26583, Note_on_c, 0, 60, 0
2, 26609, Note_on_c, 0, 67, 100
2, 26611, Note_on_c, 0, 64, 0
2, 26638, Note_on_c, 0, 69, 100
2, 26642, Note_on_c, 0, 67, 0
2, 26669, Note_on_c, 0, 69, 0
2, 26669, Note_on_c, 0, 65, 100
2, 26692, Note_on_c, 0, 55, 0
2, 26697, Note_on_c, 0, 53, 100
2, 26700, Note_on_c, 0, 62, 100
2, 26701, Note_on_c, 0, 65, 0
2, 26723, Note_on_c, 0, 53, 0
2, 26725, Note_on_c, 0, 52, 100
2, 26729, Note_on_c, 0, 65, 100
2, 26732, Note_on_c, 0, 62, 0
2, 26743, Note_on_c, 0, 52, 0
2, 26754, Note_on_c, 0, 65, 0
2, 26757, Note_on_c, 0, 50, 100
2, 26757, Note_on_c, 0, 59, 100
2, 26788, Note_on_c, 0, 59, 0
2, 26788, Note_on_c, 0, 69, 100
2, 26790, Note_on_c, 0, 50, 0
2, 26815, Note_on_c, 0, 67, 100
2, 26817, Note_on_c, 0, 69, 0
2, 26817, Note_on_c, 0, 59, 100
2, 26845, Note_on_c, 0, 65, 100
2, 26847, Note_on_c, 0, 59, 0
2, 26848, Note_on_c, 0, 67, 0
2, 26872, Note_on_c, 0, 65, 0
2, 26874, Note_on_c, 0, 60, 100
2, 26878, Note_on_c, 0, 64, 100
2, 26896, Note_on_c, 0, 60, 0
2, 26906, Note_on_c, 0, 48, 100
2, 26912, Note_on_c, 0, 64, 0
2, 26936, Note_on_c, 0, 52, 100
2, 26937, Note_on_c, 0, 48, 0
2, 26938, Note_on_c, 0, 72, 100
2, 26964, Note_on_c, 0, 55, 100
2, 26965, Note_on_c, 0, 52, 0
2, 26994, Note_on_c, 0, 55, 0
2, 26994, Note_on_c, 0, 60, 100
2, 27022, Note_on_c, 0, 60, 0
2, 27024, Note_on_c, 0, 72, 0
2, 27025, Note_on_c, 0, 52, 100
2, 27052, Note_on_c, 0, 55, 100
2, 27053, Note_on_c, 0, 52, 0
2, 27057, Note_on_c, 0, 71, 100
2, 27078, Note_on_c, 0, 55, 0
2, 27079, Note_on_c, 0, 60, 100
2, 27087, Note_on_c, 0, 69, 100
2, 27090, Note_on_c, 0, 71, 0
2, 27116, Note_on_c, 0, 67, 100
2, 27116, Note_on_c, 0, 64, 100
2, 27117, Note_on_c, 0, 60, 0
2, 27117, Note_on_c, 0, 69, 0
2, 27144, Note_on_c, 0, 60, 100
2, 27146, Note_on_c, 0, 67, 0
2, 27147, Note_on_c, 0, 69, 100
2, 27148, Note_on_c, 0, 64, 0
2, 27174, Note_on_c, 0, 65, 100
2, 27174, Note_on_c, 0, 57, 100
2, 27175, Note_on_c, 0, 69, 0
2, 27176, Note_on_c, 0, 60, 0
2, 27200, Note_on_c, 0, 60, 100
2, 27201, Note_on_c, 0, 57, 0
2, 27204, Note_on_c, 0, 67, 100
2, 27206, Note_on_c, 0, 65, 0
2, 27229, Note_on_c, 0, 53, 100
2, 27231, Note_on_c, 0, 60, 0
2, 27234, Note_on_c, 0, 69, 100
2, 27237, Note_on_c, 0, 67, 0
2, 27260, Note_on_c, 0, 64, 100
2, 27262, Note_on_c, 0, 53, 0
2, 27267, Note_on_c, 0, 67, 100
2, 27270, Note_on_c, 0, 69, 0
2, 27290, Note_on_c, 0, 62, 100
2, 27293, Note_on_c, 0, 64, 0
2, 27298, Note_on_c, 0, 65, 100
2, 27299, Note_on_c, 0, 67, 0
2, 27323, Note_on_c, 0, 60, 100
2, 27325, Note_on_c, 0, 62, 0
2, 27328, Note_on_c, 0, 64, 100
2, 27329, Note_on_c, 0, 65, 0
2, 27346, Note_on_c, 0, 64, 0
2, 27355, Note_on_c, 0, 59, 100
2, 27356, Note_on_c, 0, 60, 0
2, 27358, Note_on_c, 0, 62, 100
2, 27385, Note_on_c, 0, 60, 100
2, 27386, Note_on_c, 0, 59, 0
2, 27386, Note_on_c, 0, 62, 0
2, 27387, Note_on_c, 0, 64, 100
2, 27406, Note_on_c, 0, 64, 0
2, 27414, Note_on_c, 0, 57, 100
2, 27415, Note_on_c, 0, 60, 0
2, 27420, Note_on_c, 0, 65, 100
2, 27445, Note_on_c, 0, 59, 100
2, 27446, Note_on_c, 0, 57, 0
2, 27476, Note_on_c, 0, 60, 100
2, 27477, Note_on_c, 0, 59, 0
2, 27503, Note_on_c, 0, 57, 100
2, 27504, Note_on_c, 0, 60, 0
2, 27534, Note_on_c, 0, 55, 100
2, 27536, Note_on_c, 0, 65, 0
2, 27537, Note_on_c, 0, 64, 100
2, 27539, Note_on_c, 0, 57, 0
2, 27563, Note_on_c, 0, 53, 100
2, 27564, Note_on_c, 0, 55, 0
2, 27568, Note_on_c, 0, 62, 100
2, 27569, Note_on_c, 0, 64, 0
2, 27595, Note_on_c, 0, 53, 0
2, 27595, Note_on_c, 0, 52, 100
2, 27595, Note_on_c, 0, 60, 100
2, 27601, Note_on_c, 0, 62, 0
2, 27628, Note_on_c, 0, 60, 0
2, 27628, Note_on_c, 0, 67, 100
2, 27654, Note_on_c, 0, 55, 100
2, 27655, Note_on_c, 0, 67, 0
2, 27656, Note_on_c, 0, 72, 100
2, 27678, Note_on_c, 0, 55, 0
2, 27682, Note_on_c, 0, 72, 0
2, 27684, Note_on_c, 0, 76, 100
2, 27714, Note_on_c, 0, 76, 0
2, 27715, Note_on_c, 0, 60, 100
2, 27715, Note_on_c, 0, 79, 100
2, 27723, Note_on_c, 0, 52, 0
2, 27742, Note_on_c, 0, 79, 0
2, 27743, Note_on_c, 0, 72, 100
2, 27772, Note_on_c, 0, 52, 100
2, 27775, Note_on_c, 0, 76, 100
2, 27777, Note_on_c, 0, 72, 0
2, 27801, Note_on_c, 0, 52, 0
2, 27804, Note_on_c, 0, 79, 100
2, 27805, Note_on_c, 0, 76, 0
2, 27831, Note_on_c, 0, 53, 100
2, 27837, Note_on_c, 0, 81, 100
2, 27840, Note_on_c, 0, 79, 0
2, 27865, Note_on_c, 0, 60, 0
2, 27869, Note_on_c, 0, 81, 0
2, 27869, Note_on_c, 0, 77, 100
2, 27895, Note_on_c, 0, 57, 100
2, 27900, Note_on_c, 0, 74, 100
2, 27901, Note_on_c, 0, 77, 0
2, 27924, Note_on_c, 0, 57, 0
2, 27927, Note_on_c, 0, 74, 0
2, 27928, Note_on_c, 0, 77, 100
2, 27956, Note_on_c, 0, 77, 0
2, 27957, Note_on_c, 0, 71, 100
2, 27961, Note_on_c, 0, 62, 100
2, 27971, Note_on_c, 0, 53, 0
2, 27988, Note_on_c, 0, 81, 100
2, 27991, Note_on_c, 0, 71, 0
2, 28017, Note_on_c, 0, 53, 100
2, 28018, Note_on_c, 0, 79, 100
2, 28019, Note_on_c, 0, 81, 0
2, 28037, Note_on_c, 0, 53, 0
2, 28045, Note_on_c, 0, 77, 100
2, 28046, Note_on_c, 0, 79, 0
2, 28071, Note_on_c, 0, 62, 0
2, 28072, Note_on_c, 0, 77, 0
2, 28074, Note_on_c, 0, 55, 100
2, 28077, Note_on_c, 0, 76, 100
2, 28106, Note_on_c, 0, 60, 100
2, 28111, Note_on_c, 0, 76, 0
2, 28134, Note_on_c, 0, 60, 0
2, 28137, Note_on_c, 0, 72, 100
2, 28137, Note_on_c, 0, 64, 100
2, 28167, Note_on_c, 0, 64, 0
2, 28167, Note_on_c, 0, 67, 100
2, 28168, Note_on_c, 0, 76, 100
2, 28173, Note_on_c, 0, 72, 0
2, 28192, Note_on_c, 0, 67, 0
2, 28192, Note_on_c, 0, 76, 0
2, 28199, Note_on_c, 0, 81, 100
2, 28201, Note_on_c, 0, 72, 100
2, 28211, Note_on_c, 0, 55, 0
2, 28229, Note_on_c, 0, 69, 100
2, 28230, Note_on_c, 0, 72, 0
2, 28259, Note_on_c, 0, 72, 100
2, 28260, Note_on_c, 0, 69, 0
2, 28260, Note_on_c, 0, 64, 100
2, 28281, Note_on_c, 0, 64, 0
2, 28286, Note_on_c, 0, 72, 0
2, 28287, Note_on_c, 0, 76, 100
2, 28298, Note_on_c, 0, 76, 0
2, 28317, Note_on_c, 0, 62, 100
2, 28319, Note_on_c, 0, 77, 100
2, 28346, Note_on_c, 0, 77, 0
2, 28347, Note_on_c, 0, 74, 100
2, 28375, Note_on_c, 0, 74, 0
2, 28377, Note_on_c, 0, 79, 100
2, 28377, Note_on_c, 0, 71, 100
2, 28378, Note_on_c, 0, 81, 0
2, 28406, Note_on_c, 0, 77, 100
2, 28407, Note_on_c, 0, 79, 0
2, 28407, Note_on_c, 0, 74, 100
2, 28408, Note_on_c, 0, 62, 0
2, 28408, Note_on_c, 0, 71, 0
2, 28421, Note_on_c, 0, 74, 0
2, 28432, Note_on_c, 0, 77, 0
2, 28434, Note_on_c, 0, 83, 100
2, 28437, Note_on_c, 0, 65, 100
2, 28453, Note_on_c, 0, 65, 0
2, 28466, Note_on_c, 0, 81, 100
2, 28493, Note_on_c, 0, 65, 100
2, 28497, Note_on_c, 0, 81, 0
2, 28497, Note_on_c, 0, 79, 100
2, 28522, Note_on_c, 0, 79, 0
2, 28523, Note_on_c, 0, 77, 100
2, 28551, Note_on_c, 0, 65, 0
2, 28551, Note_on_c, 0, 67, 100
2, 28552, Note_on_c, 0, 77, 0
2, 28556, Note_on_c, 0, 84, 100
2, 28556, Note_on_c, 0, 76, 100
2, 28557, Note_on_c, 0, 83, 0
2, 28579, Note_on_c, 0, 67, 0
2, 28581, Note_on_c, 0, 55, 100
2, 28595, Note_on_c, 0, 84, 0
2, 28610, Note_on_c, 0, 60, 100
2, 28612, Note_on_c, 0, 55, 0
2, 28616, Note_on_c, 0, 79, 100
2, 28640, Note_on_c, 0, 60, 0
2, 28640, Note_on_c, 0, 64, 100
2, 28653, Note_on_c, 0, 76, 0
2, 28657, Note_on_c, 0, 79, 0
2, 28673, Note_on_c, 0, 67, 100
2, 28673, Note_on_c, 0, 82, 100
2, 28674, Note_on_c, 0, 64, 0
2, 28704, Note_on_c, 0, 60, 100
2, 28709, Note_on_c, 0, 67, 0
2, 28719, Note_on_c, 0, 82, 0
2, 28734, Note_on_c, 0, 75, 100
2, 28736, Note_on_c, 0, 81, 100
2, 28737, Note_on_c, 0, 66, 100
2, 28740, Note_on_c, 0, 60, 0
2, 28762, Note_on_c, 0, 69, 100
2, 28764, Note_on_c, 0, 66, 0
2, 28770, Note_on_c, 0, 75, 0
2, 28774, Note_on_c, 0, 69, 0
2, 28791, Note_on_c, 0, 70, 100
2, 28796, Note_on_c, 0, 74, 100
2, 28822, Note_on_c, 0, 67, 100
2, 28825, Note_on_c, 0, 70, 0
2, 28851, Note_on_c, 0, 67, 0
2, 28853, Note_on_c, 0, 64, 100
2, 28854, Note_on_c, 0, 81, 0
2, 28854, Note_on_c, 0, 74, 0
2, 28855, Note_on_c, 0, 79, 100
2, 28856, Note_on_c, 0, 76, 100
2, 28882, Note_on_c, 0, 67, 100
2, 28883, Note_on_c, 0, 64, 0
2, 28900, Note_on_c, 0, 67, 0
2, 28912, Note_on_c, 0, 60, 100
2, 28948, Note_on_c, 0, 72, 100
2, 28951, Note_on_c, 0, 76, 0
2, 28976, Note_on_c, 0, 69, 100
2, 28977, Note_on_c, 0, 77, 100
2, 28978, Note_on_c, 0, 79, 0
2, 28978, Note_on_c, 0, 72, 0
2, 29005, Note_on_c, 0, 72, 100
2, 29007, Note_on_c, 0, 69, 0
2, 29007, Note_on_c, 0, 75, 100
2, 29009, Note_on_c, 0, 77, 0
2, 29033, Note_on_c, 0, 75, 0
2, 29034, Note_on_c, 0, 72, 0
2, 29034, Note_on_c, 0, 74, 100
2, 29037, Note_on_c, 0, 65, 100
2, 29065, Note_on_c, 0, 74, 0
2, 29068, Note_on_c, 0, 69, 100
2, 29070, Note_on_c, 0, 60, 0
2, 29092, Note_on_c, 0, 62, 100
2, 29098, Note_on_c, 0, 70, 100
2, 29099, Note_on_c, 0, 69, 0
2, 29122, Note_on_c, 0, 60, 100
2, 29125, Note_on_c, 0, 62, 0
2, 29125, Note_on_c, 0, 74, 100
2, 29126, Note_on_c, 0, 70, 0
2, 29152, Note_on_c, 0, 60, 0
2, 29152, Note_on_c, 0, 58, 100
2, 29153, Note_on_c, 0, 65, 0
2, 29154, Note_on_c, 0, 79, 100
2, 29155, Note_on_c, 0, 74, 0
2, 29182, Note_on_c, 0, 62, 100
2, 29203, Note_on_c, 0, 62, 0
2, 29214, Note_on_c, 0, 67, 100
2, 29240, Note_on_c, 0, 70, 100
2, 29241, Note_on_c, 0, 67, 0
2, 29250, Note_on_c, 0, 70, 0
2, 29271, Note_on_c, 0, 72, 100
2, 29284, Note_on_c, 0, 58, 0
2, 29302, Note_on_c, 0, 67, 100
2, 29304, Note_on_c, 0, 48, 100
2, 29327, Note_on_c, 0, 79, 0
2, 29330, Note_on_c, 0, 48, 0
2, 29330, Note_on_c, 0, 52, 100
2, 29332, Note_on_c, 0, 67, 0
2, 29333, Note_on_c, 0, 69, 100
2, 29341, Note_on_c, 0, 72, 0
2, 29358, Note_on_c, 0, 57, 100
2, 29359, Note_on_c, 0, 52, 0
2, 29360, Note_on_c, 0, 72, 100
2, 29364, Note_on_c, 0, 69, 0
2, 29386, Note_on_c, 0, 57, 0
2, 29388, Note_on_c, 0, 60, 100
2, 29391, Note_on_c, 0, 77, 100
2, 29415, Note_on_c, 0, 48, 100
2, 29417, Note_on_c, 0, 60, 0
2, 29448, Note_on_c, 0, 53, 100
2, 29450, Note_on_c, 0, 48, 0
2, 29478, Note_on_c, 0, 57, 100
2, 29481, Note_on_c, 0, 53, 0
2, 29503, Note_on_c, 0, 57, 0
2, 29508, Note_on_c, 0, 58, 100
2, 29520, Note_on_c, 0, 70, 100
2, 29522, Note_on_c, 0, 72, 0
2, 29538, Note_on_c, 0, 58, 0
2, 29539, Note_on_c, 0, 55, 100
2, 29552, Note_on_c, 0, 77, 0
2, 29573, Note_on_c, 0, 55, 0
2, 29573, Note_on_c, 0, 58, 100
2, 29578, Note_on_c, 0, 75, 100
2, 29604, Note_on_c, 0, 62, 100
2, 29606, Note_on_c, 0, 58, 0
2, 29609, Note_on_c, 0, 74, 100
2, 29610, Note_on_c, 0, 75, 0
2, 29634, Note_on_c, 0, 74, 0
2, 29635, Note_on_c, 0, 62, 0
2, 29637, Note_on_c, 0, 67, 100
2, 29641, Note_on_c, 0, 75, 100
2, 29669, Note_on_c, 0, 67, 0
2, 29669, Note_on_c, 0, 63, 100
2, 29698, Note_on_c, 0, 63, 0
2, 29698, Note_on_c, 0, 58, 100
2, 29725, Note_on_c, 0, 58, 0
2, 29726, Note_on_c, 0, 63, 100
2, 29737, Note_on_c, 0, 70, 0
2, 29747, Note_on_c, 0, 63, 0
2, 29756, Note_on_c, 0, 57, 100
2, 29758, Note_on_c, 0, 72, 100
2, 29786, Note_on_c, 0, 65, 100
2, 29787, Note_on_c, 0, 57, 0
2, 29818, Note_on_c, 0, 74, 100
2, 29818, Note_on_c, 0, 63, 100
2, 29820, Note_on_c, 0, 75, 0
2, 29820, Note_on_c, 0, 65, 0
2, 29843, Note_on_c, 0, 72, 0
2, 29843, Note_on_c, 0, 63, 0
2, 29845, Note_on_c, 0, 62, 100
2, 29848, Note_on_c, 0, 74, 0
2, 29849, Note_on_c, 0, 72, 100
2, 29867, Note_on_c, 0, 62, 0
2, 29876, Note_on_c, 0, 62, 100
2, 29878, Note_on_c, 0, 74, 100
2, 29879, Note_on_c, 0, 72, 0
2, 29905, Note_on_c, 0, 62, 0
2, 29906, Note_on_c, 0, 60, 100
2, 29935, Note_on_c, 0, 60, 0
2, 29935, Note_on_c, 0, 62, 100
2, 29939, Note_on_c, 0, 70, 100
2, 29965, Note_on_c, 0, 62, 0
2, 29965, Note_on_c, 0, 64, 100
2, 29976, Note_on_c, 0, 64, 0
2, 29997, Note_on_c, 0, 65, 100
2, 30001, Note_on_c, 0, 72, 100
2, 30003, Note_on_c, 0, 74, 0
2, 30029, Note_on_c, 0, 70, 0
2, 30029, Note_on_c, 0, 67, 100
2, 30046, Note_on_c, 0, 67, 0
2, 30060, Note_on_c, 0, 69, 100
2, 30086, Note_on_c, 0, 63, 100
2, 30087, Note_on_c, 0, 65, 0
2, 30116, Note_on_c, 0, 63, 0
2, 30117, Note_on_c, 0, 62, 100
2, 30130, Note_on_c, 0, 69, 0
2, 30147, Note_on_c, 0, 65, 100
2, 30175, Note_on_c, 0, 72, 0
2, 30175, Note_on_c, 0, 62, 0
2, 30175, Note_on_c, 0, 61, 100
2, 30176, Note_on_c, 0, 70, 100
2, 30205, Note_on_c, 0, 65, 0
2, 30206, Note_on_c, 0, 64, 100
2, 30219, Note_on_c, 0, 64, 0
2, 30233, Note_on_c, 0, 60, 100
2, 30234, Note_on_c, 0, 61, 0
2, 30238, Note_on_c, 0, 65, 100
2, 30254, Note_on_c, 0, 60, 0
2, 30263, Note_on_c, 0, 48, 100
2, 30267, Note_on_c, 0, 70, 0
2, 30292, Note_on_c, 0, 53, 100
2, 30294, Note_on_c, 0, 48, 0
2, 30296, Note_on_c, 0, 69, 100
2, 30321, Note_on_c, 0, 57, 100
2, 30322, Note_on_c, 0, 53, 0
2, 30326, Note_on_c, 0, 67, 100
2, 30327, Note_on_c, 0, 69, 0
2, 30352, Note_on_c, 0, 57, 0
2, 30352, Note_on_c, 0, 67, 0
2, 30352, Note_on_c, 0, 60, 100
2, 30356, Note_on_c, 0, 69, 100
2, 30377, Note_on_c, 0, 60, 0
2, 30380, Note_on_c, 0, 69, 0
2, 30385, Note_on_c, 0, 53, 100
2, 30411, Note_on_c, 0, 72, 100
2, 30413, Note_on_c, 0, 57, 100
2, 30415, Note_on_c, 0, 53, 0
2, 30438, Note_on_c, 0, 60, 100
2, 30443, Note_on_c, 0, 57, 0
2, 30465, Note_on_c, 0, 60, 0
2, 30466, Note_on_c, 0, 62, 100
2, 30498, Note_on_c, 0, 58, 100
2, 30501, Note_on_c, 0, 62, 0
2, 30526, Note_on_c, 0, 58, 0
2, 30526, Note_on_c, 0, 55, 100
2, 30530, Note_on_c, 0, 65, 0
2, 30536, Note_on_c, 0, 70, 100
2, 30538, Note_on_c, 0, 72, 0
2, 30558, Note_on_c, 0, 58, 100
2, 30560, Note_on_c, 0, 55, 0
2, 30565, Note_on_c, 0, 70, 0
2, 30565, Note_on_c, 0, 69, 100
2, 30590, Note_on_c, 0, 52, 100
2, 30591, Note_on_c, 0, 58, 0
2, 30595, Note_on_c, 0, 67, 100
2, 30597, Note_on_c, 0, 69, 0
2, 30623, Note_on_c, 0, 52, 0
2, 30623, Note_on_c, 0, 62, 100
2, 30626, Note_on_c, 0, 69, 100
2, 30629, Note_on_c, 0, 67, 0
2, 30640, Note_on_c, 0, 69, 0
2, 30652, Note_on_c, 0, 60, 100
2, 30653, Note_on_c, 0, 62, 0
2, 30656, Note_on_c, 0, 67, 100
2, 30657, Note_on_c, 0, 70, 100
2, 30681, Note_on_c, 0, 58, 100
2, 30685, Note_on_c, 0, 60, 0
2, 30711, Note_on_c, 0, 57, 100
2, 30712, Note_on_c, 0, 58, 0
2, 30741, Note_on_c, 0, 55, 100
2, 30747, Note_on_c, 0, 57, 0
2, 30773, Note_on_c, 0, 57, 100
2, 30775, Note_on_c, 0, 55, 0
2, 30777, Note_on_c, 0, 67, 0
2, 30777, Note_on_c, 0, 70, 0
2, 30777, Note_on_c, 0, 69, 100
2, 30778, Note_on_c, 0, 65, 100
2, 30804, Note_on_c, 0, 59, 100
2, 30806, Note_on_c, 0, 57, 0
2, 30813, Note_on_c, 0, 69, 0
2, 30835, Note_on_c, 0, 59, 0
2, 30835, Note_on_c, 0, 60, 100
2, 30839, Note_on_c, 0, 67, 100
2, 30865, Note_on_c, 0, 55, 100
2, 30867, Note_on_c, 0, 60, 0
2, 30881, Note_on_c, 0, 55, 0
2, 30896, Note_on_c, 0, 65, 0
2, 30897, Note_on_c, 0, 60, 100
2, 30900, Note_on_c, 0, 64, 100
2, 30926, Note_on_c, 0, 69, 100
2, 30928, Note_on_c, 0, 67, 0
2, 30956, Note_on_c, 0, 69, 0
2, 30956, Note_on_c, 0, 62, 100
2, 30958, Note_on_c, 0, 65, 100
2, 30959, Note_on_c, 0, 64, 0
2, 30960, Note_on_c, 0, 60, 0
2, 30986, Note_on_c, 0, 60, 100
2, 31016, Note_on_c, 0, 59, 100
2, 31018, Note_on_c, 0, 60, 0
2, 31043, Note_on_c, 0, 59, 0
2, 31043, Note_on_c, 0, 57, 100
2, 31072, Note_on_c, 0, 57, 0
2, 31072, Note_on_c, 0, 60, 100
2, 31081, Note_on_c, 0, 59, 100
2, 31082, Note_on_c, 0, 60, 0
2, 31089, Note_on_c, 0, 60, 100
2, 31090, Note_on_c, 0, 59, 0
2, 31096, Note_on_c, 0, 59, 100
2, 31103, Note_on_c, 0, 60, 0
2, 31104, Note_on_c, 0, 59, 0
2, 31105, Note_on_c, 0, 60, 100
2, 31109, Note_on_c, 0, 59, 100
2, 31109, Note_on_c, 0, 69, 100
2, 31110, Note_on_c, 0, 65, 0
2, 31111, Note_on_c, 0, 60, 0
2, 31138, Note_on_c, 0, 69, 0
2, 31138, Note_on_c, 0, 67, 100
2, 31166, Note_on_c, 0, 65, 100
2, 31169, Note_on_c, 0, 67, 0
2, 31178, Note_on_c, 0, 65, 0
2, 31193, Note_on_c, 0, 59, 0
2, 31193, Note_on_c, 0, 60, 100
2, 31194, Note_on_c, 0, 62, 0
2, 31194, Note_on_c, 0, 64, 100
2, 31226, Note_on_c, 0, 67, 100
2, 31227, Note_on_c, 0, 64, 0
2, 31244, Note_on_c, 0, 67, 0
2, 31253, Note_on_c, 0, 64, 100
2, 31255, Note_on_c, 0, 72, 100
2, 31278, Note_on_c, 0, 72, 0
2, 31281, Note_on_c, 0, 64, 0
2, 31281, Note_on_c, 0, 62, 100
2, 31283, Note_on_c, 0, 76, 100
2, 31298, Note_on_c, 0, 76, 0
2, 31309, Note_on_c, 0, 62, 0
2, 31309, Note_on_c, 0, 64, 100
2, 31311, Note_on_c, 0, 60, 0
2, 31313, Note_on_c, 0, 79, 100
2, 31324, Note_on_c, 0, 64, 0
2, 31337, Note_on_c, 0, 79, 0
2, 31346, Note_on_c, 0, 72, 100
2, 31370, Note_on_c, 0, 72, 0
2, 31370, Note_on_c, 0, 60, 100
2, 31372, Note_on_c, 0, 67, 100
2, 31375, Note_on_c, 0, 76, 100
2, 31394, Note_on_c, 0, 76, 0
2, 31400, Note_on_c, 0, 67, 0
2, 31403, Note_on_c, 0, 79, 100
2, 31417, Note_on_c, 0, 79, 0
2, 31431, Note_on_c, 0, 65, 100
2, 31433, Note_on_c, 0, 81, 100
2, 31451, Note_on_c, 0, 60, 0
2, 31468, Note_on_c, 0, 81, 0
2, 31468, Note_on_c, 0, 77, 100
2, 31491, Note_on_c, 0, 59, 100
2, 31497, Note_on_c, 0, 74, 100
2, 31498, Note_on_c, 0, 77, 0
2, 31521, Note_on_c, 0, 60, 100
2, 31524, Note_on_c, 0, 65, 0
2, 31524, Note_on_c, 0, 59, 0
2, 31526, Note_on_c, 0, 74, 0
2, 31527, Note_on_c, 0, 77, 100
2, 31539, Note_on_c, 0, 77, 0
2, 31553, Note_on_c, 0, 60, 0
2, 31553, Note_on_c, 0, 62, 100
2, 31556, Note_on_c, 0, 71, 100
2, 31586, Note_on_c, 0, 81, 100
2, 31587, Note_on_c, 0, 71, 0
2, 31597, Note_on_c, 0, 62, 0
2, 31610, Note_on_c, 0, 59, 100
2, 31611, Note_on_c, 0, 55, 100
2, 31614, Note_on_c, 0, 81, 0
2, 31616, Note_on_c, 0, 79, 100
2, 31644, Note_on_c, 0, 79, 0
2, 31645, Note_on_c, 0, 77, 100
2, 31649, Note_on_c, 0, 55, 0
2, 31671, Note_on_c, 0, 59, 0
2, 31671, Note_on_c, 0, 60, 100
2, 31674, Note_on_c, 0, 77, 0
2, 31676, Note_on_c, 0, 76, 100
2, 31701, Note_on_c, 0, 64, 100
2, 31716, Note_on_c, 0, 60, 0
2, 31722, Note_on_c, 0, 76, 0
2, 31733, Note_on_c, 0, 69, 100
2, 31733, Note_on_c, 0, 57, 100
2, 31734, Note_on_c, 0, 78, 100
2, 31737, Note_on_c, 0, 64, 0
2, 31761, Note_on_c, 0, 69, 0
2, 31762, Note_on_c, 0, 72, 100
2, 31770, Note_on_c, 0, 57, 0
2, 31791, Note_on_c, 0, 58, 100
2, 31792, Note_on_c, 0, 79, 100
2, 31792, Note_on_c, 0, 74, 100
2, 31794, Note_on_c, 0, 72, 0
2, 31795, Note_on_c, 0, 78, 0
2, 31824, Note_on_c, 0, 67, 100
2, 31828, Note_on_c, 0, 74, 0
2, 31832, Note_on_c, 0, 58, 0
2, 31854, Note_on_c, 0, 70, 100
2, 31854, Note_on_c, 0, 55, 100
2, 31856, Note_on_c, 0, 67, 0
2, 31884, Note_on_c, 0, 74, 100
2, 31885, Note_on_c, 0, 70, 0
2, 31885, Note_on_c, 0, 55, 0
2, 31909, Note_on_c, 0, 74, 0
2, 31912, Note_on_c, 0, 60, 100
2, 31914, Note_on_c, 0, 75, 100
2, 31944, Note_on_c, 0, 72, 100
2, 31945, Note_on_c, 0, 75, 0
2, 31950, Note_on_c, 0, 60, 0
2, 31969, Note_on_c, 0, 72, 0
2, 31971, Note_on_c, 0, 63, 100
2, 31972, Note_on_c, 0, 69, 100
2, 31973, Note_on_c, 0, 78, 100
2, 31974, Note_on_c, 0, 79, 0
2, 31997, Note_on_c, 0, 63, 0
2, 32002, Note_on_c, 0, 69, 0
2, 32002, Note_on_c, 0, 72, 100
2, 32003, Note_on_c, 0, 79, 100
2, 32004, Note_on_c, 0, 78, 0
2, 32022, Note_on_c, 0, 72, 0
2, 32030, Note_on_c, 0, 66, 100
2, 32030, Note_on_c, 0, 62, 100
2, 32031, Note_on_c, 0, 81, 100
2, 32033, Note_on_c, 0, 79, 0
2, 32056, Note_on_c, 0, 66, 0
2, 32057, Note_on_c, 0, 62, 0
2, 32061, Note_on_c, 0, 75, 100
2, 32089, Note_on_c, 0, 66, 100
2, 32091, Note_on_c, 0, 75, 0
2, 32092, Note_on_c, 0, 74, 100
2, 32116, Note_on_c, 0, 66, 0
2, 32119, Note_on_c, 0, 74, 0
2, 32120, Note_on_c, 0, 72, 100
2, 32131, Note_on_c, 0, 72, 0
2, 32148, Note_on_c, 0, 67, 100
2, 32153, Note_on_c, 0, 70, 100
2, 32177, Note_on_c, 0, 67, 0
2, 32179, Note_on_c, 0, 55, 100
2, 32203, Note_on_c, 0, 55, 0
2, 32209, Note_on_c, 0, 58, 100
2, 32216, Note_on_c, 0, 81, 0
2, 32219, Note_on_c, 0, 79, 100
2, 32240, Note_on_c, 0, 62, 100
2, 32241, Note_on_c, 0, 58, 0
2, 32243, Note_on_c, 0, 70, 0
2, 32274, Note_on_c, 0, 62, 0
2, 32274, Note_on_c, 0, 65, 100
2, 32276, Note_on_c, 0, 69, 100
2, 32303, Note_on_c, 0, 65, 0
2, 32304, Note_on_c, 0, 62, 100
2, 32305, Note_on_c, 0, 69, 0
2, 32334, Note_on_c, 0, 62, 0
2, 32334, Note_on_c, 0, 65, 100
2, 32338, Note_on_c, 0, 74, 100
2, 32338, Note_on_c, 0, 77, 100
2, 32341, Note_on_c, 0, 79, 0
2, 32362, Note_on_c, 0, 69, 100
2, 32363, Note_on_c, 0, 65, 0
2, 32373, Note_on_c, 0, 77, 0
2, 32389, Note_on_c, 0, 69, 0
2, 32394, Note_on_c, 0, 70, 100
2, 32401, Note_on_c, 0, 76, 100
2, 32427, Note_on_c, 0, 70, 0
2, 32427, Note_on_c, 0, 67, 100
2, 32433, Note_on_c, 0, 77, 100
2, 32437, Note_on_c, 0, 76, 0
2, 32458, Note_on_c, 0, 64, 100
2, 32460, Note_on_c, 0, 67, 0
2, 32462, Note_on_c, 0, 73, 100
2, 32463, Note_on_c, 0, 77, 0
2, 32464, Note_on_c, 0, 74, 0
2, 32464, Note_on_c, 0, 79, 100
2, 32489, Note_on_c, 0, 67, 100
2, 32491, Note_on_c, 0, 73, 0
2, 32491, Note_on_c, 0, 74, 100
2, 32493, Note_on_c, 0, 64, 0
2, 32503, Note_on_c, 0, 74, 0
2, 32504, Note_on_c, 0, 67, 0
2, 32519, Note_on_c, 0, 61, 100
2, 32523, Note_on_c, 0, 76, 100
2, 32548, Note_on_c, 0, 70, 100
2, 32550, Note_on_c, 0, 61, 0
2, 32578, Note_on_c, 0, 70, 0
2, 32580, Note_on_c, 0, 69, 100
2, 32609, Note_on_c, 0, 67, 100
2, 32610, Note_on_c, 0, 69, 0
2, 32631, Note_on_c, 0, 67, 0
2, 32636, Note_on_c, 0, 65, 100
2, 32666, Note_on_c, 0, 62, 100
2, 32670, Note_on_c, 0, 65, 0
2, 32695, Note_on_c, 0, 62, 0
2, 32695, Note_on_c, 0, 65, 100
2, 32701, Note_on_c, 0, 74, 100
2, 32701, Note_on_c, 0, 77, 100
2, 32705, Note_on_c, 0, 79, 0
2, 32705, Note_on_c, 0, 76, 0
2, 32724, Note_on_c, 0, 69, 100
2, 32725, Note_on_c, 0, 65, 0
2, 32748, Note_on_c, 0, 69, 0
2, 32757, Note_on_c, 0, 59, 100
2, 32760, Note_on_c, 0, 74, 0
2, 32766, Note_on_c, 0, 77, 0
2, 32786, Note_on_c, 0, 59, 0
2, 32789, Note_on_c, 0, 69, 100
2, 32815, Note_on_c, 0, 74, 100
2, 32816, Note_on_c, 0, 77, 100
2, 32819, Note_on_c, 0, 67, 100
2, 32820, Note_on_c, 0, 69, 0
2, 32832, Note_on_c, 0, 74, 0
2, 32832, Note_on_c, 0, 77, 0
2, 32845, Note_on_c, 0, 65, 100
2, 32846, Note_on_c, 0, 67, 0
2, 32863, Note_on_c, 0, 65, 0
2, 32873, Note_on_c, 0, 64, 100
2, 32877, Note_on_c, 0, 77, 100
2, 32878, Note_on_c, 0, 74, 100
2, 32906, Note_on_c, 0, 64, 0
2, 32906, Note_on_c, 0, 60, 100
2, 32933, Note_on_c, 0, 60, 0
2, 32935, Note_on_c, 0, 64, 100
2, 32936, Note_on_c, 0, 76, 100
2, 32937, Note_on_c, 0, 72, 100
2, 32938, Note_on_c, 0, 74, 0
2, 32939, Note_on_c, 0, 77, 0
2, 32963, Note_on_c, 0, 67, 100
2, 32967, Note_on_c, 0, 64, 0
2, 32978, Note_on_c, 0, 67, 0
2, 32993, Note_on_c, 0, 57, 100
2, 32998, Note_on_c, 0, 72, 0
2, 33000, Note_on_c, 0, 76, 0
2, 33023, Note_on_c, 0, 67, 100
2, 33026, Note_on_c, 0, 57, 0
2, 33055, Note_on_c, 0, 67, 0
2, 33055, Note_on_c, 0, 72, 100
2, 33055, Note_on_c, 0, 65, 100
2, 33056, Note_on_c, 0, 76, 100
2, 33068, Note_on_c, 0, 72, 0
2, 33070, Note_on_c, 0, 76, 0
2, 33083, Note_on_c, 0, 65, 0
2, 33083, Note_on_c, 0, 64, 100
2, 33113, Note_on_c, 0, 62, 100
2, 33116, Note_on_c, 0, 64, 0
2, 33119, Note_on_c, 0, 76, 100
2, 33120, Note_on_c, 0, 72, 100
2, 33145, Note_on_c, 0, 62, 0
2, 33145, Note_on_c, 0, 59, 100
2, 33176, Note_on_c, 0, 62, 100
2, 33178, Note_on_c, 0, 59, 0
2, 33181, Note_on_c, 0, 76, 0
2, 33181, Note_on_c, 0, 71, 100
2, 33181, Note_on_c, 0, 74, 100
2, 33185, Note_on_c, 0, 72, 0
2, 33207, Note_on_c, 0, 65, 100
2, 33210, Note_on_c, 0, 62, 0
2, 33224, Note_on_c, 0, 65, 0
2, 33239, Note_on_c, 0, 56, 100
2, 33245, Note_on_c, 0, 71, 0
2, 33245, Note_on_c, 0, 74, 0
2, 33263, Note_on_c, 0, 56, 0
2, 33268, Note_on_c, 0, 65, 100
2, 33296, Note_on_c, 0, 74, 100
2, 33296, Note_on_c, 0, 71, 100
2, 33296, Note_on_c, 0, 64, 100
2, 33298, Note_on_c, 0, 65, 0
2, 33310, Note_on_c, 0, 71, 0
2, 33312, Note_on_c, 0, 74, 0
2, 33323, Note_on_c, 0, 62, 100
2, 33325, Note_on_c, 0, 64, 0
2, 33341, Note_on_c, 0, 62, 0
2, 33356, Note_on_c, 0, 60, 100
2, 33357, Note_on_c, 0, 71, 100
2, 33358, Note_on_c, 0, 74, 100
2, 33385, Note_on_c, 0, 57, 100
2, 33388, Note_on_c, 0, 60, 0
2, 33400, Note_on_c, 0, 57, 0
2, 33416, Note_on_c, 0, 60, 100
2, 33417, Note_on_c, 0, 72, 100
2, 33418, Note_on_c, 0, 74, 0
2, 33418, Note_on_c, 0, 69, 100
2, 33419, Note_on_c, 0, 71, 0
2, 33444, Note_on_c, 0, 60, 0
2, 33445, Note_on_c, 0, 64, 100
2, 33450, Note_on_c, 0, 72, 0
2, 33460, Note_on_c, 0, 64, 0
2, 33478, Note_on_c, 0, 53, 100
2, 33488, Note_on_c, 0, 69, 0
2, 33497, Note_on_c, 0, 53, 0
2, 33506, Note_on_c, 0, 74, 100
2, 33535, Note_on_c, 0, 74, 0
2, 33538, Note_on_c, 0, 77, 100
2, 33538, Note_on_c, 0, 69, 100
2, 33539, Note_on_c, 0, 65, 100
2, 33564, Note_on_c, 0, 81, 100
2, 33565, Note_on_c, 0, 77, 0
2, 33574, Note_on_c, 0, 69, 0
2, 33581, Note_on_c, 0, 81, 0
2, 33595, Note_on_c, 0, 67, 100
2, 33595, Note_on_c, 0, 71, 100
2, 33627, Note_on_c, 0, 74, 100
2, 33632, Note_on_c, 0, 71, 0
2, 33644, Note_on_c, 0, 65, 0
2, 33647, Note_on_c, 0, 74, 0
2, 33656, Note_on_c, 0, 64, 100
2, 33660, Note_on_c, 0, 79, 100
2, 33676, Note_on_c, 0, 64, 0
2, 33684, Note_on_c, 0, 62, 100
2, 33697, Note_on_c, 0, 62, 0
2, 33716, Note_on_c, 0, 64, 100
2, 33722, Note_on_c, 0, 79, 0
2, 33723, Note_on_c, 0, 67, 0
2, 33748, Note_on_c, 0, 76, 100
2, 33780, Note_on_c, 0, 72, 100
2, 33780, Note_on_c, 0, 67, 100
2, 33782, Note_on_c, 0, 76, 0
2, 33803, Note_on_c, 0, 67, 0
2, 33807, Note_on_c, 0, 76, 100
2, 33809, Note_on_c, 0, 72, 0
2, 33816, Note_on_c, 0, 76, 0
2, 33837, Note_on_c, 0, 65, 100
2, 33839, Note_on_c, 0, 69, 100
2, 33869, Note_on_c, 0, 72, 100
2, 33874, Note_on_c, 0, 69, 0
2, 33881, Note_on_c, 0, 72, 0
2, 33897, Note_on_c, 0, 62, 100
2, 33899, Note_on_c, 0, 77, 100
2, 33900, Note_on_c, 0, 64, 0
2, 33927, Note_on_c, 0, 60, 100
2, 33928, Note_on_c, 0, 62, 0
2, 33929, Note_on_c, 0, 76, 100
2, 33930, Note_on_c, 0, 77, 0
2, 33958, Note_on_c, 0, 60, 0
2, 33958, Note_on_c, 0, 77, 100
2, 33959, Note_on_c, 0, 76, 0
2, 33959, Note_on_c, 0, 62, 100
2, 33989, Note_on_c, 0, 77, 0
2, 33989, Note_on_c, 0, 72, 100
2, 34013, Note_on_c, 0, 55, 100
2, 34014, Note_on_c, 0, 62, 0
2, 34018, Note_on_c, 0, 71, 100
2, 34020, Note_on_c, 0, 72, 0
2, 34038, Note_on_c, 0, 71, 0
2, 34046, Note_on_c, 0, 77, 100
2, 34052, Note_on_c, 0, 55, 0
2, 34058, Note_on_c, 0, 65, 0
2, 34072, Note_on_c, 0, 60, 100
2, 34078, Note_on_c, 0, 76, 100
2, 34081, Note_on_c, 0, 77, 0
2, 34092, Note_on_c, 0, 76, 0
2, 34104, Note_on_c, 0, 60, 0
2, 34111, Note_on_c, 0, 79, 100
2, 34136, Note_on_c, 0, 48, 100
2, 34141, Note_on_c, 0, 79, 0
2, 34141, Note_on_c, 0, 76, 100
2, 34165, Note_on_c, 0, 48, 0
2, 34168, Note_on_c, 0, 76, 0
2, 34168, Note_on_c, 0, 72, 100
2, 34195, Note_on_c, 0, 60, 100
2, 34197, Note_on_c, 0, 72, 0
2, 34197, Note_on_c, 0, 69, 100
2, 34228, Note_on_c, 0, 76, 100
2, 34232, Note_on_c, 0, 69, 0
2, 34247, Note_on_c, 0, 76, 0
2, 34258, Note_on_c, 0, 72, 100
2, 34284, Note_on_c, 0, 72, 0
2, 34285, Note_on_c, 0, 69, 100
2, 34300, Note_on_c, 0, 69, 0
2, 34317, Note_on_c, 0, 65, 100
2, 34349, Note_on_c, 0, 69, 100
2, 34356, Note_on_c, 0, 65, 0
2, 34364, Note_on_c, 0, 69, 0
2, 34370, Note_on_c, 0, 60, 0
2, 34376, Note_on_c, 0, 58, 100
2, 34380, Note_on_c, 0, 74, 100
2, 34390, Note_on_c, 0, 58, 0
2, 34404, Note_on_c, 0, 57, 100
2, 34409, Note_on_c, 0, 72, 100
2, 34410, Note_on_c, 0, 74, 0
2, 34419, Note_on_c, 0, 57, 0
2, 34438, Note_on_c, 0, 58, 100
2, 34440, Note_on_c, 0, 74, 100
2, 34442, Note_on_c, 0, 72, 0
2, 34468, Note_on_c, 0, 70, 100
2, 34471, Note_on_c, 0, 74, 0
2, 34499, Note_on_c, 0, 67, 100
2, 34500, Note_on_c, 0, 70, 0
2, 34528, Note_on_c, 0, 70, 100
2, 34530, Note_on_c, 0, 67, 0
2, 34556, Note_on_c, 0, 70, 0
2, 34558, Note_on_c, 0, 64, 100
2, 34583, Note_on_c, 0, 58, 0
2, 34584, Note_on_c, 0, 60, 100
2, 34599, Note_on_c, 0, 64, 0
2, 34611, Note_on_c, 0, 60, 0
2, 34616, Note_on_c, 0, 57, 100
2, 34621, Note_on_c, 0, 64, 100
2, 34646, Note_on_c, 0, 55, 100
2, 34649, Note_on_c, 0, 57, 0
2, 34649, Note_on_c, 0, 64, 0
2, 34650, Note_on_c, 0, 67, 100
2, 34677, Note_on_c, 0, 57, 100
2, 34678, Note_on_c, 0, 67, 0
2, 34679, Note_on_c, 0, 55, 0
2, 34679, Note_on_c, 0, 72, 100
2, 34700, Note_on_c, 0, 72, 0
2, 34707, Note_on_c, 0, 65, 100
2, 34735, Note_on_c, 0, 69, 100
2, 34736, Note_on_c, 0, 65, 0
2, 34737, Note_on_c, 0, 57, 0
2, 34737, Note_on_c, 0, 77, 100
2, 34737, Note_on_c, 0, 53, 100
2, 34764, Note_on_c, 0, 72, 100
2, 34765, Note_on_c, 0, 69, 0
2, 34786, Note_on_c, 0, 72, 0
2, 34792, Note_on_c, 0, 58, 100
2, 34794, Note_on_c, 0, 53, 0
2, 34796, Note_on_c, 0, 74, 100
2, 34798, Note_on_c, 0, 77, 0
2, 34824, Note_on_c, 0, 70, 100
2, 34826, Note_on_c, 0, 74, 0
2, 34844, Note_on_c, 0, 70, 0
2, 34852, Note_on_c, 0, 67, 100
2, 34853, Note_on_c, 0, 82, 100
2, 34871, Note_on_c, 0, 67, 0
2, 34882, Note_on_c, 0, 70, 100
2, 34903, Note_on_c, 0, 70, 0
2, 34911, Note_on_c, 0, 58, 0
2, 34913, Note_on_c, 0, 60, 100
2, 34913, Note_on_c, 0, 64, 100
2, 34943, Note_on_c, 0, 74, 100
2, 34967, Note_on_c, 0, 82, 0
2, 34972, Note_on_c, 0, 74, 0
2, 34973, Note_on_c, 0, 81, 100
2, 34973, Note_on_c, 0, 72, 100
2, 35000, Note_on_c, 0, 72, 0
2, 35001, Note_on_c, 0, 70, 100
2, 35001, Note_on_c, 0, 79, 100
2, 35003, Note_on_c, 0, 81, 0
2, 35027, Note_on_c, 0, 70, 0
2, 35031, Note_on_c, 0, 64, 0
2, 35032, Note_on_c, 0, 79, 0
2, 35034, Note_on_c, 0, 77, 100
2, 35034, Note_on_c, 0, 69, 100
2, 35066, Note_on_c, 0, 79, 100
2, 35069, Note_on_c, 0, 77, 0
2, 35090, Note_on_c, 0, 58, 100
2, 35091, Note_on_c, 0, 67, 100
2, 35093, Note_on_c, 0, 60, 0
2, 35095, Note_on_c, 0, 79, 0
2, 35096, Note_on_c, 0, 76, 100
2, 35106, Note_on_c, 0, 67, 0
2, 35119, Note_on_c, 0, 57, 100
2, 35120, Note_on_c, 0, 58, 0
2, 35121, Note_on_c, 0, 65, 100
2, 35124, Note_on_c, 0, 76, 0
2, 35125, Note_on_c, 0, 77, 100
2, 35132, Note_on_c, 0, 65, 0
2, 35154, Note_on_c, 0, 69, 0
2, 35154, Note_on_c, 0, 57, 0
2, 35154, Note_on_c, 0, 58, 100
2, 35155, Note_on_c, 0, 64, 100
2, 35155, Note_on_c, 0, 79, 100
2, 35156, Note_on_c, 0, 77, 0
2, 35187, Note_on_c, 0, 79, 0
2, 35187, Note_on_c, 0, 77, 100
2, 35193, Note_on_c, 0, 64, 0
2, 35216, Note_on_c, 0, 76, 100
2, 35218, Note_on_c, 0, 77, 0
2, 35218, Note_on_c, 0, 60, 100
2, 35244, Note_on_c, 0, 74, 100
2, 35245, Note_on_c, 0, 76, 0
2, 35252, Note_on_c, 0, 60, 0
2, 35260, Note_on_c, 0, 74, 0
2, 35273, Note_on_c, 0, 65, 100
2, 35275, Note_on_c, 0, 72, 100
2, 35306, Note_on_c, 0, 74, 100
2, 35307, Note_on_c, 0, 72, 0
2, 35316, Note_on_c, 0, 74, 0
2, 35333, Note_on_c, 0, 57, 100
2, 35334, Note_on_c, 0, 58, 0
2, 35339, Note_on_c, 0, 75, 100
2, 35366, Note_on_c, 0, 55, 100
2, 35368, Note_on_c, 0, 57, 0
2, 35396, Note_on_c, 0, 57, 100
2, 35400, Note_on_c, 0, 55, 0
2, 35401, Note_on_c, 0, 65, 0
2, 35429, Note_on_c, 0, 67, 100
2, 35453, Note_on_c, 0, 67, 0
2, 35459, Note_on_c, 0, 65, 100
2, 35459, Note_on_c, 0, 74, 100
2, 35460, Note_on_c, 0, 75, 0
2, 35486, Note_on_c, 0, 65, 0
2, 35488, Note_on_c, 0, 74, 0
2, 35488, Note_on_c, 0, 72, 100
2, 35488, Note_on_c, 0, 63, 100
2, 35504, Note_on_c, 0, 63, 0
2, 35514, Note_on_c, 0, 72, 0
2, 35518, Note_on_c, 0, 62, 100
2, 35519, Note_on_c, 0, 70, 100
2, 35547, Note_on_c, 0, 70, 0
2, 35548, Note_on_c, 0, 72, 100
2, 35551, Note_on_c, 0, 62, 0
2, 35552, Note_on_c, 0, 57, 0
2, 35576, Note_on_c, 0, 55, 100
2, 35577, Note_on_c, 0, 72, 0
2, 35579, Note_on_c, 0, 63, 100
2, 35580, Note_on_c, 0, 69, 100
2, 35610, Note_on_c, 0, 69, 0
2, 35610, Note_on_c, 0, 70, 100
2, 35637, Note_on_c, 0, 70, 0
2, 35639, Note_on_c, 0, 72, 100
2, 35668, Note_on_c, 0, 63, 0
2, 35669, Note_on_c, 0, 72, 0
2, 35669, Note_on_c, 0, 70, 100
2, 35689, Note_on_c, 0, 55, 0
2, 35696, Note_on_c, 0, 70, 0
2, 35696, Note_on_c, 0, 53, 100
2, 35698, Note_on_c, 0, 65, 100
2, 35698, Note_on_c, 0, 69, 100
2, 35711, Note_on_c, 0, 65, 0
2, 35725, Note_on_c, 0, 63, 100
2, 35727, Note_on_c, 0, 67, 100
2, 35729, Note_on_c, 0, 69, 0
2, 35746, Note_on_c, 0, 63, 0
2, 35751, Note_on_c, 0, 67, 0
2, 35759, Note_on_c, 0, 65, 100
2, 35759, Note_on_c, 0, 62, 100
2, 35766, Note_on_c, 0, 53, 0
2, 35785, Note_on_c, 0, 65, 0
2, 35787, Note_on_c, 0, 55, 100
2, 35791, Note_on_c, 0, 62, 0
2, 35816, Note_on_c, 0, 55, 0
2, 35817, Note_on_c, 0, 52, 100
2, 35819, Note_on_c, 0, 70, 100
2, 35820, Note_on_c, 0, 67, 100
2, 35847, Note_on_c, 0, 53, 100
2, 35848, Note_on_c, 0, 52, 0
2, 35862, Note_on_c, 0, 67, 0
2, 35862, Note_on_c, 0, 53, 0
2, 35864, Note_on_c, 0, 70, 0
2, 35878, Note_on_c, 0, 55, 100
2, 35880, Note_on_c, 0, 64, 100
2, 35881, Note_on_c, 0, 60, 100
2, 35907, Note_on_c, 0, 53, 100
2, 35911, Note_on_c, 0, 55, 0
2, 35914, Note_on_c, 0, 64, 0
2, 35938, Note_on_c, 0, 52, 100
2, 35941, Note_on_c, 0, 53, 0
2, 35941, Note_on_c, 0, 67, 100
2, 35969, Note_on_c, 0, 50, 100
2, 35970, Note_on_c, 0, 52, 0
2, 35999, Note_on_c, 0, 48, 100
2, 36002, Note_on_c, 0, 50, 0
2, 36003, Note_on_c, 0, 67, 0
2, 36005, Note_on_c, 0, 65, 100
2, 36027, Note_on_c, 0, 48, 0
2, 36034, Note_on_c, 0, 62, 100
2, 36037, Note_on_c, 0, 60, 0
2, 36037, Note_on_c, 0, 65, 0
2, 36054, Note_on_c, 0, 62, 0
2, 36063, Note_on_c, 0, 53, 100
2, 36066, Note_on_c, 0, 69, 100
2, 36066, Note_on_c, 0, 58, 100
2, 36094, Note_on_c, 0, 60, 100
2, 36095, Note_on_c, 0, 58, 0
2, 36126, Note_on_c, 0, 62, 100
2, 36128, Note_on_c, 0, 60, 0
2, 36152, Note_on_c, 0, 60, 100
2, 36154, Note_on_c, 0, 62, 0
2, 36174, Note_on_c, 0, 60, 0
2, 36179, Note_on_c, 0, 53, 0
2, 36179, Note_on_c, 0, 50, 100
2, 36180, Note_on_c, 0, 58, 100
2, 36181, Note_on_c, 0, 69, 0
2, 36181, Note_on_c, 0, 67, 100
2, 36196, Note_on_c, 0, 58, 0
2, 36210, Note_on_c, 0, 65, 100
2, 36210, Note_on_c, 0, 57, 100
2, 36212, Note_on_c, 0, 67, 0
2, 36221, Note_on_c, 0, 57, 0
2, 36237, Note_on_c, 0, 65, 0
2, 36239, Note_on_c, 0, 55, 100
2, 36240, Note_on_c, 0, 50, 0
2, 36240, Note_on_c, 0, 52, 100
2, 36241, Note_on_c, 0, 64, 100
2, 36258, Note_on_c, 0, 64, 0
2, 36269, Note_on_c, 0, 60, 100
2, 36296, Note_on_c, 0, 60, 0
2, 36298, Note_on_c, 0, 64, 100
2, 36325, Note_on_c, 0, 64, 0
2, 36325, Note_on_c, 0, 67, 100
2, 36348, Note_on_c, 0, 55, 0
2, 36351, Note_on_c, 0, 52, 0
2, 36353, Note_on_c, 0, 72, 100
2, 36354, Note_on_c, 0, 67, 0
2, 36377, Note_on_c, 0, 72, 0
2, 36381, Note_on_c, 0, 48, 100
2, 36382, Note_on_c, 0, 67, 100
2, 36405, Note_on_c, 0, 67, 0
2, 36406, Note_on_c, 0, 48, 0
2, 36409, Note_on_c, 0, 52, 100
2, 36412, Note_on_c, 0, 72, 100
2, 36435, Note_on_c, 0, 52, 0
2, 36435, Note_on_c, 0, 55, 100
2, 36442, Note_on_c, 0, 74, 100
2, 36443, Note_on_c, 0, 72, 0
2, 36447, Note_on_c, 0, 55, 0
2, 36454, Note_on_c, 0, 74, 0
2, 36468, Note_on_c, 0, 60, 100
2, 36472, Note_on_c, 0, 75, 100
2, 36504, Note_on_c, 0, 75, 0
2, 36504, Note_on_c, 0, 72, 100
2, 36530, Note_on_c, 0, 63, 100
2, 36533, Note_on_c, 0, 69, 100
2, 36534, Note_on_c, 0, 72, 0
2, 36560, Note_on_c, 0, 72, 100
2, 36561, Note_on_c, 0, 69, 0
2, 36569, Note_on_c, 0, 63, 0
2, 36571, Note_on_c, 0, 72, 0
2, 36572, Note_on_c, 0, 60, 0
2, 36587, Note_on_c, 0, 57, 100
2, 36588, Note_on_c, 0, 60, 100
2, 36591, Note_on_c, 0, 66, 100
2, 36616, Note_on_c, 0, 57, 0
2, 36618, Note_on_c, 0, 60, 0
2, 36623, Note_on_c, 0, 75, 100
2, 36625, Note_on_c, 0, 66, 0
2, 36645, Note_on_c, 0, 75, 0
2, 36648, Note_on_c, 0, 57, 100
2, 36649, Note_on_c, 0, 54, 100
2, 36653, Note_on_c, 0, 74, 100
2, 36671, Note_on_c, 0, 74, 0
2, 36681, Note_on_c, 0, 57, 0
2, 36681, Note_on_c, 0, 72, 100
2, 36682, Note_on_c, 0, 54, 0
2, 36700, Note_on_c, 0, 72, 0
2, 36707, Note_on_c, 0, 55, 100
2, 36708, Note_on_c, 0, 62, 100
2, 36712, Note_on_c, 0, 71, 100
2, 36732, Note_on_c, 0, 71, 0
2, 36735, Note_on_c, 0, 62, 0
2, 36744, Note_on_c, 0, 67, 100
2, 36746, Note_on_c, 0, 55, 0
2, 36760, Note_on_c, 0, 67, 0
2, 36770, Note_on_c, 0, 62, 100
2, 36774, Note_on_c, 0, 71, 100
2, 36775, Note_on_c, 0, 67, 100
2, 36800, Note_on_c, 0, 71, 0
2, 36803, Note_on_c, 0, 74, 100
2, 36816, Note_on_c, 0, 74, 0
2, 36836, Note_on_c, 0, 76, 100
2, 36839, Note_on_c, 0, 62, 0
2, 36860, Note_on_c, 0, 59, 100
2, 36886, Note_on_c, 0, 59, 0
2, 36891, Note_on_c, 0, 67, 0
2, 36891, Note_on_c, 0, 60, 100
2, 36911, Note_on_c, 0, 60, 0
2, 36920, Note_on_c, 0, 64, 100
2, 36928, Note_on_c, 0, 64, 0
2, 36952, Note_on_c, 0, 69, 100
2, 36978, Note_on_c, 0, 69, 0
2, 36982, Note_on_c, 0, 57, 100
2, 37012, Note_on_c, 0, 62, 100
2, 37013, Note_on_c, 0, 57, 0
2, 37020, Note_on_c, 0, 74, 100
2, 37024, Note_on_c, 0, 76, 0
2, 37045, Note_on_c, 0, 65, 100
2, 37047, Note_on_c, 0, 62, 0
2, 37061, Note_on_c, 0, 65, 0
2, 37076, Note_on_c, 0, 67, 100
2, 37104, Note_on_c, 0, 67, 0
2, 37106, Note_on_c, 0, 60, 100
2, 37128, Note_on_c, 0, 74, 0
2, 37135, Note_on_c, 0, 72, 100
2, 37137, Note_on_c, 0, 60, 0
2, 37137, Note_on_c, 0, 64, 100
2, 37156, Note_on_c, 0, 64, 0
2, 37162, Note_on_c, 0, 67, 100
2, 37174, Note_on_c, 0, 67, 0
2, 37192, Note_on_c, 0, 69, 100
2, 37202, Note_on_c, 0, 72, 0
2, 37224, Note_on_c, 0, 69, 0
2, 37224, Note_on_c, 0, 65, 100
2, 37229, Note_on_c, 0, 69, 100
2, 37253, Note_on_c, 0, 62, 100
2, 37254, Note_on_c, 0, 65, 0
2, 37257, Note_on_c, 0, 71, 100
2, 37261, Note_on_c, 0, 69, 0
2, 37271, Note_on_c, 0, 71, 0
2, 37282, Note_on_c, 0, 65, 100
2, 37286, Note_on_c, 0, 74, 100
2, 37288, Note_on_c, 0, 62, 0
2, 37294, Note_on_c, 0, 65, 0
2, 37297, Note_on_c, 0, 74, 0
2, 37313, Note_on_c, 0, 59, 100
2, 37318, Note_on_c, 0, 77, 100
2, 37342, Note_on_c, 0, 69, 100
2, 37345, Note_on_c, 0, 59, 0
2, 37355, Note_on_c, 0, 77, 0
2, 37355, Note_on_c, 0, 69, 0
2, 37373, Note_on_c, 0, 67, 100
2, 37381, Note_on_c, 0, 71, 100
2, 37399, Note_on_c, 0, 67, 0
2, 37403, Note_on_c, 0, 65, 100
2, 37404, Note_on_c, 0, 71, 0
2, 37417, Note_on_c, 0, 65, 0
2, 37435, Note_on_c, 0, 64, 100
2, 37439, Note_on_c, 0, 72, 100
2, 37465, Note_on_c, 0, 65, 100
2, 37469, Note_on_c, 0, 64, 0
2, 37491, Note_on_c, 0, 65, 0
2, 37496, Note_on_c, 0, 62, 100
2, 37496, Note_on_c, 0, 60, 100
2, 37527, Note_on_c, 0, 62, 0
2, 37527, Note_on_c, 0, 64, 100
2, 37547, Note_on_c, 0, 64, 0
2, 37552, Note_on_c, 0, 72, 0
2, 37553, Note_on_c, 0, 74, 100
2, 37586, Note_on_c, 0, 67, 100
2, 37612, Note_on_c, 0, 60, 0
2, 37612, Note_on_c, 0, 59, 100
2, 37615, Note_on_c, 0, 64, 100
2, 37617, Note_on_c, 0, 67, 0
2, 37641, Note_on_c, 0, 59, 0
2, 37641, Note_on_c, 0, 57, 100
2, 37645, Note_on_c, 0, 67, 100
2, 37647, Note_on_c, 0, 64, 0
2, 37670, Note_on_c, 0, 57, 0
2, 37670, Note_on_c, 0, 55, 100
2, 37675, Note_on_c, 0, 67, 0
2, 37682, Note_on_c, 0, 67, 100
2, 37701, Note_on_c, 0, 55, 0
2, 37701, Note_on_c, 0, 57, 100
2, 37709, Note_on_c, 0, 72, 100
2, 37711, Note_on_c, 0, 74, 0
2, 37714, Note_on_c, 0, 67, 0
2, 37733, Note_on_c, 0, 53, 100
2, 37735, Note_on_c, 0, 57, 0
2, 37740, Note_on_c, 0, 72, 0
2, 37740, Note_on_c, 0, 69, 100
2, 37764, Note_on_c, 0, 53, 0
2, 37764, Note_on_c, 0, 55, 100
2, 37768, Note_on_c, 0, 72, 100
2, 37769, Note_on_c, 0, 69, 0
2, 37781, Note_on_c, 0, 55, 0
2, 37794, Note_on_c, 0, 57, 100
2, 37797, Note_on_c, 0, 72, 0
2, 37797, Note_on_c, 0, 65, 100
2, 37824, Note_on_c, 0, 55, 100
2, 37828, Note_on_c, 0, 57, 0
2, 37829, Note_on_c, 0, 76, 100
2, 37830, Note_on_c, 0, 65, 0
2, 37853, Note_on_c, 0, 53, 100
2, 37857, Note_on_c, 0, 55, 0
2, 37858, Note_on_c, 0, 74, 100
2, 37862, Note_on_c, 0, 76, 0
2, 37884, Note_on_c, 0, 52, 100
2, 37885, Note_on_c, 0, 53, 0
2, 37887, Note_on_c, 0, 72, 100
2, 37891, Note_on_c, 0, 74, 0
2, 37902, Note_on_c, 0, 72, 0
2, 37915, Note_on_c, 0, 50, 100
2, 37916, Note_on_c, 0, 71, 100
2, 37919, Note_on_c, 0, 52, 0
2, 37938, Note_on_c, 0, 50, 0
2, 37941, Note_on_c, 0, 52, 100
2, 37949, Note_on_c, 0, 72, 100
2, 37953, Note_on_c, 0, 71, 0
2, 37970, Note_on_c, 0, 52, 0
2, 37975, Note_on_c, 0, 53, 100
2, 37978, Note_on_c, 0, 72, 0
2, 37978, Note_on_c, 0, 69, 100
2, 38006, Note_on_c, 0, 71, 100
2, 38008, Note_on_c, 0, 69, 0
2, 38025, Note_on_c, 0, 71, 0
2, 38038, Note_on_c, 0, 72, 100
2, 38070, Note_on_c, 0, 69, 100
2, 38071, Note_on_c, 0, 72, 0
2, 38094, Note_on_c, 0, 53, 0
2, 38099, Note_on_c, 0, 69, 0
2, 38100, Note_on_c, 0, 52, 100
2, 38100, Note_on_c, 0, 67, 100
2, 38127, Note_on_c, 0, 50, 100
2, 38129, Note_on_c, 0, 52, 0
2, 38129, Note_on_c, 0, 65, 100
2, 38131, Note_on_c, 0, 67, 0
2, 38149, Note_on_c, 0, 65, 0
2, 38158, Note_on_c, 0, 50, 0
2, 38158, Note_on_c, 0, 48, 100
2, 38160, Note_on_c, 0, 64, 100
2, 38187, Note_on_c, 0, 64, 0
2, 38188, Note_on_c, 0, 67, 100
2, 38189, Note_on_c, 0, 48, 0
2, 38216, Note_on_c, 0, 67, 0
2, 38217, Note_on_c, 0, 52, 100
2, 38218, Note_on_c, 0, 64, 100
2, 38218, Note_on_c, 0, 72, 100
2, 38247, Note_on_c, 0, 60, 100
2, 38249, Note_on_c, 0, 64, 0
2, 38268, Note_on_c, 0, 60, 0
2, 38273, Note_on_c, 0, 52, 0
2, 38275, Note_on_c, 0, 53, 100
2, 38278, Note_on_c, 0, 62, 100
2, 38308, Note_on_c, 0, 64, 100
2, 38311, Note_on_c, 0, 62, 0
2, 38318, Note_on_c, 0, 53, 0
2, 38325, Note_on_c, 0, 64, 0
2, 38336, Note_on_c, 0, 55, 100
2, 38338, Note_on_c, 0, 70, 100
2, 38339, Note_on_c, 0, 65, 100
2, 38340, Note_on_c, 0, 72, 0
2, 38370, Note_on_c, 0, 70, 0
2, 38370, Note_on_c, 0, 69, 100
2, 38379, Note_on_c, 0, 65, 0
2, 38397, Note_on_c, 0, 55, 0
2, 38397, Note_on_c, 0, 48, 100
2, 38400, Note_on_c, 0, 64, 100
2, 38401, Note_on_c, 0, 67, 100
2, 38402, Note_on_c, 0, 69, 0
2, 38427, Note_on_c, 0, 67, 0
2, 38428, Note_on_c, 0, 60, 100
2, 38429, Note_on_c, 0, 69, 100
2, 38434, Note_on_c, 0, 64, 0
2, 38436, Note_on_c, 0, 48, 0
2, 38459, Note_on_c, 0, 60, 0
2, 38459, Note_on_c, 0, 57, 100
2, 38460, Note_on_c, 0, 65, 100
2, 38461, Note_on_c, 0, 69, 0
2, 38487, Note_on_c, 0, 60, 100
2, 38490, Note_on_c, 0, 67, 100
2, 38491, Note_on_c, 0, 65, 0
2, 38492, Note_on_c, 0, 57, 0
2, 38507, Note_on_c, 0, 60, 0
2, 38513, Note_on_c, 0, 67, 0
2, 38517, Note_on_c, 0, 53, 100
2, 38520, Note_on_c, 0, 69, 100
2, 38547, Note_on_c, 0, 64, 100
2, 38549, Note_on_c, 0, 53, 0
2, 38549, Note_on_c, 0, 67, 100
2, 38550, Note_on_c, 0, 69, 0
2, 38576, Note_on_c, 0, 62, 100
2, 38577, Note_on_c, 0, 64, 0
2, 38579, Note_on_c, 0, 65, 100
2, 38580, Note_on_c, 0, 67, 0
2, 38606, Note_on_c, 0, 60, 100
2, 38610, Note_on_c, 0, 62, 0
2, 38610, Note_on_c, 0, 64, 100
2, 38613, Note_on_c, 0, 65, 0
2, 38623, Note_on_c, 0, 64, 0
2, 38626, Note_on_c, 0, 60, 0
2, 38637, Note_on_c, 0, 59, 100
2, 38639, Note_on_c, 0, 62, 100
2, 38666, Note_on_c, 0, 59, 0
2, 38666, Note_on_c, 0, 60, 100
2, 38667, Note_on_c, 0, 62, 0
2, 38667, Note_on_c, 0, 64, 100
2, 38684, Note_on_c, 0, 64, 0
2, 38696, Note_on_c, 0, 57, 100
2, 38697, Note_on_c, 0, 60, 0
2, 38699, Note_on_c, 0, 65, 100
2, 38726, Note_on_c, 0, 59, 100
2, 38727, Note_on_c, 0, 57, 0
2, 38754, Note_on_c, 0, 59, 0
2, 38755, Note_on_c, 0, 60, 100
2, 38784, Note_on_c, 0, 57, 100
2, 38786, Note_on_c, 0, 60, 0
2, 38815, Note_on_c, 0, 64, 100
2, 38815, Note_on_c, 0, 55, 100
2, 38817, Note_on_c, 0, 65, 0
2, 38817, Note_on_c, 0, 57, 0
2, 38841, Note_on_c, 0, 53, 100
2, 38842, Note_on_c, 0, 55, 0
2, 38843, Note_on_c, 0, 62, 100
2, 38848, Note_on_c, 0, 64, 0
2, 38864, Note_on_c, 0, 62, 0
2, 38867, Note_on_c, 0, 53, 0
2, 38870, Note_on_c, 0, 55, 100
2, 38876, Note_on_c, 0, 64, 100
2, 38909, Note_on_c, 0, 60, 100
2, 38910, Note_on_c, 0, 64, 0
2, 38934, Note_on_c, 0, 58, 100
2, 38939, Note_on_c, 0, 64, 100
2, 38942, Note_on_c, 0, 60, 0
2, 38968, Note_on_c, 0, 67, 100
2, 38973, Note_on_c, 0, 55, 0
2, 38974, Note_on_c, 0, 64, 0
2, 38992, Note_on_c, 0, 57, 100
2, 38995, Note_on_c, 0, 67, 0
2, 38998, Note_on_c, 0, 72, 100
2, 39010, Note_on_c, 0, 58, 0
2, 39015, Note_on_c, 0, 72, 0
2, 39029, Note_on_c, 0, 65, 100
2, 39054, Note_on_c, 0, 60, 100
2, 39058, Note_on_c, 0, 69, 100
2, 39062, Note_on_c, 0, 65, 0
2, 39079, Note_on_c, 0, 57, 0
2, 39086, Note_on_c, 0, 72, 100
2, 39088, Note_on_c, 0, 69, 0
2, 39092, Note_on_c, 0, 57, 100
2, 39102, Note_on_c, 0, 72, 0
2, 39110, Note_on_c, 0, 57, 0
2, 39112, Note_on_c, 0, 58, 100
2, 39116, Note_on_c, 0, 60, 0
2, 39117, Note_on_c, 0, 74, 100
2, 39149, Note_on_c, 0, 58, 0
2, 39149, Note_on_c, 0, 70, 100
2, 39150, Note_on_c, 0, 74, 0
2, 39173, Note_on_c, 0, 58, 100
2, 39174, Note_on_c, 0, 62, 100
2, 39182, Note_on_c, 0, 67, 100
2, 39185, Note_on_c, 0, 70, 0
2, 39201, Note_on_c, 0, 58, 0
2, 39205, Note_on_c, 0, 57, 100
2, 39209, Note_on_c, 0, 70, 100
2, 39210, Note_on_c, 0, 67, 0
2, 39214, Note_on_c, 0, 57, 0
2, 39234, Note_on_c, 0, 70, 0
2, 39238, Note_on_c, 0, 55, 100
2, 39241, Note_on_c, 0, 64, 100
2, 39271, Note_on_c, 0, 74, 100
2, 39272, Note_on_c, 0, 62, 0
2, 39289, Note_on_c, 0, 74, 0
2, 39302, Note_on_c, 0, 72, 100
2, 39315, Note_on_c, 0, 72, 0
2, 39334, Note_on_c, 0, 70, 100
2, 39342, Note_on_c, 0, 70, 0
2, 39364, Note_on_c, 0, 69, 100
2, 39367, Note_on_c, 0, 64, 0
2, 39391, Note_on_c, 0, 55, 0
2, 39391, Note_on_c, 0, 57, 100
2, 39419, Note_on_c, 0, 53, 100
2, 39421, Note_on_c, 0, 57, 0
2, 39421, Note_on_c, 0, 60, 100
2, 39445, Note_on_c, 0, 60, 100
2, 39446, Note_on_c, 0, 60, 0
2, 39447, Note_on_c, 0, 53, 0
2, 39447, Note_on_c, 0, 52, 100
2, 39451, Note_on_c, 0, 60, 0
2, 39452, Note_on_c, 0, 69, 0
2, 39477, Note_on_c, 0, 52, 0
2, 39477, Note_on_c, 0, 74, 100
2, 39477, Note_on_c, 0, 53, 100
2, 39501, Note_on_c, 0, 53, 0
2, 39507, Note_on_c, 0, 62, 100
2, 39533, Note_on_c, 0, 57, 100
2, 39535, Note_on_c, 0, 62, 0
2, 39538, Note_on_c, 0, 65, 100
2, 39565, Note_on_c, 0, 69, 100
2, 39567, Note_on_c, 0, 65, 0
2, 39580, Note_on_c, 0, 69, 0
2, 39595, Note_on_c, 0, 70, 100
2, 39625, Note_on_c, 0, 70, 0
2, 39627, Note_on_c, 0, 67, 100
2, 39652, Note_on_c, 0, 55, 100
2, 39655, Note_on_c, 0, 57, 0
2, 39656, Note_on_c, 0, 67, 0
2, 39656, Note_on_c, 0, 64, 100
2, 39680, Note_on_c, 0, 55, 0
2, 39680, Note_on_c, 0, 53, 100
2, 39685, Note_on_c, 0, 67, 100
2, 39686, Note_on_c, 0, 64, 0
2, 39700, Note_on_c, 0, 67, 0
2, 39710, Note_on_c, 0, 53, 0
2, 39711, Note_on_c, 0, 55, 100
2, 39712, Note_on_c, 0, 60, 100
2, 39714, Note_on_c, 0, 76, 100
2, 39715, Note_on_c, 0, 74, 0
2, 39726, Note_on_c, 0, 60, 0
2, 39745, Note_on_c, 0, 70, 100
2, 39765, Note_on_c, 0, 55, 0
2, 39771, Note_on_c, 0, 58, 100
2, 39775, Note_on_c, 0, 70, 0
2, 39776, Note_on_c, 0, 69, 100
2, 39803, Note_on_c, 0, 69, 0
2, 39804, Note_on_c, 0, 67, 100
2, 39827, Note_on_c, 0, 77, 100
2, 39828, Note_on_c, 0, 76, 0
2, 39828, Note_on_c, 0, 72, 100
2, 39832, Note_on_c, 0, 67, 0
2, 39867, Note_on_c, 0, 58, 0
2, 39871, Note_on_c, 0, 69, 100
2, 39873, Note_on_c, 0, 72, 0
2, 39890, Note_on_c, 0, 57, 100
2, 39900, Note_on_c, 0, 72, 100
2, 39902, Note_on_c, 0, 69, 0
2, 39930, Note_on_c, 0, 65, 100
2, 39931, Note_on_c, 0, 72, 0
2, 39946, Note_on_c, 0, 65, 0
2, 39956, Note_on_c, 0, 62, 100
2, 39960, Note_on_c, 0, 62, 100
2, 39978, Note_on_c, 0, 57, 0
2, 39985, Note_on_c, 0, 62, 0
2, 39990, Note_on_c, 0, 72, 100
2, 39999, Note_on_c, 0, 62, 0
2, 40015, Note_on_c, 0, 55, 100
2, 40019, Note_on_c, 0, 72, 0
2, 40019, Note_on_c, 0, 70, 100
2, 40043, Note_on_c, 0, 55, 0
2, 40043, Note_on_c, 0, 53, 100
2, 40046, Note_on_c, 0, 70, 0
2, 40047, Note_on_c, 0, 69, 100
2, 40066, Note_on_c, 0, 77, 0
2, 40071, Note_on_c, 0, 69, 0
2, 40073, Note_on_c, 0, 52, 100
2, 40074, Note_on_c, 0, 53, 0
2, 40079, Note_on_c, 0, 67, 100
2, 40105, Note_on_c, 0, 53, 100
2, 40106, Note_on_c, 0, 52, 0
2, 40134, Note_on_c, 0, 53, 0
2, 40135, Note_on_c, 0, 50, 100
2, 40137, Note_on_c, 0, 79, 100
2, 40163, Note_on_c, 0, 52, 100
2, 40167, Note_on_c, 0, 50, 0
2, 40195, Note_on_c, 0, 53, 100
2, 40196, Note_on_c, 0, 52, 0
2, 40196, Note_on_c, 0, 69, 100
2, 40197, Note_on_c, 0, 67, 0
2, 40222, Note_on_c, 0, 52, 100
2, 40223, Note_on_c, 0, 53, 0
2, 40251, Note_on_c, 0, 52, 0
2, 40253, Note_on_c, 0, 50, 100
2, 40257, Note_on_c, 0, 77, 100
2, 40258, Note_on_c, 0, 79, 0
2, 40258, Note_on_c, 0, 69, 0
2, 40258, Note_on_c, 0, 71, 100
2, 40284, Note_on_c, 0, 48, 100
2, 40286, Note_on_c, 0, 50, 0
2, 40288, Note_on_c, 0, 71, 0
2, 40304, Note_on_c, 0, 48, 0
2, 40314, Note_on_c, 0, 55, 100
2, 40318, Note_on_c, 0, 76, 100
2, 40318, Note_on_c, 0, 72, 100
2, 40321, Note_on_c, 0, 77, 0
2, 40355, Note_on_c, 0, 77, 100
2, 40357, Note_on_c, 0, 55, 0
2, 40357, Note_on_c, 0, 76, 0
2, 40381, Note_on_c, 0, 53, 100
2, 40383, Note_on_c, 0, 77, 0
2, 40384, Note_on_c, 0, 74, 100
2, 40402, Note_on_c, 0, 74, 0
2, 40403, Note_on_c, 0, 53, 0
2, 40409, Note_on_c, 0, 55, 100
2, 40412, Note_on_c, 0, 76, 100
2, 40424, Note_on_c, 0, 76, 0
2, 40425, Note_on_c, 0, 55, 0
2, 40440, Note_on_c, 0, 77, 100
2, 40440, Note_on_c, 0, 57, 100
2, 40441, Note_on_c, 0, 72, 0
2, 40471, Note_on_c, 0, 75, 100
2, 40473, Note_on_c, 0, 77, 0
2, 40501, Note_on_c, 0, 75, 0
2, 40502, Note_on_c, 0, 74, 100
2, 40529, Note_on_c, 0, 72, 100
2, 40530, Note_on_c, 0, 74, 0
2, 40552, Note_on_c, 0, 72, 0
2, 40558, Note_on_c, 0, 74, 100
2, 40588, Note_on_c, 0, 62, 100
2, 40595, Note_on_c, 0, 57, 0
2, 40615, Note_on_c, 0, 62, 0
2, 40615, Note_on_c, 0, 55, 100
2, 40618, Note_on_c, 0, 67, 100
2, 40632, Note_on_c, 0, 55, 0
2, 40639, Note_on_c, 0, 67, 0
2, 40643, Note_on_c, 0, 54, 100
2, 40647, Note_on_c, 0, 74, 0
2, 40647, Note_on_c, 0, 70, 100
2, 40653, Note_on_c, 0, 54, 0
2, 40673, Note_on_c, 0, 70, 0
2, 40676, Note_on_c, 0, 55, 100
2, 40676, Note_on_c, 0, 74, 100
2, 40705, Note_on_c, 0, 74, 0
2, 40706, Note_on_c, 0, 67, 100
2, 40727, Note_on_c, 0, 67, 0
2, 40735, Note_on_c, 0, 70, 100
2, 40759, Note_on_c, 0, 70, 0
2, 40764, Note_on_c, 0, 74, 100
2, 40780, Note_on_c, 0, 74, 0
2, 40795, Note_on_c, 0, 75, 100
2, 40812, Note_on_c, 0, 55, 0
2, 40824, Note_on_c, 0, 75, 0
2, 40825, Note_on_c, 0, 72, 100
2, 40852, Note_on_c, 0, 54, 100
2, 40856, Note_on_c, 0, 72, 0
2, 40856, Note_on_c, 0, 69, 100
2, 40868, Note_on_c, 0, 54, 0
2, 40880, Note_on_c, 0, 55, 100
2, 40885, Note_on_c, 0, 72, 100
2, 40891, Note_on_c, 0, 69, 0
2, 40895, Note_on_c, 0, 55, 0
2, 40902, Note_on_c, 0, 72, 0
2, 40913, Note_on_c, 0, 57, 100
2, 40915, Note_on_c, 0, 66, 100
2, 40936, Note_on_c, 0, 66, 0
2, 40945, Note_on_c, 0, 75, 100
2, 40957, Note_on_c, 0, 57, 0
2, 40974, Note_on_c, 0, 75, 0
2, 40974, Note_on_c, 0, 78, 100
2, 40974, Note_on_c, 0, 50, 100
2, 40976, Note_on_c, 0, 74, 100
2, 41003, Note_on_c, 0, 74, 0
2, 41004, Note_on_c, 0, 72, 100
2, 41008, Note_on_c, 0, 78, 0
2, 41036, Note_on_c, 0, 70, 100
2, 41036, Note_on_c, 0, 79, 100
2, 41037, Note_on_c, 0, 72, 0
2, 41063, Note_on_c, 0, 79, 0
2, 41065, Note_on_c, 0, 70, 0
2, 41066, Note_on_c, 0, 69, 100
2, 41076, Note_on_c, 0, 50, 0
2, 41092, Note_on_c, 0, 69, 0
2, 41095, Note_on_c, 0, 82, 100
2, 41095, Note_on_c, 0, 67, 100
2, 41124, Note_on_c, 0, 65, 100
2, 41127, Note_on_c, 0, 67, 0
2, 41153, Note_on_c, 0, 65, 0
2, 41154, Note_on_c, 0, 64, 100
2, 41185, Note_on_c, 0, 62, 100
2, 41186, Note_on_c, 0, 64, 0
2, 41212, Note_on_c, 0, 62, 0
2, 41213, Note_on_c, 0, 82, 0
2, 41214, Note_on_c, 0, 61, 100
2, 41217, Note_on_c, 0, 81, 100
2, 41235, Note_on_c, 0, 61, 0
2, 41243, Note_on_c, 0, 64, 100
2, 41245, Note_on_c, 0, 79, 100
2, 41246, Note_on_c, 0, 81, 0
2, 41254, Note_on_c, 0, 64, 0
2, 41259, Note_on_c, 0, 79, 0
2, 41275, Note_on_c, 0, 62, 100
2, 41278, Note_on_c, 0, 77, 100
2, 41308, Note_on_c, 0, 77, 0
2, 41308, Note_on_c, 0, 79, 100
2, 41334, Note_on_c, 0, 79, 0
2, 41337, Note_on_c, 0, 76, 100
2, 41340, Note_on_c, 0, 53, 100
2, 41359, Note_on_c, 0, 62, 0
2, 41360, Note_on_c, 0, 53, 0
2, 41366, Note_on_c, 0, 76, 0
2, 41366, Note_on_c, 0, 77, 100
2, 41394, Note_on_c, 0, 58, 100
2, 41397, Note_on_c, 0, 79, 100
2, 41398, Note_on_c, 0, 77, 0
2, 41425, Note_on_c, 0, 77, 100
2, 41426, Note_on_c, 0, 79, 0
2, 41455, Note_on_c, 0, 77, 0
2, 41457, Note_on_c, 0, 76, 100
2, 41457, Note_on_c, 0, 65, 100
2, 41482, Note_on_c, 0, 65, 0
2, 41486, Note_on_c, 0, 76, 0
2, 41487, Note_on_c, 0, 74, 100
2, 41516, Note_on_c, 0, 74, 0
2, 41516, Note_on_c, 0, 72, 100
2, 41517, Note_on_c, 0, 67, 100
2, 41535, Note_on_c, 0, 58, 0
2, 41545, Note_on_c, 0, 60, 100
2, 41561, Note_on_c, 0, 60, 0
2, 41575, Note_on_c, 0, 57, 100
2, 41605, Note_on_c, 0, 57, 0
2, 41605, Note_on_c, 0, 58, 100
2, 41624, Note_on_c, 0, 58, 0
2, 41634, Note_on_c, 0, 60, 100
2, 41645, Note_on_c, 0, 67, 0
2, 41664, Note_on_c, 0, 58, 100
2, 41666, Note_on_c, 0, 60, 0
2, 41694, Note_on_c, 0, 67, 100
2, 41694, Note_on_c, 0, 57, 100
2, 41696, Note_on_c, 0, 58, 0
2, 41715, Note_on_c, 0, 67, 0
2, 41723, Note_on_c, 0, 55, 100
2, 41724, Note_on_c, 0, 57, 0
2, 41753, Note_on_c, 0, 55, 0
2, 41753, Note_on_c, 0, 57, 100
2, 41756, Note_on_c, 0, 60, 100
2, 41778, Note_on_c, 0, 57, 0
2, 41786, Note_on_c, 0, 72, 0
2, 41786, Note_on_c, 0, 74, 100
2, 41790, Note_on_c, 0, 60, 0
2, 41804, Note_on_c, 0, 74, 0
2, 41813, Note_on_c, 0, 53, 100
2, 41817, Note_on_c, 0, 70, 100
2, 41817, Note_on_c, 0, 69, 100
2, 41837, Note_on_c, 0, 53, 0
2, 41848, Note_on_c, 0, 70, 0
2, 41851, Note_on_c, 0, 72, 100
2, 41873, Note_on_c, 0, 58, 100
2, 41881, Note_on_c, 0, 74, 100
2, 41883, Note_on_c, 0, 72, 0
2, 41907, Note_on_c, 0, 69, 0
2, 41912, Note_on_c, 0, 72, 100
2, 41916, Note_on_c, 0, 74, 0
2, 41941, Note_on_c, 0, 70, 100
2, 41941, Note_on_c, 0, 67, 100
2, 41944, Note_on_c, 0, 72, 0
2, 41967, Note_on_c, 0, 67, 0
2, 41969, Note_on_c, 0, 70, 0
2, 41969, Note_on_c, 0, 65, 100
2, 41970, Note_on_c, 0, 69, 100
2, 41997, Note_on_c, 0, 65, 0
2, 41999, Note_on_c, 0, 69, 0
2, 42000, Note_on_c, 0, 67, 100
2, 42001, Note_on_c, 0, 63, 100
2, 42012, Note_on_c, 0, 58, 0
2, 42026, Note_on_c, 0, 69, 100
2, 42027, Note_on_c, 0, 67, 0
2, 42028, Note_on_c, 0, 63, 0
2, 42029, Note_on_c, 0, 65, 100
2, 42042, Note_on_c, 0, 69, 0
2, 42054, Note_on_c, 0, 46, 100
2, 42058, Note_on_c, 0, 65, 0
2, 42060, Note_on_c, 0, 62, 100
2, 42062, Note_on_c, 0, 70, 100
2, 42071, Note_on_c, 0, 46, 0
2, 42084, Note_on_c, 0, 48, 100
2, 42094, Note_on_c, 0, 64, 100
2, 42099, Note_on_c, 0, 48, 0
2, 42101, Note_on_c, 0, 62, 0
2, 42117, Note_on_c, 0, 50, 100
2, 42124, Note_on_c, 0, 65, 100
2, 42125, Note_on_c, 0, 64, 0
2, 42151, Note_on_c, 0, 62, 100
2, 42153, Note_on_c, 0, 50, 0
2, 42154, Note_on_c, 0, 65, 0
2, 42176, Note_on_c, 0, 70, 0
2, 42177, Note_on_c, 0, 52, 100
2, 42180, Note_on_c, 0, 60, 100
2, 42181, Note_on_c, 0, 69, 100
2, 42183, Note_on_c, 0, 62, 0
2, 42202, Note_on_c, 0, 52, 0
2, 42208, Note_on_c, 0, 67, 100
2, 42208, Note_on_c, 0, 58, 100
2, 42209, Note_on_c, 0, 69, 0
2, 42210, Note_on_c, 0, 60, 0
2, 42234, Note_on_c, 0, 53, 100
2, 42237, Note_on_c, 0, 58, 0
2, 42238, Note_on_c, 0, 57, 100
2, 42239, Note_on_c, 0, 67, 0
2, 42239, Note_on_c, 0, 65, 100
2, 42266, Note_on_c, 0, 60, 100
2, 42267, Note_on_c, 0, 57, 0
2, 42276, Note_on_c, 0, 53, 0
2, 42284, Note_on_c, 0, 60, 0
2, 42296, Note_on_c, 0, 58, 100
2, 42325, Note_on_c, 0, 58, 0
2, 42326, Note_on_c, 0, 60, 100
2, 42339, Note_on_c, 0, 65, 0
2, 42357, Note_on_c, 0, 60, 0
2, 42357, Note_on_c, 0, 62, 100
2, 42387, Note_on_c, 0, 60, 100
2, 42391, Note_on_c, 0, 62, 0
2, 42413, Note_on_c, 0, 53, 100
2, 42418, Note_on_c, 0, 58, 100
2, 42422, Note_on_c, 0, 60, 0
2, 42439, Note_on_c, 0, 58, 0
2, 42445, Note_on_c, 0, 57, 100
2, 42459, Note_on_c, 0, 57, 0
2, 42476, Note_on_c, 0, 55, 100
2, 42503, Note_on_c, 0, 51, 100
2, 42505, Note_on_c, 0, 53, 0
2, 42532, Note_on_c, 0, 51, 0
2, 42533, Note_on_c, 0, 50, 100
2, 42561, Note_on_c, 0, 51, 100
2, 42563, Note_on_c, 0, 50, 0
2, 42566, Note_on_c, 0, 55, 0
2, 42567, Note_on_c, 0, 57, 100
2, 42574, Note_on_c, 0, 51, 0
2, 42592, Note_on_c, 0, 53, 100
2, 42593, Note_on_c, 0, 57, 0
2, 42599, Note_on_c, 0, 58, 100
2, 42616, Note_on_c, 0, 58, 0
2, 42616, Note_on_c, 0, 57, 100
2, 42621, Note_on_c, 0, 51, 100
2, 42625, Note_on_c, 0, 53, 0
2, 42630, Note_on_c, 0, 57, 0
2, 42631, Note_on_c, 0, 58, 100
2, 42642, Note_on_c, 0, 58, 0
2, 42642, Note_on_c, 0, 57, 100
2, 42650, Note_on_c, 0, 50, 100
2, 42651, Note_on_c, 0, 51, 0
2, 42653, Note_on_c, 0, 57, 0
2, 42654, Note_on_c, 0, 58, 100
2, 42662, Note_on_c, 0, 57, 100
2, 42672, Note_on_c, 0, 58, 0
2, 42678, Note_on_c, 0, 48, 100
2, 42680, Note_on_c, 0, 50, 0
2, 42682, Note_on_c, 0, 55, 100
2, 42683, Note_on_c, 0, 57, 0
2, 42696, Note_on_c, 0, 57, 100
2, 42702, Note_on_c, 0, 48, 0
2, 42703, Note_on_c, 0, 55, 0
2, 42709, Note_on_c, 0, 50, 100
2, 42720, Note_on_c, 0, 57, 0
2, 42722, Note_on_c, 0, 58, 100
2, 42753, Note_on_c, 0, 65, 100
2, 42782, Note_on_c, 0, 65, 0
2, 42782, Note_on_c, 0, 64, 100
2, 42806, Note_on_c, 0, 64, 0
2, 42807, Note_on_c, 0, 50, 0
2, 42809, Note_on_c, 0, 52, 100
2, 42811, Note_on_c, 0, 65, 100
2, 42837, Note_on_c, 0, 65, 0
2, 42838, Note_on_c, 0, 52, 0
2, 42840, Note_on_c, 0, 67, 100
2, 42841, Note_on_c, 0, 53, 100
2, 42854, Note_on_c, 0, 52, 100
2, 42855, Note_on_c, 0, 53, 0
2, 42867, Note_on_c, 0, 52, 0
2, 42869, Note_on_c, 0, 53, 100
2, 42870, Note_on_c, 0, 67, 0
2, 42870, Note_on_c, 0, 65, 100
2, 42881, Note_on_c, 0, 52, 100
2, 42882, Note_on_c, 0, 53, 0
2, 42893, Note_on_c, 0, 52, 0
2, 42894, Note_on_c, 0, 53, 100
2, 42899, Note_on_c, 0, 65, 0
2, 42900, Note_on_c, 0, 64, 100
2, 42903, Note_on_c, 0, 52, 100
2, 42909, Note_on_c, 0, 53, 0
2, 42919, Note_on_c, 0, 52, 0
2, 42919, Note_on_c, 0, 50, 100
2, 42929, Note_on_c, 0, 62, 100
2, 42932, Note_on_c, 0, 52, 100
2, 42933, Note_on_c, 0, 64, 0
2, 42939, Note_on_c, 0, 50, 0
2, 42940, Note_on_c, 0, 62, 0
2, 42954, Note_on_c, 0, 52, 0
2, 42956, Note_on_c, 0, 53, 100
2, 42959, Note_on_c, 0, 60, 100
2, 42987, Note_on_c, 0, 58, 100
2, 42990, Note_on_c, 0, 72, 100
2, 42995, Note_on_c, 0, 60, 0
2, 42995, Note_on_c, 0, 57, 100
2, 42996, Note_on_c, 0, 58, 0
2, 43010, Note_on_c, 0, 53, 0
2, 43013, Note_on_c, 0, 53, 100
2, 43014, Note_on_c, 0, 55, 100
2, 43015, Note_on_c, 0, 57, 0
2, 43021, Note_on_c, 0, 70, 100
2, 43023, Note_on_c, 0, 72, 0
2, 43038, Note_on_c, 0, 55, 0
2, 43044, Note_on_c, 0, 57, 100
2, 43049, Note_on_c, 0, 72, 100
2, 43050, Note_on_c, 0, 70, 0
2, 43071, Note_on_c, 0, 58, 0
2, 43076, Note_on_c, 0, 57, 0
2, 43076, Note_on_c, 0, 58, 100
2, 43077, Note_on_c, 0, 74, 100
2, 43079, Note_on_c, 0, 72, 0
2, 43104, Note_on_c, 0, 57, 100
2, 43106, Note_on_c, 0, 53, 0
2, 43107, Note_on_c, 0, 72, 100
2, 43109, Note_on_c, 0, 58, 0
2, 43109, Note_on_c, 0, 74, 0
2, 43133, Note_on_c, 0, 55, 100
2, 43135, Note_on_c, 0, 57, 0
2, 43137, Note_on_c, 0, 72, 0
2, 43137, Note_on_c, 0, 70, 100
2, 43161, Note_on_c, 0, 53, 100
2, 43163, Note_on_c, 0, 70, 0
2, 43165, Note_on_c, 0, 55, 0
2, 43165, Note_on_c, 0, 69, 100
2, 43190, Note_on_c, 0, 60, 100
2, 43193, Note_on_c, 0, 53, 0
2, 43193, Note_on_c, 0, 69, 0
2, 43194, Note_on_c, 0, 67, 100
2, 43217, Note_on_c, 0, 67, 0
2, 43221, Note_on_c, 0, 52, 100
2, 43226, Note_on_c, 0, 79, 100
2, 43251, Note_on_c, 0, 50, 100
2, 43254, Note_on_c, 0, 52, 0
2, 43256, Note_on_c, 0, 79, 0
2, 43256, Note_on_c, 0, 77, 100
2, 43280, Note_on_c, 0, 52, 100
2, 43285, Note_on_c, 0, 50, 0
2, 43285, Note_on_c, 0, 79, 100
2, 43287, Note_on_c, 0, 77, 0
2, 43311, Note_on_c, 0, 53, 100
2, 43314, Note_on_c, 0, 52, 0
2, 43314, Note_on_c, 0, 79, 0
2, 43315, Note_on_c, 0, 81, 100
2, 43340, Note_on_c, 0, 52, 100
2, 43344, Note_on_c, 0, 53, 0
2, 43346, Note_on_c, 0, 79, 100
2, 43349, Note_on_c, 0, 81, 0
2, 43373, Note_on_c, 0, 50, 100
2, 43377, Note_on_c, 0, 77, 100
2, 43378, Note_on_c, 0, 52, 0
2, 43379, Note_on_c, 0, 79, 0
2, 43404, Note_on_c, 0, 77, 0
2, 43405, Note_on_c, 0, 76, 100
2, 43409, Note_on_c, 0, 50, 0
2, 43416, Note_on_c, 0, 76, 0
2, 43431, Note_on_c, 0, 55, 100
2, 43437, Note_on_c, 0, 74, 100
2, 43461, Note_on_c, 0, 58, 100
2, 43464, Note_on_c, 0, 60, 0
2, 43489, Note_on_c, 0, 58, 0
2, 43489, Note_on_c, 0, 57, 100
2, 43518, Note_on_c, 0, 58, 100
2, 43519, Note_on_c, 0, 57, 0
2, 43528, Note_on_c, 0, 76, 100
2, 43529, Note_on_c, 0, 74, 0
2, 43548, Note_on_c, 0, 76, 0
2, 43554, Note_on_c, 0, 58, 0
2, 43555, Note_on_c, 0, 60, 100
2, 43558, Note_on_c, 0, 77, 100
2, 43571, Note_on_c, 0, 76, 100
2, 43572, Note_on_c, 0, 77, 0
2, 43583, Note_on_c, 0, 76, 0
2, 43584, Note_on_c, 0, 77, 100
2, 43584, Note_on_c, 0, 58, 100
2, 43586, Note_on_c, 0, 60, 0
2, 43595, Note_on_c, 0, 77, 0
2, 43595, Note_on_c, 0, 76, 100
2, 43608, Note_on_c, 0, 77, 100
2, 43612, Note_on_c, 0, 77, 0
2, 43612, Note_on_c, 0, 57, 100
2, 43616, Note_on_c, 0, 55, 0
2, 43618, Note_on_c, 0, 58, 0
2, 43620, Note_on_c, 0, 77, 100
2, 43621, Note_on_c, 0, 76, 0
2, 43628, Note_on_c, 0, 76, 100
2, 43629, Note_on_c, 0, 77, 0
2, 43639, Note_on_c, 0, 55, 100
2, 43643, Note_on_c, 0, 74, 100
2, 43646, Note_on_c, 0, 57, 0
2, 43646, Note_on_c, 0, 76, 0
2, 43647, Note_on_c, 0, 55, 0
2, 43657, Note_on_c, 0, 74, 0
2, 43658, Note_on_c, 0, 76, 100
2, 43667, Note_on_c, 0, 57, 100
2, 43668, Note_on_c, 0, 50, 100
2, 43671, Note_on_c, 0, 76, 0
2, 43677, Note_on_c, 0, 77, 100
2, 43705, Note_on_c, 0, 57, 0
2, 43708, Note_on_c, 0, 69, 100
2, 43737, Note_on_c, 0, 67, 100
2, 43740, Note_on_c, 0, 69, 0
2, 43749, Note_on_c, 0, 50, 0
2, 43769, Note_on_c, 0, 69, 100
2, 43771, Note_on_c, 0, 67, 0
2, 43793, Note_on_c, 0, 62, 100
2, 43798, Note_on_c, 0, 70, 100
2, 43799, Note_on_c, 0, 69, 0
2, 43830, Note_on_c, 0, 69, 100
2, 43831, Note_on_c, 0, 70, 0
2, 43856, Note_on_c, 0, 67, 100
2, 43859, Note_on_c, 0, 67, 100
2, 43861, Note_on_c, 0, 69, 0
2, 43882, Note_on_c, 0, 67, 0
2, 43883, Note_on_c, 0, 65, 100
2, 43886, Note_on_c, 0, 65, 100
2, 43890, Note_on_c, 0, 62, 0
2, 43890, Note_on_c, 0, 67, 0
2, 43909, Note_on_c, 0, 65, 0
2, 43911, Note_on_c, 0, 62, 100
2, 43918, Note_on_c, 0, 65, 0
2, 43919, Note_on_c, 0, 77, 0
2, 43919, Note_on_c, 0, 67, 100
2, 43920, Note_on_c, 0, 76, 100
2, 43946, Note_on_c, 0, 62, 0
2, 43946, Note_on_c, 0, 61, 100
2, 43975, Note_on_c, 0, 61, 0
2, 43975, Note_on_c, 0, 59, 100
2, 44004, Note_on_c, 0, 61, 100
2, 44005, Note_on_c, 0, 59, 0
2, 44008, Note_on_c, 0, 70, 100
2, 44011, Note_on_c, 0, 67, 0
2, 44020, Note_on_c, 0, 70, 0
2, 44034, Note_on_c, 0, 61, 0
2, 44035, Note_on_c, 0, 62, 100
2, 44039, Note_on_c, 0, 70, 100
2, 44053, Note_on_c, 0, 69, 100
2, 44054, Note_on_c, 0, 70, 0
2, 44065, Note_on_c, 0, 61, 100
2, 44066, Note_on_c, 0, 69, 0
2, 44068, Note_on_c, 0, 62, 0
2, 44068, Note_on_c, 0, 70, 100
2, 44076, Note_on_c, 0, 69, 100
2, 44077, Note_on_c, 0, 70, 0
2, 44083, Note_on_c, 0, 69, 0
2, 44083, Note_on_c, 0, 70, 100
2, 44089, Note_on_c, 0, 69, 100
2, 44093, Note_on_c, 0, 70, 0
2, 44093, Note_on_c, 0, 59, 100
2, 44094, Note_on_c, 0, 61, 0
2, 44120, Note_on_c, 0, 57, 100
2, 44121, Note_on_c, 0, 67, 100
2, 44122, Note_on_c, 0, 69, 0
2, 44125, Note_on_c, 0, 59, 0
2, 44145, Note_on_c, 0, 57, 0
2, 44149, Note_on_c, 0, 62, 100
2, 44152, Note_on_c, 0, 65, 100
2, 44154, Note_on_c, 0, 67, 0
2, 44155, Note_on_c, 0, 76, 0
2, 44185, Note_on_c, 0, 74, 100
2, 44214, Note_on_c, 0, 73, 100
2, 44215, Note_on_c, 0, 74, 0
2, 44227, Note_on_c, 0, 65, 0
2, 44239, Note_on_c, 0, 60, 100
2, 44242, Note_on_c, 0, 62, 0
2, 44243, Note_on_c, 0, 74, 100
2, 44244, Note_on_c, 0, 67, 100
2, 44245, Note_on_c, 0, 73, 0
2, 44252, Note_on_c, 0, 60, 0
2, 44261, Note_on_c, 0, 67, 0
2, 44268, Note_on_c, 0, 74, 0
2, 44273, Note_on_c, 0, 60, 100
2, 44276, Note_on_c, 0, 69, 100
2, 44276, Note_on_c, 0, 76, 100
2, 44284, Note_on_c, 0, 60, 0
2, 44285, Note_on_c, 0, 58, 100
2, 44294, Note_on_c, 0, 58, 0
2, 44295, Note_on_c, 0, 60, 100
2, 44302, Note_on_c, 0, 58, 100
2, 44304, Note_on_c, 0, 60, 0
2, 44307, Note_on_c, 0, 74, 100
2, 44309, Note_on_c, 0, 76, 0
2, 44309, Note_on_c, 0, 58, 0
2, 44310, Note_on_c, 0, 60, 100
2, 44317, Note_on_c, 0, 58, 100
2, 44321, Note_on_c, 0, 58, 0
2, 44328, Note_on_c, 0, 58, 100
2, 44330, Note_on_c, 0, 60, 0
2, 44337, Note_on_c, 0, 60, 100
2, 44338, Note_on_c, 0, 74, 0
2, 44338, Note_on_c, 0, 73, 100
2, 44341, Note_on_c, 0, 60, 0
2, 44364, Note_on_c, 0, 58, 0
2, 44364, Note_on_c, 0, 57, 100
2, 44365, Note_on_c, 0, 74, 100
2, 44366, Note_on_c, 0, 73, 0
2, 44377, Note_on_c, 0, 74, 0
2, 44380, Note_on_c, 0, 58, 100
2, 44381, Note_on_c, 0, 57, 0
2, 44394, Note_on_c, 0, 58, 0
2, 44396, Note_on_c, 0, 73, 100
2, 44396, Note_on_c, 0, 57, 100
2, 44425, Note_on_c, 0, 57, 0
2, 44425, Note_on_c, 0, 58, 100
2, 44451, Note_on_c, 0, 58, 0
2, 44451, Note_on_c, 0, 55, 100
2, 44460, Note_on_c, 0, 69, 0
2, 44479, Note_on_c, 0, 57, 100
2, 44484, Note_on_c, 0, 55, 0
2, 44489, Note_on_c, 0, 73, 0
2, 44489, Note_on_c, 0, 69, 100
2, 44505, Note_on_c, 0, 69, 0
2, 44510, Note_on_c, 0, 57, 0
2, 44510, Note_on_c, 0, 58, 100
2, 44522, Note_on_c, 0, 74, 100
2, 44522, Note_on_c, 0, 65, 100
2, 44548, Note_on_c, 0, 57, 100
2, 44549, Note_on_c, 0, 58, 0
2, 44578, Note_on_c, 0, 55, 100
2, 44582, Note_on_c, 0, 57, 0
2, 44584, Note_on_c, 0, 65, 0
2, 44607, Note_on_c, 0, 53, 100
2, 44608, Note_on_c, 0, 55, 0
2, 44612, Note_on_c, 0, 62, 100
2, 44626, Note_on_c, 0, 62, 0
2, 44637, Note_on_c, 0, 53, 0
2, 44640, Note_on_c, 0, 55, 100
2, 44649, Note_on_c, 0, 64, 100
2, 44676, Note_on_c, 0, 57, 100
2, 44680, Note_on_c, 0, 55, 0
2, 44708, Note_on_c, 0, 53, 100
2, 44710, Note_on_c, 0, 57, 0
2, 44733, Note_on_c, 0, 76, 100
2, 44736, Note_on_c, 0, 53, 0
2, 44736, Note_on_c, 0, 55, 100
2, 44737, Note_on_c, 0, 74, 0
2, 44745, Note_on_c, 0, 76, 0
2, 44763, Note_on_c, 0, 57, 100
2, 44766, Note_on_c, 0, 55, 0
2, 44768, Note_on_c, 0, 72, 100
2, 44793, Note_on_c, 0, 55, 100
2, 44797, Note_on_c, 0, 57, 0
2, 44822, Note_on_c, 0, 54, 100
2, 44826, Note_on_c, 0, 55, 0
2, 44843, Note_on_c, 0, 64, 0
2, 44844, Note_on_c, 0, 69, 100
2, 44852, Note_on_c, 0, 54, 0
2, 44852, Note_on_c, 0, 52, 100
2, 44859, Note_on_c, 0, 69, 0
2, 44875, Note_on_c, 0, 62, 100
2, 44879, Note_on_c, 0, 54, 100
2, 44881, Note_on_c, 0, 52, 0
2, 44907, Note_on_c, 0, 62, 0
2, 44907, Note_on_c, 0, 63, 100
2, 44936, Note_on_c, 0, 63, 0
2, 44936, Note_on_c, 0, 60, 100
2, 44960, Note_on_c, 0, 54, 0
2, 44961, Note_on_c, 0, 50, 100
2, 44964, Note_on_c, 0, 60, 0
2, 44964, Note_on_c, 0, 62, 100
2, 44988, Note_on_c, 0, 50, 0
2, 44991, Note_on_c, 0, 55, 100
2, 44993, Note_on_c, 0, 72, 0
2, 44994, Note_on_c, 0, 63, 100
2, 44995, Note_on_c, 0, 70, 100
2, 44997, Note_on_c, 0, 62, 0
2, 45000, Note_on_c, 0, 63, 0
2, 45021, Note_on_c, 0, 62, 100
2, 45050, Note_on_c, 0, 60, 100
2, 45052, Note_on_c, 0, 62, 0
2, 45072, Note_on_c, 0, 70, 0
2, 45079, Note_on_c, 0, 58, 100
2, 45081, Note_on_c, 0, 60, 0
2, 45082, Note_on_c, 0, 75, 100
2, 45093, Note_on_c, 0, 75, 0
2, 45109, Note_on_c, 0, 60, 100
2, 45111, Note_on_c, 0, 58, 0
2, 45113, Note_on_c, 0, 69, 100
2, 45128, Note_on_c, 0, 60, 0
2, 45140, Note_on_c, 0, 63, 100
2, 45144, Note_on_c, 0, 72, 100
2, 45145, Note_on_c, 0, 69, 0
2, 45170, Note_on_c, 0, 62, 100
2, 45172, Note_on_c, 0, 63, 0
2, 45172, Note_on_c, 0, 72, 0
2, 45173, Note_on_c, 0, 70, 100
2, 45195, Note_on_c, 0, 70, 0
2, 45196, Note_on_c, 0, 63, 100
2, 45198, Note_on_c, 0, 55, 0
2, 45198, Note_on_c, 0, 62, 0
2, 45202, Note_on_c, 0, 72, 100
2, 45215, Note_on_c, 0, 63, 0
2, 45227, Note_on_c, 0, 57, 100
2, 45228, Note_on_c, 0, 54, 100
2, 45231, Note_on_c, 0, 72, 0
2, 45233, Note_on_c, 0, 74, 100
2, 45248, Note_on_c, 0, 57, 0
2, 45263, Note_on_c, 0, 72, 100
2, 45264, Note_on_c, 0, 74, 0
2, 45291, Note_on_c, 0, 62, 100
2, 45294, Note_on_c, 0, 72, 0
2, 45294, Note_on_c, 0, 70, 100
2, 45313, Note_on_c, 0, 54, 0
2, 45323, Note_on_c, 0, 70, 0
2, 45324, Note_on_c, 0, 69, 100
2, 45348, Note_on_c, 0, 55, 100
2, 45353, Note_on_c, 0, 70, 100
2, 45358, Note_on_c, 0, 69, 0
2, 45370, Note_on_c, 0, 70, 0
2, 45379, Note_on_c, 0, 62, 0
2, 45387, Note_on_c, 0, 77, 100
2, 45388, Note_on_c, 0, 69, 100
2, 45416, Note_on_c, 0, 77, 0
2, 45417, Note_on_c, 0, 67, 100
2, 45417, Note_on_c, 0, 76, 100
2, 45418, Note_on_c, 0, 69, 0
2, 45445, Note_on_c, 0, 69, 100
2, 45446, Note_on_c, 0, 67, 0
2, 45446, Note_on_c, 0, 76, 0
2, 45447, Note_on_c, 0, 77, 100
2, 45477, Note_on_c, 0, 69, 0
2, 45477, Note_on_c, 0, 77, 0
2, 45478, Note_on_c, 0, 79, 100
2, 45479, Note_on_c, 0, 70, 100
2, 45510, Note_on_c, 0, 79, 0
2, 45510, Note_on_c, 0, 69, 100
2, 45511, Note_on_c, 0, 70, 0
2, 45511, Note_on_c, 0, 77, 100
2, 45526, Note_on_c, 0, 69, 0
2, 45536, Note_on_c, 0, 67, 100
2, 45540, Note_on_c, 0, 76, 100
2, 45541, Note_on_c, 0, 77, 0
2, 45549, Note_on_c, 0, 67, 0
2, 45566, Note_on_c, 0, 65, 100
2, 45568, Note_on_c, 0, 76, 0
2, 45569, Note_on_c, 0, 74, 100
2, 45577, Note_on_c, 0, 65, 0
2, 45583, Note_on_c, 0, 74, 0
2, 45597, Note_on_c, 0, 55, 0
2, 45598, Note_on_c, 0, 64, 100
2, 45599, Note_on_c, 0, 73, 100
2, 45625, Note_on_c, 0, 64, 0
2, 45627, Note_on_c, 0, 65, 100
2, 45627, Note_on_c, 0, 62, 100
2, 45656, Note_on_c, 0, 62, 0
2, 45657, Note_on_c, 0, 61, 100
2, 45658, Note_on_c, 0, 65, 0
2, 45659, Note_on_c, 0, 64, 100
2, 45684, Note_on_c, 0, 61, 0
2, 45687, Note_on_c, 0, 62, 100
2, 45688, Note_on_c, 0, 73, 0
2, 45688, Note_on_c, 0, 65, 100
2, 45689, Note_on_c, 0, 64, 0
2, 45709, Note_on_c, 0, 65, 0
2, 45716, Note_on_c, 0, 62, 0
2, 45717, Note_on_c, 0, 64, 100
2, 45718, Note_on_c, 0, 67, 100
2, 45743, Note_on_c, 0, 64, 0
2, 45745, Note_on_c, 0, 62, 100
2, 45745, Note_on_c, 0, 65, 100
2, 45747, Note_on_c, 0, 67, 0
2, 45759, Note_on_c, 0, 65, 0
2, 45772, Note_on_c, 0, 62, 0
2, 45773, Note_on_c, 0, 61, 100
2, 45780, Note_on_c, 0, 64, 100
2, 45803, Note_on_c, 0, 59, 100
2, 45804, Note_on_c, 0, 61, 0
2, 45833, Note_on_c, 0, 59, 0
2, 45833, Note_on_c, 0, 57, 100
2, 45867, Note_on_c, 0, 69, 100
2, 45893, Note_on_c, 0, 69, 0
2, 45894, Note_on_c, 0, 64, 0
2, 45894, Note_on_c, 0, 57, 0
2, 45894, Note_on_c, 0, 53, 100
2, 45897, Note_on_c, 0, 70, 100
2, 45897, Note_on_c, 0, 62, 100
2, 45926, Note_on_c, 0, 70, 0
2, 45926, Note_on_c, 0, 69, 100
2, 45934, Note_on_c, 0, 62, 0
2, 45950, Note_on_c, 0, 69, 0
2, 45952, Note_on_c, 0, 53, 0
2, 45952, Note_on_c, 0, 58, 100
2, 45955, Note_on_c, 0, 67, 100
2, 45986, Note_on_c, 0, 69, 100
2, 46014, Note_on_c, 0, 57, 100
2, 46015, Note_on_c, 0, 69, 0
2, 46016, Note_on_c, 0, 71, 100
2, 46040, Note_on_c, 0, 57, 0
2, 46041, Note_on_c, 0, 55, 100
2, 46047, Note_on_c, 0, 71, 0
2, 46047, Note_on_c, 0, 73, 100
2, 46050, Note_on_c, 0, 55, 0
2, 46055, Note_on_c, 0, 58, 0
2, 46072, Note_on_c, 0, 57, 100
2, 46075, Note_on_c, 0, 73, 0
2, 46077, Note_on_c, 0, 74, 100
2, 46079, Note_on_c, 0, 67, 0
2, 46103, Note_on_c, 0, 58, 100
2, 46106, Note_on_c, 0, 57, 0
2, 46106, Note_on_c, 0, 67, 100
2, 46131, Note_on_c, 0, 58, 0
2, 46133, Note_on_c, 0, 55, 100
2, 46138, Note_on_c, 0, 69, 100
2, 46141, Note_on_c, 0, 67, 0
2, 46164, Note_on_c, 0, 57, 100
2, 46165, Note_on_c, 0, 67, 100
2, 46167, Note_on_c, 0, 55, 0
2, 46168, Note_on_c, 0, 69, 0
2, 46192, Note_on_c, 0, 57, 0
2, 46193, Note_on_c, 0, 60, 100
2, 46195, Note_on_c, 0, 66, 100
2, 46196, Note_on_c, 0, 67, 0
2, 46224, Note_on_c, 0, 58, 100
2, 46226, Note_on_c, 0, 67, 100
2, 46227, Note_on_c, 0, 66, 0
2, 46228, Note_on_c, 0, 60, 0
2, 46254, Note_on_c, 0, 57, 100
2, 46257, Note_on_c, 0, 58, 0
2, 46257, Note_on_c, 0, 67, 0
2, 46257, Note_on_c, 0, 69, 100
2, 46283, Note_on_c, 0, 55, 100
2, 46284, Note_on_c, 0, 57, 0
2, 46286, Note_on_c, 0, 69, 0
2, 46287, Note_on_c, 0, 70, 100
2, 46313, Note_on_c, 0, 54, 100
2, 46315, Note_on_c, 0, 55, 0
2, 46316, Note_on_c, 0, 70, 0
2, 46318, Note_on_c, 0, 72, 100
2, 46339, Note_on_c, 0, 74, 0
2, 46341, Note_on_c, 0, 72, 0
2, 46344, Note_on_c, 0, 62, 100
2, 46362, Note_on_c, 0, 62, 0
2, 46371, Note_on_c, 0, 54, 0
2, 46372, Note_on_c, 0, 70, 100
2, 46372, Note_on_c, 0, 79, 100
2, 46373, Note_on_c, 0, 55, 100
2, 46375, Note_on_c, 0, 63, 100
2, 46401, Note_on_c, 0, 63, 0
2, 46403, Note_on_c, 0, 62, 100
2, 46418, Note_on_c, 0, 79, 0
2, 46419, Note_on_c, 0, 70, 0
2, 46426, Note_on_c, 0, 62, 0
2, 46432, Note_on_c, 0, 57, 100
2, 46432, Note_on_c, 0, 69, 100
2, 46432, Note_on_c, 0, 78, 100
2, 46432, Note_on_c, 0, 60, 100
2, 46434, Note_on_c, 0, 55, 0
2, 46461, Note_on_c, 0, 78, 0
2, 46462, Note_on_c, 0, 60, 0
2, 46463, Note_on_c, 0, 62, 100
2, 46465, Note_on_c, 0, 69, 0
2, 46484, Note_on_c, 0, 62, 0
2, 46490, Note_on_c, 0, 64, 100
2, 46491, Note_on_c, 0, 57, 0
2, 46491, Note_on_c, 0, 72, 100
2, 46491, Note_on_c, 0, 81, 100
2, 46507, Note_on_c, 0, 81, 0
2, 46513, Note_on_c, 0, 72, 0
2, 46518, Note_on_c, 0, 64, 0
2, 46519, Note_on_c, 0, 66, 100
2, 46547, Note_on_c, 0, 66, 0
2, 46549, Note_on_c, 0, 67, 100
2, 46552, Note_on_c, 0, 70, 100
2, 46552, Note_on_c, 0, 74, 100
2, 46575, Note_on_c, 0, 67, 0
2, 46578, Note_on_c, 0, 55, 100
2, 46611, Note_on_c, 0, 64, 100
2, 46612, Note_on_c, 0, 55, 0
2, 46612, Note_on_c, 0, 58, 100
2, 46615, Note_on_c, 0, 74, 0
2, 46615, Note_on_c, 0, 73, 100
2, 46616, Note_on_c, 0, 70, 0
2, 46616, Note_on_c, 0, 67, 100
2, 46642, Note_on_c, 0, 57, 100
2, 46643, Note_on_c, 0, 58, 0
2, 46648, Note_on_c, 0, 64, 0
2, 46653, Note_on_c, 0, 73, 0
2, 46654, Note_on_c, 0, 67, 0
2, 46672, Note_on_c, 0, 55, 100
2, 46674, Note_on_c, 0, 57, 0
2, 46702, Note_on_c, 0, 57, 100
2, 46704, Note_on_c, 0, 55, 0
2, 46732, Note_on_c, 0, 59, 100
2, 46733, Note_on_c, 0, 57, 0
2, 46740, Note_on_c, 0, 76, 100
2, 46740, Note_on_c, 0, 67, 100
2, 46740, Note_on_c, 0, 69, 100
2, 46761, Note_on_c, 0, 59, 0
2, 46761, Note_on_c, 0, 76, 0
2, 46761, Note_on_c, 0, 69, 0
2, 46762, Note_on_c, 0, 67, 0
2, 46763, Note_on_c, 0, 61, 100
2, 46778, Note_on_c, 0, 61, 0
2, 46800, Note_on_c, 0, 62, 100
2, 46803, Note_on_c, 0, 69, 100
2, 46804, Note_on_c, 0, 67, 100
2, 46804, Note_on_c, 0, 76, 100
2, 46832, Note_on_c, 0, 62, 0
2, 46832, Note_on_c, 0, 45, 100
2, 46856, Note_on_c, 0, 45, 0
2, 46859, Note_on_c, 0, 50, 100
2, 46862, Note_on_c, 0, 74, 100
2, 46862, Note_on_c, 0, 65, 100
2, 46863, Note_on_c, 0, 76, 0
2, 46864, Note_on_c, 0, 67, 0
2, 46890, Note_on_c, 0, 50, 0
2, 46890, Note_on_c, 0, 53, 100
2, 46892, Note_on_c, 0, 74, 0
2, 46894, Note_on_c, 0, 69, 0
2, 46894, Note_on_c, 0, 65, 0
2, 46921, Note_on_c, 0, 57, 100
2, 46922, Note_on_c, 0, 53, 0
2, 46943, Note_on_c, 0, 57, 0
2, 46951, Note_on_c, 0, 50, 100
2, 46977, Note_on_c, 0, 69, 100
2, 46977, Note_on_c, 0, 81, 100
2, 46977, Note_on_c, 0, 74, 100
2, 46979, Note_on_c, 0, 53, 100
2, 46981, Note_on_c, 0, 50, 0
2, 46995, Note_on_c, 0, 81, 0
2, 46996, Note_on_c, 0, 74, 0
2, 46997, Note_on_c, 0, 69, 0
2, 47005, Note_on_c, 0, 57, 100
2, 47006, Note_on_c, 0, 53, 0
2, 47032, Note_on_c, 0, 57, 0
2, 47035, Note_on_c, 0, 58, 100
2, 47039, Note_on_c, 0, 74, 100
2, 47040, Note_on_c, 0, 81, 100
2, 47040, Note_on_c, 0, 77, 100
2, 47066, Note_on_c, 0, 55, 100
2, 47067, Note_on_c, 0, 58, 0
2, 47093, Note_on_c, 0, 81, 0
2, 47094, Note_on_c, 0, 77, 0
2, 47098, Note_on_c, 0, 79, 100
2, 47098, Note_on_c, 0, 52, 100
2, 47099, Note_on_c, 0, 76, 100
2, 47102, Note_on_c, 0, 55, 0
2, 47124, Note_on_c, 0, 76, 0
2, 47125, Note_on_c, 0, 79, 0
2, 47126, Note_on_c, 0, 55, 100
2, 47127, Note_on_c, 0, 52, 0
2, 47130, Note_on_c, 0, 74, 0
2, 47157, Note_on_c, 0, 49, 100
2, 47160, Note_on_c, 0, 55, 0
2, 47188, Note_on_c, 0, 49, 0
2, 47188, Note_on_c, 0, 58, 100
2, 47215, Note_on_c, 0, 57, 100
2, 47217, Note_on_c, 0, 58, 0
2, 47218, Note_on_c, 0, 69, 100
2, 47219, Note_on_c, 0, 76, 100
2, 47219, Note_on_c, 0, 73, 100
2, 47219, Note_on_c, 0, 79, 100
2, 47233, Note_on_c, 0, 73, 0
2, 47234, Note_on_c, 0, 69, 0
2, 47234, Note_on_c, 0, 79, 0
2, 47235, Note_on_c, 0, 76, 0
2, 47244, Note_on_c, 0, 55, 100
2, 47247, Note_on_c, 0, 57, 0
2, 47257, Note_on_c, 0, 55, 0
2, 47275, Note_on_c, 0, 53, 100
2, 47279, Note_on_c, 0, 76, 100
2, 47279, Note_on_c, 0, 79, 100
2, 47279, Note_on_c, 0, 69, 100
2, 47306, Note_on_c, 0, 50, 100
2, 47308, Note_on_c, 0, 53, 0
2, 47321, Note_on_c, 0, 79, 0
2, 47326, Note_on_c, 0, 76, 0
2, 47335, Note_on_c, 0, 53, 100
2, 47336, Note_on_c, 0, 50, 0
2, 47338, Note_on_c, 0, 74, 100
2, 47339, Note_on_c, 0, 77, 100
2, 47354, Note_on_c, 0, 77, 0
2, 47355, Note_on_c, 0, 74, 0
2, 47362, Note_on_c, 0, 57, 100
2, 47363, Note_on_c, 0, 53, 0
2, 47368, Note_on_c, 0, 72, 100
2, 47369, Note_on_c, 0, 76, 100
2, 47370, Note_on_c, 0, 57, 0
2, 47377, Note_on_c, 0, 72, 0
2, 47383, Note_on_c, 0, 76, 0
2, 47392, Note_on_c, 0, 69, 0
2, 47396, Note_on_c, 0, 62, 100
2, 47400, Note_on_c, 0, 74, 100
2, 47401, Note_on_c, 0, 77, 100
2, 47430, Note_on_c, 0, 69, 100
2, 47460, Note_on_c, 0, 69, 0
2, 47460, Note_on_c, 0, 70, 100
2, 47485, Note_on_c, 0, 69, 100
2, 47487, Note_on_c, 0, 74, 0
2, 47487, Note_on_c, 0, 72, 100
2, 47488, Note_on_c, 0, 70, 0
2, 47493, Note_on_c, 0, 69, 0
2, 47514, Note_on_c, 0, 72, 0
2, 47516, Note_on_c, 0, 70, 100
2, 47517, Note_on_c, 0, 76, 100
2, 47518, Note_on_c, 0, 67, 100
2, 47520, Note_on_c, 0, 77, 0
2, 47544, Note_on_c, 0, 69, 100
2, 47545, Note_on_c, 0, 70, 0
2, 47545, Note_on_c, 0, 67, 0
2, 47546, Note_on_c, 0, 72, 100
2, 47572, Note_on_c, 0, 69, 0
2, 47574, Note_on_c, 0, 65, 100
2, 47577, Note_on_c, 0, 69, 100
2, 47578, Note_on_c, 0, 72, 0
2, 47601, Note_on_c, 0, 67, 100
2, 47605, Note_on_c, 0, 70, 100
2, 47606, Note_on_c, 0, 65, 0
2, 47606, Note_on_c, 0, 69, 0
2, 47630, Note_on_c, 0, 67, 0
2, 47631, Note_on_c, 0, 62, 0
2, 47631, Note_on_c, 0, 69, 100
2, 47631, Note_on_c, 0, 60, 100
2, 47634, Note_on_c, 0, 70, 0
2, 47635, Note_on_c, 0, 72, 100
2, 47663, Note_on_c, 0, 67, 100
2, 47663, Note_on_c, 0, 70, 100
2, 47667, Note_on_c, 0, 72, 0
2, 47671, Note_on_c, 0, 69, 0
2, 47690, Note_on_c, 0, 66, 100
2, 47692, Note_on_c, 0, 67, 0
2, 47693, Note_on_c, 0, 69, 100
2, 47694, Note_on_c, 0, 70, 0
2, 47718, Note_on_c, 0, 66, 0
2, 47719, Note_on_c, 0, 64, 100
2, 47724, Note_on_c, 0, 67, 100
2, 47726, Note_on_c, 0, 69, 0
2, 47749, Note_on_c, 0, 76, 0
2, 47750, Note_on_c, 0, 67, 0
2, 47751, Note_on_c, 0, 64, 0
2, 47751, Note_on_c, 0, 66, 100
2, 47752, Note_on_c, 0, 74, 100
2, 47778, Note_on_c, 0, 66, 0
2, 47779, Note_on_c, 0, 62, 100
2, 47781, Note_on_c, 0, 81, 100
2, 47810, Note_on_c, 0, 64, 100
2, 47811, Note_on_c, 0, 62, 0
2, 47812, Note_on_c, 0, 81, 0
2, 47812, Note_on_c, 0, 79, 100
2, 47838, Note_on_c, 0, 66, 100
2, 47840, Note_on_c, 0, 64, 0
2, 47841, Note_on_c, 0, 81, 100
2, 47842, Note_on_c, 0, 79, 0
2, 47865, Note_on_c, 0, 66, 0
2, 47868, Note_on_c, 0, 67, 100
2, 47869, Note_on_c, 0, 60, 0
2, 47872, Note_on_c, 0, 58, 100
2, 47872, Note_on_c, 0, 82, 100
2, 47875, Note_on_c, 0, 81, 0
2, 47897, Note_on_c, 0, 82, 0
2, 47899, Note_on_c, 0, 65, 100
2, 47902, Note_on_c, 0, 67, 0
2, 47902, Note_on_c, 0, 81, 100
2, 47928, Note_on_c, 0, 63, 100
2, 47931, Note_on_c, 0, 65, 0
2, 47932, Note_on_c, 0, 79, 100
2, 47933, Note_on_c, 0, 81, 0
2, 47954, Note_on_c, 0, 63, 0
2, 47957, Note_on_c, 0, 62, 100
2, 47960, Note_on_c, 0, 79, 0
2, 47960, Note_on_c, 0, 77, 100
2, 47966, Note_on_c, 0, 74, 0
2, 47981, Note_on_c, 0, 77, 0
2, 47986, Note_on_c, 0, 60, 100
2, 47987, Note_on_c, 0, 62, 0
2, 47988, Note_on_c, 0, 58, 0
2, 47992, Note_on_c, 0, 76, 100
2, 47993, Note_on_c, 0, 72, 100
2, 47994, Note_on_c, 0, 67, 100
2, 48014, Note_on_c, 0, 60, 0
2, 48017, Note_on_c, 0, 48, 100
2, 48050, Note_on_c, 0, 52, 100
2, 48053, Note_on_c, 0, 48, 0
2, 48077, Note_on_c, 0, 55, 100
2, 48078, Note_on_c, 0, 52, 0
2, 48088, Note_on_c, 0, 76, 0
2, 48089, Note_on_c, 0, 67, 0
2, 48107, Note_on_c, 0, 55, 0
2, 48108, Note_on_c, 0, 60, 100
2, 48114, Note_on_c, 0, 69, 100
2, 48114, Note_on_c, 0, 77, 100
2, 48140, Note_on_c, 0, 53, 100
2, 48142, Note_on_c, 0, 60, 0
2, 48169, Note_on_c, 0, 57, 100
2, 48170, Note_on_c, 0, 53, 0
2, 48198, Note_on_c, 0, 60, 100
2, 48202, Note_on_c, 0, 57, 0
2, 48204, Note_on_c, 0, 69, 0
2, 48229, Note_on_c, 0, 60, 0
2, 48230, Note_on_c, 0, 62, 100
2, 48238, Note_on_c, 0, 70, 100
2, 48238, Note_on_c, 0, 67, 100
2, 48242, Note_on_c, 0, 72, 0
2, 48265, Note_on_c, 0, 58, 100
2, 48266, Note_on_c, 0, 62, 0
2, 48295, Note_on_c, 0, 62, 100
2, 48296, Note_on_c, 0, 58, 0
2, 48296, Note_on_c, 0, 76, 100
2, 48298, Note_on_c, 0, 77, 0
2, 48324, Note_on_c, 0, 58, 100
2, 48326, Note_on_c, 0, 62, 0
2, 48326, Note_on_c, 0, 76, 0
2, 48327, Note_on_c, 0, 74, 100
2, 48337, Note_on_c, 0, 74, 0
2, 48338, Note_on_c, 0, 58, 0
2, 48354, Note_on_c, 0, 52, 100
2, 48360, Note_on_c, 0, 76, 100
2, 48384, Note_on_c, 0, 62, 100
2, 48393, Note_on_c, 0, 52, 0
2, 48414, Note_on_c, 0, 60, 100
2, 48417, Note_on_c, 0, 62, 0
2, 48445, Note_on_c, 0, 60, 0
2, 48445, Note_on_c, 0, 58, 100
2, 48467, Note_on_c, 0, 76, 0
2, 48467, Note_on_c, 0, 77, 100
2, 48468, Note_on_c, 0, 70, 0
2, 48468, Note_on_c, 0, 65, 100
2, 48469, Note_on_c, 0, 67, 0
2, 48469, Note_on_c, 0, 58, 0
2, 48475, Note_on_c, 0, 57, 100
2, 48498, Note_on_c, 0, 74, 100
2, 48499, Note_on_c, 0, 57, 0
2, 48528, Note_on_c, 0, 74, 0
2, 48529, Note_on_c, 0, 53, 100
2, 48529, Note_on_c, 0, 70, 100
2, 48553, Note_on_c, 0, 53, 0
2, 48557, Note_on_c, 0, 72, 100
2, 48558, Note_on_c, 0, 70, 0
2, 48560, Note_on_c, 0, 77, 0
2, 48566, Note_on_c, 0, 65, 0
2, 48584, Note_on_c, 0, 72, 0
2, 48586, Note_on_c, 0, 58, 100
2, 48586, Note_on_c, 0, 74, 100
2, 48619, Note_on_c, 0, 72, 100
2, 48620, Note_on_c, 0, 74, 0
2, 48645, Note_on_c, 0, 65, 100
2, 48650, Note_on_c, 0, 72, 0
2, 48651, Note_on_c, 0, 70, 100
2, 48669, Note_on_c, 0, 65, 0
2, 48682, Note_on_c, 0, 69, 100
2, 48686, Note_on_c, 0, 70, 0
2, 48704, Note_on_c, 0, 69, 0
2, 48709, Note_on_c, 0, 60, 100
2, 48716, Note_on_c, 0, 67, 100
2, 48739, Note_on_c, 0, 64, 100
2, 48741, Note_on_c, 0, 60, 0
2, 48749, Note_on_c, 0, 79, 100
2, 48753, Note_on_c, 0, 64, 0
2, 48773, Note_on_c, 0, 58, 0
2, 48773, Note_on_c, 0, 55, 100
2, 48775, Note_on_c, 0, 60, 100
2, 48779, Note_on_c, 0, 76, 100
2, 48780, Note_on_c, 0, 79, 0
2, 48806, Note_on_c, 0, 62, 100
2, 48808, Note_on_c, 0, 77, 100
2, 48810, Note_on_c, 0, 60, 0
2, 48813, Note_on_c, 0, 76, 0
2, 48825, Note_on_c, 0, 77, 0
2, 48834, Note_on_c, 0, 62, 0
2, 48836, Note_on_c, 0, 64, 100
2, 48839, Note_on_c, 0, 79, 100
2, 48864, Note_on_c, 0, 64, 0
2, 48866, Note_on_c, 0, 62, 100
2, 48870, Note_on_c, 0, 77, 100
2, 48871, Note_on_c, 0, 79, 0
2, 48896, Note_on_c, 0, 62, 0
2, 48896, Note_on_c, 0, 60, 100
2, 48900, Note_on_c, 0, 77, 0
2, 48900, Note_on_c, 0, 76, 100
2, 48927, Note_on_c, 0, 60, 0
2, 48927, Note_on_c, 0, 58, 100
2, 48929, Note_on_c, 0, 76, 0
2, 48929, Note_on_c, 0, 74, 100
2, 48932, Note_on_c, 0, 55, 0
2, 48953, Note_on_c, 0, 74, 0
2, 48955, Note_on_c, 0, 58, 0
2, 48957, Note_on_c, 0, 57, 100
2, 48959, Note_on_c, 0, 72, 100
2, 48985, Note_on_c, 0, 60, 100
2, 48988, Note_on_c, 0, 57, 0
2, 48989, Note_on_c, 0, 69, 100
2, 48993, Note_on_c, 0, 67, 0
2, 49005, Note_on_c, 0, 60, 0
2, 49015, Note_on_c, 0, 57, 100
2, 49019, Note_on_c, 0, 69, 0
2, 49020, Note_on_c, 0, 65, 100
2, 49047, Note_on_c, 0, 58, 100
2, 49048, Note_on_c, 0, 57, 0
2, 49049, Note_on_c, 0, 67, 100
2, 49050, Note_on_c, 0, 65, 0
2, 49077, Note_on_c, 0, 58, 0
2, 49078, Note_on_c, 0, 60, 100
2, 49080, Note_on_c, 0, 69, 100
2, 49082, Note_on_c, 0, 67, 0
2, 49107, Note_on_c, 0, 58, 100
2, 49108, Note_on_c, 0, 60, 0
2, 49109, Note_on_c, 0, 67, 100
2, 49112, Note_on_c, 0, 69, 0
2, 49133, Note_on_c, 0, 58, 0
2, 49135, Note_on_c, 0, 48, 100
2, 49136, Note_on_c, 0, 57, 100
2, 49141, Note_on_c, 0, 67, 0
2, 49142, Note_on_c, 0, 65, 100
2, 49166, Note_on_c, 0, 55, 100
2, 49167, Note_on_c, 0, 57, 0
2, 49169, Note_on_c, 0, 63, 100
2, 49171, Note_on_c, 0, 65, 0
2, 49178, Note_on_c, 0, 48, 0
2, 49183, Note_on_c, 0, 55, 0
2, 49196, Note_on_c, 0, 50, 100
2, 49196, Note_on_c, 0, 53, 100
2, 49199, Note_on_c, 0, 63, 0
2, 49199, Note_on_c, 0, 62, 100
2, 49228, Note_on_c, 0, 72, 0
2, 49230, Note_on_c, 0, 69, 100
2, 49231, Note_on_c, 0, 50, 0
2, 49256, Note_on_c, 0, 46, 100
2, 49259, Note_on_c, 0, 70, 100
2, 49261, Note_on_c, 0, 69, 0
2, 49286, Note_on_c, 0, 62, 0
2, 49286, Note_on_c, 0, 70, 0
2, 49286, Note_on_c, 0, 64, 100
2, 49287, Note_on_c, 0, 74, 100
2, 49305, Note_on_c, 0, 64, 0
2, 49306, Note_on_c, 0, 53, 0
2, 49311, Note_on_c, 0, 46, 0
2, 49317, Note_on_c, 0, 65, 100
2, 49318, Note_on_c, 0, 72, 100
2, 49320, Note_on_c, 0, 74, 0
2, 49333, Note_on_c, 0, 65, 0
2, 49333, Note_on_c, 0, 64, 100
2, 49347, Note_on_c, 0, 64, 0
2, 49348, Note_on_c, 0, 65, 100
2, 49351, Note_on_c, 0, 70, 100
2, 49353, Note_on_c, 0, 72, 0
2, 49359, Note_on_c, 0, 64, 100
2, 49360, Note_on_c, 0, 65, 0
2, 49369, Note_on_c, 0, 64, 0
2, 49370, Note_on_c, 0, 65, 100
2, 49375, Note_on_c, 0, 70, 0
2, 49376, Note_on_c, 0, 69, 100
2, 49378, Note_on_c, 0, 64, 100
2, 49381, Note_on_c, 0, 65, 0
2, 49401, Note_on_c, 0, 62, 100
2, 49403, Note_on_c, 0, 64, 0
2, 49404, Note_on_c, 0, 69, 0
2, 49404, Note_on_c, 0, 67, 100
2, 49417, Note_on_c, 0, 64, 100
2, 49421, Note_on_c, 0, 62, 0
2, 49434, Note_on_c, 0, 67, 0
2, 49435, Note_on_c, 0, 69, 100
2, 49437, Note_on_c, 0, 64, 0
2, 49438, Note_on_c, 0, 65, 100
2, 49449, Note_on_c, 0, 69, 0
2, 49460, Note_on_c, 0, 65, 0
2, 49464, Note_on_c, 0, 57, 100
2, 49469, Note_on_c, 0, 65, 100
2, 49488, Note_on_c, 0, 57, 0
2, 49494, Note_on_c, 0, 65, 0
2, 49494, Note_on_c, 0, 60, 100
2, 49496, Note_on_c, 0, 69, 100
2, 49514, Note_on_c, 0, 60, 0
2, 49521, Note_on_c, 0, 64, 100
2, 49525, Note_on_c, 0, 69, 0
2, 49525, Note_on_c, 0, 72, 100
2, 49542, Note_on_c, 0, 64, 0
2, 49552, Note_on_c, 0, 69, 100
2, 49554, Note_on_c, 0, 72, 0
2, 49556, Note_on_c, 0, 77, 100
2, 49577, Note_on_c, 0, 77, 0
2, 49581, Note_on_c, 0, 69, 0
2, 49583, Note_on_c, 0, 65, 100
2, 49586, Note_on_c, 0, 72, 100
2, 49606, Note_on_c, 0, 65, 0
2, 49613, Note_on_c, 0, 60, 100
2, 49614, Note_on_c, 0, 72, 0
2, 49619, Note_on_c, 0, 77, 100
2, 49639, Note_on_c, 0, 77, 0
2, 49642, Note_on_c, 0, 57, 100
2, 49647, Note_on_c, 0, 79, 100
2, 49663, Note_on_c, 0, 57, 0
2, 49665, Note_on_c, 0, 79, 0
2, 49676, Note_on_c, 0, 53, 100
2, 49678, Note_on_c, 0, 80, 100
2, 49710, Note_on_c, 0, 80, 0
2, 49710, Note_on_c, 0, 77, 100
2, 49738, Note_on_c, 0, 59, 100
2, 49739, Note_on_c, 0, 60, 0
2, 49740, Note_on_c, 0, 74, 100
2, 49743, Note_on_c, 0, 77, 0
2, 49767, Note_on_c, 0, 77, 100
2, 49771, Note_on_c, 0, 74, 0
2, 49775, Note_on_c, 0, 59, 0
2, 49777, Note_on_c, 0, 53, 0
2, 49800, Note_on_c, 0, 77, 0
2, 49801, Note_on_c, 0, 71, 100
2, 49833, Note_on_c, 0, 80, 100
2, 49834, Note_on_c, 0, 71, 0
2, 49857, Note_on_c, 0, 80, 0
2, 49860, Note_on_c, 0, 50, 100
2, 49861, Note_on_c, 0, 55, 100
2, 49861, Note_on_c, 0, 59, 100
2, 49864, Note_on_c, 0, 79, 100
2, 49886, Note_on_c, 0, 59, 0
2, 49888, Note_on_c, 0, 50, 0
2, 49888, Note_on_c, 0, 55, 0
2, 49892, Note_on_c, 0, 77, 100
2, 49897, Note_on_c, 0, 79, 0
2, 49922, Note_on_c, 0, 77, 0
2, 49923, Note_on_c, 0, 48, 100
2, 49924, Note_on_c, 0, 60, 100
2, 49924, Note_on_c, 0, 55, 100
2, 49926, Note_on_c, 0, 76, 100
2, 49957, Note_on_c, 0, 74, 100
2, 49986, Note_on_c, 0, 74, 0
2, 49986, Note_on_c, 0, 72, 100
2, 50015, Note_on_c, 0, 72, 0
2, 50016, Note_on_c, 0, 70, 100
2, 50044, Note_on_c, 0, 76, 0
2, 50044, Note_on_c, 0, 70, 0
2, 50045, Note_on_c, 0, 69, 100
2, 50074, Note_on_c, 0, 72, 100
2, 50102, Note_on_c, 0, 53, 100
2, 50103, Note_on_c, 0, 72, 0
2, 50103, Note_on_c, 0, 77, 100
2, 50106, Note_on_c, 0, 55, 0
2, 50131, Note_on_c, 0, 59, 100
2, 50132, Note_on_c, 0, 69, 0
2, 50132, Note_on_c, 0, 68, 100
2, 50134, Note_on_c, 0, 60, 0
2, 50154, Note_on_c, 0, 68, 0
2, 50161, Note_on_c, 0, 55, 100
2, 50162, Note_on_c, 0, 59, 0
2, 50162, Note_on_c, 0, 60, 100
2, 50163, Note_on_c, 0, 67, 100
2, 50164, Note_on_c, 0, 53, 0
2, 50167, Note_on_c, 0, 77, 0
2, 50193, Note_on_c, 0, 77, 100
2, 50226, Note_on_c, 0, 76, 100
2, 50228, Note_on_c, 0, 77, 0
2, 50256, Note_on_c, 0, 74, 100
2, 50258, Note_on_c, 0, 76, 0
2, 50275, Note_on_c, 0, 74, 0
2, 50287, Note_on_c, 0, 76, 100
2, 50316, Note_on_c, 0, 69, 100
2, 50317, Note_on_c, 0, 67, 0
2, 50338, Note_on_c, 0, 69, 0
2, 50345, Note_on_c, 0, 70, 100
2, 50352, Note_on_c, 0, 76, 0
2, 50380, Note_on_c, 0, 76, 100
2, 50413, Note_on_c, 0, 70, 0
2, 50414, Note_on_c, 0, 76, 0
2, 50415, Note_on_c, 0, 60, 0
2, 50417, Note_on_c, 0, 55, 0
2, 50435, Note_on_c, 0, 69, 100
2, 50436, Note_on_c, 0, 53, 100
2, 50436, Note_on_c, 0, 77, 100
2, 50436, Note_on_c, 0, 60, 100
2, 50878, Note_on_c, 0, 53, 0
2, 50882, Note_on_c, 0, 69, 0
2, 50885, Note_on_c, 0, 48, 0
2, 50888, Note_on_c, 0, 77, 0
2, 50888, Note_on_c, 0, 60, 0
2, 50888, End_track
3, 0, Start_track
3, 0, Title_t, "Man 4"
3, 0, MIDI_port, 0
3, 0, Control_c, 2, 7, 73
3, 0, Control_c, 2, 10, 76
3, 0, Control_c, 2, 91, 100
3, 0, Program_c, 2, 19
3, 30, Note_on_c, 2, 72, 100
3, 60, Note_on_c, 2, 72, 0
3, 60, Note_on_c, 2, 77, 100
3, 88, Note_on_c, 2, 77, 0
3, 88, Note_on_c, 2, 81, 100
3, 120, Note_on_c, 2, 81, 0
3, 120, Note_on_c, 2, 84, 100
3, 153, Note_on_c, 2, 84, 0
3, 153, Note_on_c, 2, 77, 100
3, 183, Note_on_c, 2, 77, 0
3, 183, Note_on_c, 2, 81, 100
3, 211, Note_on_c, 2, 84, 100
3, 214, Note_on_c, 2, 81, 0
3, 234, Note_on_c, 2, 84, 0
3, 244, Note_on_c, 2, 86, 100
3, 273, Note_on_c, 2, 82, 100
3, 275, Note_on_c, 2, 86, 0
3, 303, Note_on_c, 2, 82, 0
3, 303, Note_on_c, 2, 79, 100
3, 334, Note_on_c, 2, 82, 100
3, 335, Note_on_c, 2, 79, 0
3, 364, Note_on_c, 2, 82, 0
3, 364, Note_on_c, 2, 76, 100
3, 394, Note_on_c, 2, 86, 100
3, 395, Note_on_c, 2, 76, 0
3, 423, Note_on_c, 2, 84, 100
3, 424, Note_on_c, 2, 86, 0
3, 453, Note_on_c, 2, 82, 100
3, 454, Note_on_c, 2, 84, 0
3, 482, Note_on_c, 2, 82, 0
3, 482, Note_on_c, 2, 81, 100
3, 515, Note_on_c, 2, 65, 100
3, 517, Note_on_c, 2, 81, 0
3, 545, Note_on_c, 2, 89, 100
3, 545, Note_on_c, 2, 69, 100
3, 546, Note_on_c, 2, 65, 0
3, 574, Note_on_c, 2, 72, 100
3, 576, Note_on_c, 2, 69, 0
3, 605, Note_on_c, 2, 72, 0
3, 605, Note_on_c, 2, 77, 100
3, 632, Note_on_c, 2, 77, 0
3, 634, Note_on_c, 2, 69, 100
3, 664, Note_on_c, 2, 72, 100
3, 665, Note_on_c, 2, 88, 100
3, 668, Note_on_c, 2, 69, 0
3, 670, Note_on_c, 2, 89, 0
3, 691, Note_on_c, 2, 76, 100
3, 692, Note_on_c, 2, 72, 0
3, 695, Note_on_c, 2, 86, 100
3, 697, Note_on_c, 2, 88, 0
3, 723, Note_on_c, 2, 76, 0
3, 724, Note_on_c, 2, 81, 100
3, 725, Note_on_c, 2, 86, 0
3, 725, Note_on_c, 2, 84, 100
3, 754, Note_on_c, 2, 77, 100
3, 755, Note_on_c, 2, 81, 0
3, 759, Note_on_c, 2, 86, 100
3, 760, Note_on_c, 2, 84, 0
3, 783, Note_on_c, 2, 74, 100
3, 784, Note_on_c, 2, 77, 0
3, 785, Note_on_c, 2, 86, 0
3, 787, Note_on_c, 2, 82, 100
3, 807, Note_on_c, 2, 82, 0
3, 810, Note_on_c, 2, 74, 0
3, 811, Note_on_c, 2, 77, 100
3, 813, Note_on_c, 2, 84, 100
3, 842, Note_on_c, 2, 86, 100
3, 843, Note_on_c, 2, 77, 0
3, 843, Note_on_c, 2, 84, 0
3, 843, Note_on_c, 2, 70, 100
3, 872, Note_on_c, 2, 70, 0
3, 872, Note_on_c, 2, 84, 100
3, 873, Note_on_c, 2, 81, 100
3, 875, Note_on_c, 2, 86, 0
3, 902, Note_on_c, 2, 81, 0
3, 903, Note_on_c, 2, 82, 100
3, 904, Note_on_c, 2, 79, 100
3, 905, Note_on_c, 2, 84, 0
3, 930, Note_on_c, 2, 82, 0
3, 932, Note_on_c, 2, 79, 0
3, 932, Note_on_c, 2, 81, 100
3, 933, Note_on_c, 2, 77, 100
3, 962, Note_on_c, 2, 77, 0
3, 963, Note_on_c, 2, 79, 100
3, 963, Note_on_c, 2, 76, 100
3, 964, Note_on_c, 2, 81, 0
3, 993, Note_on_c, 2, 81, 100
3, 994, Note_on_c, 2, 79, 0
3, 994, Note_on_c, 2, 77, 100
3, 995, Note_on_c, 2, 76, 0
3, 1022, Note_on_c, 2, 77, 0
3, 1022, Note_on_c, 2, 74, 100
3, 1023, Note_on_c, 2, 81, 0
3, 1023, Note_on_c, 2, 82, 100
3, 1052, Note_on_c, 2, 74, 0
3, 1052, Note_on_c, 2, 76, 100
3, 1085, Note_on_c, 2, 76, 0
3, 1086, Note_on_c, 2, 77, 100
3, 1110, Note_on_c, 2, 77, 0
3, 1113, Note_on_c, 2, 74, 100
3, 1142, Note_on_c, 2, 81, 100
3, 1143, Note_on_c, 2, 82, 0
3, 1143, Note_on_c, 2, 72, 100
3, 1145, Note_on_c, 2, 74, 0
3, 1172, Note_on_c, 2, 79, 100
3, 1173, Note_on_c, 2, 81, 0
3, 1173, Note_on_c, 2, 70, 100
3, 1175, Note_on_c, 2, 72, 0
3, 1203, Note_on_c, 2, 79, 0
3, 1204, Note_on_c, 2, 70, 0
3, 1204, Note_on_c, 2, 77, 100
3, 1204, Note_on_c, 2, 69, 100
3, 1231, Note_on_c, 2, 69, 0
3, 1233, Note_on_c, 2, 79, 100
3, 1234, Note_on_c, 2, 77, 0
3, 1234, Note_on_c, 2, 70, 100
3, 1261, Note_on_c, 2, 70, 0
3, 1261, Note_on_c, 2, 67, 100
3, 1262, Note_on_c, 2, 79, 0
3, 1263, Note_on_c, 2, 76, 100
3, 1280, Note_on_c, 2, 76, 0
3, 1290, Note_on_c, 2, 77, 100
3, 1291, Note_on_c, 2, 67, 0
3, 1291, Note_on_c, 2, 69, 100
3, 1306, Note_on_c, 2, 77, 0
3, 1321, Note_on_c, 2, 79, 100
3, 1322, Note_on_c, 2, 70, 100
3, 1323, Note_on_c, 2, 69, 0
3, 1352, Note_on_c, 2, 77, 100
3, 1353, Note_on_c, 2, 79, 0
3, 1378, Note_on_c, 2, 77, 0
3, 1379, Note_on_c, 2, 76, 100
3, 1410, Note_on_c, 2, 74, 100
3, 1415, Note_on_c, 2, 76, 0
3, 1422, Note_on_c, 2, 74, 0
3, 1439, Note_on_c, 2, 72, 100
3, 1441, Note_on_c, 2, 72, 100
3, 1449, Note_on_c, 2, 70, 0
3, 1474, Note_on_c, 2, 77, 100
3, 1479, Note_on_c, 2, 72, 0
3, 1503, Note_on_c, 2, 69, 100
3, 1503, Note_on_c, 2, 81, 100
3, 1504, Note_on_c, 2, 77, 0
3, 1531, Note_on_c, 2, 81, 0
3, 1531, Note_on_c, 2, 84, 100
3, 1531, Note_on_c, 2, 67, 100
3, 1533, Note_on_c, 2, 69, 0
3, 1560, Note_on_c, 2, 84, 0
3, 1562, Note_on_c, 2, 67, 0
3, 1562, Note_on_c, 2, 69, 100
3, 1562, Note_on_c, 2, 89, 100
3, 1578, Note_on_c, 2, 72, 0
3, 1580, Note_on_c, 2, 69, 0
3, 1591, Note_on_c, 2, 81, 100
3, 1592, Note_on_c, 2, 89, 0
3, 1619, Note_on_c, 2, 69, 100
3, 1620, Note_on_c, 2, 65, 100
3, 1622, Note_on_c, 2, 81, 0
3, 1622, Note_on_c, 2, 84, 100
3, 1643, Note_on_c, 2, 69, 0
3, 1646, Note_on_c, 2, 65, 0
3, 1648, Note_on_c, 2, 84, 0
3, 1650, Note_on_c, 2, 89, 100
3, 1680, Note_on_c, 2, 65, 100
3, 1681, Note_on_c, 2, 93, 100
3, 1681, Note_on_c, 2, 60, 100
3, 1682, Note_on_c, 2, 89, 0
3, 1711, Note_on_c, 2, 65, 0
3, 1712, Note_on_c, 2, 89, 100
3, 1713, Note_on_c, 2, 93, 0
3, 1716, Note_on_c, 2, 60, 0
3, 1742, Note_on_c, 2, 86, 100
3, 1743, Note_on_c, 2, 89, 0
3, 1743, Note_on_c, 2, 69, 100
3, 1743, Note_on_c, 2, 65, 100
3, 1770, Note_on_c, 2, 89, 100
3, 1774, Note_on_c, 2, 86, 0
3, 1785, Note_on_c, 2, 69, 0
3, 1802, Note_on_c, 2, 74, 100
3, 1802, Note_on_c, 2, 82, 100
3, 1805, Note_on_c, 2, 89, 0
3, 1830, Note_on_c, 2, 72, 100
3, 1832, Note_on_c, 2, 82, 0
3, 1832, Note_on_c, 2, 93, 100
3, 1835, Note_on_c, 2, 74, 0
3, 1859, Note_on_c, 2, 70, 100
3, 1862, Note_on_c, 2, 72, 0
3, 1862, Note_on_c, 2, 91, 100
3, 1863, Note_on_c, 2, 93, 0
3, 1888, Note_on_c, 2, 70, 0
3, 1889, Note_on_c, 2, 69, 100
3, 1891, Note_on_c, 2, 89, 100
3, 1892, Note_on_c, 2, 91, 0
3, 1907, Note_on_c, 2, 69, 0
3, 1920, Note_on_c, 2, 70, 100
3, 1921, Note_on_c, 2, 89, 0
3, 1922, Note_on_c, 2, 88, 100
3, 1949, Note_on_c, 2, 72, 100
3, 1950, Note_on_c, 2, 70, 0
3, 1951, Note_on_c, 2, 88, 0
3, 1964, Note_on_c, 2, 72, 0
3, 1980, Note_on_c, 2, 74, 100
3, 1987, Note_on_c, 2, 65, 0
3, 1987, Note_on_c, 2, 94, 100
3, 2008, Note_on_c, 2, 65, 100
3, 2020, Note_on_c, 2, 65, 0
3, 2038, Note_on_c, 2, 64, 100
3, 2044, Note_on_c, 2, 74, 0
3, 2069, Note_on_c, 2, 74, 100
3, 2098, Note_on_c, 2, 94, 0
3, 2099, Note_on_c, 2, 72, 100
3, 2100, Note_on_c, 2, 93, 100
3, 2104, Note_on_c, 2, 74, 0
3, 2129, Note_on_c, 2, 70, 100
3, 2130, Note_on_c, 2, 72, 0
3, 2130, Note_on_c, 2, 93, 0
3, 2130, Note_on_c, 2, 91, 100
3, 2140, Note_on_c, 2, 70, 0
3, 2157, Note_on_c, 2, 64, 0
3, 2159, Note_on_c, 2, 69, 100
3, 2159, Note_on_c, 2, 65, 100
3, 2161, Note_on_c, 2, 91, 0
3, 2161, Note_on_c, 2, 89, 100
3, 2190, Note_on_c, 2, 91, 100
3, 2191, Note_on_c, 2, 89, 0
3, 2192, Note_on_c, 2, 69, 0
3, 2194, Note_on_c, 2, 65, 0
3, 2218, Note_on_c, 2, 72, 100
3, 2219, Note_on_c, 2, 69, 100
3, 2220, Note_on_c, 2, 91, 0
3, 2220, Note_on_c, 2, 88, 100
3, 2250, Note_on_c, 2, 89, 100
3, 2254, Note_on_c, 2, 88, 0
3, 2262, Note_on_c, 2, 72, 0
3, 2264, Note_on_c, 2, 89, 0
3, 2268, Note_on_c, 2, 69, 0
3, 2277, Note_on_c, 2, 70, 100
3, 2278, Note_on_c, 2, 74, 100
3, 2281, Note_on_c, 2, 91, 100
3, 2312, Note_on_c, 2, 89, 100
3, 2314, Note_on_c, 2, 91, 0
3, 2317, Note_on_c, 2, 74, 0
3, 2320, Note_on_c, 2, 70, 0
3, 2338, Note_on_c, 2, 67, 100
3, 2338, Note_on_c, 2, 70, 100
3, 2342, Note_on_c, 2, 89, 0
3, 2342, Note_on_c, 2, 88, 100
3, 2367, Note_on_c, 2, 70, 0
3, 2372, Note_on_c, 2, 86, 100
3, 2373, Note_on_c, 2, 67, 0
3, 2373, Note_on_c, 2, 88, 0
3, 2396, Note_on_c, 2, 69, 100
3, 2397, Note_on_c, 2, 72, 100
3, 2400, Note_on_c, 2, 86, 0
3, 2405, Note_on_c, 2, 84, 100
3, 2428, Note_on_c, 2, 72, 0
3, 2430, Note_on_c, 2, 70, 100
3, 2431, Note_on_c, 2, 69, 0
3, 2434, Note_on_c, 2, 84, 0
3, 2434, Note_on_c, 2, 86, 100
3, 2443, Note_on_c, 2, 70, 0
3, 2463, Note_on_c, 2, 72, 100
3, 2464, Note_on_c, 2, 86, 0
3, 2464, Note_on_c, 2, 87, 100
3, 2495, Note_on_c, 2, 82, 100
3, 2525, Note_on_c, 2, 82, 0
3, 2525, Note_on_c, 2, 65, 100
3, 2526, Note_on_c, 2, 81, 100
3, 2542, Note_on_c, 2, 72, 0
3, 2554, Note_on_c, 2, 81, 0
3, 2557, Note_on_c, 2, 79, 100
3, 2572, Note_on_c, 2, 87, 0
3, 2577, Note_on_c, 2, 79, 0
3, 2584, Note_on_c, 2, 77, 100
3, 2585, Note_on_c, 2, 86, 100
3, 2585, Note_on_c, 2, 77, 100
3, 2598, Note_on_c, 2, 77, 0
3, 2612, Note_on_c, 2, 77, 0
3, 2613, Note_on_c, 2, 75, 100
3, 2614, Note_on_c, 2, 84, 100
3, 2617, Note_on_c, 2, 86, 0
3, 2642, Note_on_c, 2, 75, 0
3, 2643, Note_on_c, 2, 74, 100
3, 2644, Note_on_c, 2, 84, 0
3, 2644, Note_on_c, 2, 82, 100
3, 2645, Note_on_c, 2, 74, 100
3, 2670, Note_on_c, 2, 75, 100
3, 2671, Note_on_c, 2, 74, 0
3, 2671, Note_on_c, 2, 82, 0
3, 2672, Note_on_c, 2, 84, 100
3, 2673, Note_on_c, 2, 75, 100
3, 2674, Note_on_c, 2, 74, 0
3, 2687, Note_on_c, 2, 75, 0
3, 2698, Note_on_c, 2, 72, 100
3, 2701, Note_on_c, 2, 84, 0
3, 2702, Note_on_c, 2, 75, 0
3, 2702, Note_on_c, 2, 72, 100
3, 2703, Note_on_c, 2, 81, 100
3, 2727, Note_on_c, 2, 74, 100
3, 2729, Note_on_c, 2, 72, 0
3, 2731, Note_on_c, 2, 81, 0
3, 2731, Note_on_c, 2, 82, 100
3, 2732, Note_on_c, 2, 72, 0
3, 2732, Note_on_c, 2, 74, 100
3, 2757, Note_on_c, 2, 75, 100
3, 2761, Note_on_c, 2, 74, 0
3, 2762, Note_on_c, 2, 82, 0
3, 2763, Note_on_c, 2, 74, 0
3, 2763, Note_on_c, 2, 75, 100
3, 2763, Note_on_c, 2, 84, 100
3, 2770, Note_on_c, 2, 65, 0
3, 2791, Note_on_c, 2, 82, 100
3, 2792, Note_on_c, 2, 84, 0
3, 2819, Note_on_c, 2, 67, 100
3, 2821, Note_on_c, 2, 81, 100
3, 2822, Note_on_c, 2, 82, 0
3, 2850, Note_on_c, 2, 79, 100
3, 2851, Note_on_c, 2, 81, 0
3, 2854, Note_on_c, 2, 67, 0
3, 2875, Note_on_c, 2, 69, 100
3, 2876, Note_on_c, 2, 75, 0
3, 2879, Note_on_c, 2, 79, 0
3, 2880, Note_on_c, 2, 77, 100
3, 2888, Note_on_c, 2, 75, 0
3, 2911, Note_on_c, 2, 75, 100
3, 2941, Note_on_c, 2, 74, 100
3, 2942, Note_on_c, 2, 75, 0
3, 2969, Note_on_c, 2, 72, 100
3, 2972, Note_on_c, 2, 74, 0
3, 3002, Note_on_c, 2, 69, 0
3, 3003, Note_on_c, 2, 72, 0
3, 3003, Note_on_c, 2, 74, 100
3, 3023, Note_on_c, 2, 69, 100
3, 3035, Note_on_c, 2, 69, 0
3, 3058, Note_on_c, 2, 70, 100
3, 3062, Note_on_c, 2, 74, 0
3, 3085, Note_on_c, 2, 74, 100
3, 3096, Note_on_c, 2, 74, 0
3, 3117, Note_on_c, 2, 72, 100
3, 3127, Note_on_c, 2, 70, 0
3, 3145, Note_on_c, 2, 70, 100
3, 3175, Note_on_c, 2, 69, 100
3, 3176, Note_on_c, 2, 70, 0
3, 3203, Note_on_c, 2, 69, 0
3, 3203, Note_on_c, 2, 67, 100
3, 3230, Note_on_c, 2, 67, 0
3, 3233, Note_on_c, 2, 65, 100
3, 3258, Note_on_c, 2, 65, 0
3, 3260, Note_on_c, 2, 67, 100
3, 3275, Note_on_c, 2, 67, 0
3, 3292, Note_on_c, 2, 69, 100
3, 3299, Note_on_c, 2, 74, 100
3, 3301, Note_on_c, 2, 72, 0
3, 3327, Note_on_c, 2, 82, 100
3, 3328, Note_on_c, 2, 77, 0
3, 3360, Note_on_c, 2, 74, 0
3, 3360, Note_on_c, 2, 67, 100
3, 3361, Note_on_c, 2, 76, 100
3, 3363, Note_on_c, 2, 69, 0
3, 3367, Note_on_c, 2, 82, 0
3, 3388, Note_on_c, 2, 60, 100
3, 3390, Note_on_c, 2, 67, 0
3, 3390, Note_on_c, 2, 82, 100
3, 3417, Note_on_c, 2, 64, 100
3, 3419, Note_on_c, 2, 76, 0
3, 3419, Note_on_c, 2, 60, 0
3, 3419, Note_on_c, 2, 79, 100
3, 3420, Note_on_c, 2, 82, 0
3, 3444, Note_on_c, 2, 67, 100
3, 3445, Note_on_c, 2, 64, 0
3, 3449, Note_on_c, 2, 82, 100
3, 3473, Note_on_c, 2, 67, 0
3, 3475, Note_on_c, 2, 72, 100
3, 3480, Note_on_c, 2, 82, 0
3, 3482, Note_on_c, 2, 81, 100
3, 3505, Note_on_c, 2, 72, 0
3, 3505, Note_on_c, 2, 65, 100
3, 3533, Note_on_c, 2, 69, 100
3, 3536, Note_on_c, 2, 65, 0
3, 3540, Note_on_c, 2, 77, 100
3, 3541, Note_on_c, 2, 79, 0
3, 3564, Note_on_c, 2, 69, 0
3, 3564, Note_on_c, 2, 72, 100
3, 3570, Note_on_c, 2, 77, 0
3, 3571, Note_on_c, 2, 76, 100
3, 3595, Note_on_c, 2, 72, 0
3, 3595, Note_on_c, 2, 74, 100
3, 3604, Note_on_c, 2, 76, 0
3, 3604, Note_on_c, 2, 77, 100
3, 3627, Note_on_c, 2, 71, 100
3, 3629, Note_on_c, 2, 74, 0
3, 3653, Note_on_c, 2, 81, 0
3, 3656, Note_on_c, 2, 67, 100
3, 3659, Note_on_c, 2, 71, 0
3, 3662, Note_on_c, 2, 86, 100
3, 3685, Note_on_c, 2, 67, 0
3, 3685, Note_on_c, 2, 71, 100
3, 3714, Note_on_c, 2, 64, 100
3, 3716, Note_on_c, 2, 71, 0
3, 3722, Note_on_c, 2, 79, 100
3, 3723, Note_on_c, 2, 86, 0
3, 3746, Note_on_c, 2, 64, 0
3, 3747, Note_on_c, 2, 74, 100
3, 3776, Note_on_c, 2, 74, 0
3, 3777, Note_on_c, 2, 72, 100
3, 3780, Note_on_c, 2, 79, 0
3, 3781, Note_on_c, 2, 84, 100
3, 3782, Note_on_c, 2, 76, 100
3, 3783, Note_on_c, 2, 77, 0
3, 3805, Note_on_c, 2, 70, 100
3, 3806, Note_on_c, 2, 72, 0
3, 3837, Note_on_c, 2, 70, 0
3, 3839, Note_on_c, 2, 69, 100
3, 3842, Note_on_c, 2, 77, 100
3, 3843, Note_on_c, 2, 76, 0
3, 3845, Note_on_c, 2, 84, 0
3, 3873, Note_on_c, 2, 84, 100
3, 3899, Note_on_c, 2, 67, 100
3, 3900, Note_on_c, 2, 69, 0
3, 3905, Note_on_c, 2, 83, 100
3, 3906, Note_on_c, 2, 84, 0
3, 3935, Note_on_c, 2, 81, 100
3, 3939, Note_on_c, 2, 83, 0
3, 3952, Note_on_c, 2, 67, 0
3, 3959, Note_on_c, 2, 65, 100
3, 3964, Note_on_c, 2, 83, 100
3, 3966, Note_on_c, 2, 81, 0
3, 3994, Note_on_c, 2, 84, 100
3, 3996, Note_on_c, 2, 83, 0
3, 4025, Note_on_c, 2, 84, 0
3, 4025, Note_on_c, 2, 81, 100
3, 4053, Note_on_c, 2, 83, 100
3, 4056, Note_on_c, 2, 81, 0
3, 4078, Note_on_c, 2, 65, 0
3, 4082, Note_on_c, 2, 84, 100
3, 4083, Note_on_c, 2, 83, 0
3, 4083, Note_on_c, 2, 67, 100
3, 4087, Note_on_c, 2, 77, 0
3, 4093, Note_on_c, 2, 67, 0
3, 4110, Note_on_c, 2, 67, 100
3, 4112, Note_on_c, 2, 84, 0
3, 4113, Note_on_c, 2, 79, 100
3, 4141, Note_on_c, 2, 76, 100
3, 4143, Note_on_c, 2, 84, 100
3, 4144, Note_on_c, 2, 79, 0
3, 4169, Note_on_c, 2, 74, 100
3, 4170, Note_on_c, 2, 76, 0
3, 4171, Note_on_c, 2, 88, 100
3, 4173, Note_on_c, 2, 84, 0
3, 4182, Note_on_c, 2, 74, 0
3, 4199, Note_on_c, 2, 91, 100
3, 4200, Note_on_c, 2, 88, 0
3, 4201, Note_on_c, 2, 76, 100
3, 4210, Note_on_c, 2, 67, 0
3, 4228, Note_on_c, 2, 91, 0
3, 4230, Note_on_c, 2, 84, 100
3, 4255, Note_on_c, 2, 72, 100
3, 4258, Note_on_c, 2, 88, 100
3, 4259, Note_on_c, 2, 84, 0
3, 4288, Note_on_c, 2, 91, 100
3, 4289, Note_on_c, 2, 88, 0
3, 4314, Note_on_c, 2, 77, 100
3, 4320, Note_on_c, 2, 76, 0
3, 4321, Note_on_c, 2, 72, 0
3, 4323, Note_on_c, 2, 93, 100
3, 4324, Note_on_c, 2, 91, 0
3, 4348, Note_on_c, 2, 89, 100
3, 4349, Note_on_c, 2, 93, 0
3, 4375, Note_on_c, 2, 65, 100
3, 4377, Note_on_c, 2, 75, 100
3, 4378, Note_on_c, 2, 77, 0
3, 4379, Note_on_c, 2, 84, 100
3, 4380, Note_on_c, 2, 89, 0
3, 4409, Note_on_c, 2, 84, 0
3, 4410, Note_on_c, 2, 89, 100
3, 4437, Note_on_c, 2, 75, 0
3, 4437, Note_on_c, 2, 74, 100
3, 4440, Note_on_c, 2, 82, 100
3, 4442, Note_on_c, 2, 89, 0
3, 4445, Note_on_c, 2, 65, 0
3, 4470, Note_on_c, 2, 82, 0
3, 4470, Note_on_c, 2, 93, 100
3, 4496, Note_on_c, 2, 70, 100
3, 4500, Note_on_c, 2, 91, 100
3, 4505, Note_on_c, 2, 93, 0
3, 4530, Note_on_c, 2, 89, 100
3, 4533, Note_on_c, 2, 91, 0
3, 4556, Note_on_c, 2, 72, 100
3, 4558, Note_on_c, 2, 74, 0
3, 4558, Note_on_c, 2, 89, 0
3, 4559, Note_on_c, 2, 88, 100
3, 4560, Note_on_c, 2, 70, 0
3, 4588, Note_on_c, 2, 70, 100
3, 4615, Note_on_c, 2, 84, 100
3, 4616, Note_on_c, 2, 88, 0
3, 4622, Note_on_c, 2, 69, 100
3, 4624, Note_on_c, 2, 70, 0
3, 4638, Note_on_c, 2, 69, 0
3, 4645, Note_on_c, 2, 67, 100
3, 4667, Note_on_c, 2, 67, 0
3, 4674, Note_on_c, 2, 89, 100
3, 4675, Note_on_c, 2, 69, 100
3, 4676, Note_on_c, 2, 84, 0
3, 4690, Note_on_c, 2, 72, 0
3, 4700, Note_on_c, 2, 72, 100
3, 4723, Note_on_c, 2, 72, 0
3, 4735, Note_on_c, 2, 87, 100
3, 4736, Note_on_c, 2, 79, 100
3, 4741, Note_on_c, 2, 89, 0
3, 4766, Note_on_c, 2, 78, 100
3, 4767, Note_on_c, 2, 79, 0
3, 4794, Note_on_c, 2, 71, 100
3, 4797, Note_on_c, 2, 78, 0
3, 4797, Note_on_c, 2, 79, 100
3, 4798, Note_on_c, 2, 69, 0
3, 4798, Note_on_c, 2, 87, 0
3, 4824, Note_on_c, 2, 67, 100
3, 4825, Note_on_c, 2, 71, 0
3, 4829, Note_on_c, 2, 87, 100
3, 4852, Note_on_c, 2, 71, 100
3, 4855, Note_on_c, 2, 67, 0
3, 4858, Note_on_c, 2, 87, 0
3, 4860, Note_on_c, 2, 86, 100
3, 4882, Note_on_c, 2, 74, 100
3, 4883, Note_on_c, 2, 71, 0
3, 4888, Note_on_c, 2, 84, 100
3, 4889, Note_on_c, 2, 86, 0
3, 4913, Note_on_c, 2, 77, 100
3, 4916, Note_on_c, 2, 74, 0
3, 4916, Note_on_c, 2, 84, 0
3, 4920, Note_on_c, 2, 86, 100
3, 4944, Note_on_c, 2, 71, 100
3, 4949, Note_on_c, 2, 77, 0
3, 4974, Note_on_c, 2, 74, 100
3, 4977, Note_on_c, 2, 71, 0
3, 5001, Note_on_c, 2, 77, 100
3, 5002, Note_on_c, 2, 74, 0
3, 5016, Note_on_c, 2, 79, 0
3, 5029, Note_on_c, 2, 77, 0
3, 5033, Note_on_c, 2, 76, 100
3, 5063, Note_on_c, 2, 79, 100
3, 5091, Note_on_c, 2, 75, 100
3, 5094, Note_on_c, 2, 84, 100
3, 5096, Note_on_c, 2, 86, 0
3, 5096, Note_on_c, 2, 76, 0
3, 5102, Note_on_c, 2, 79, 0
3, 5124, Note_on_c, 2, 78, 100
3, 5146, Note_on_c, 2, 75, 0
3, 5148, Note_on_c, 2, 74, 100
3, 5155, Note_on_c, 2, 79, 100
3, 5156, Note_on_c, 2, 84, 0
3, 5156, Note_on_c, 2, 78, 0
3, 5186, Note_on_c, 2, 84, 100
3, 5216, Note_on_c, 2, 83, 100
3, 5217, Note_on_c, 2, 84, 0
3, 5234, Note_on_c, 2, 74, 0
3, 5246, Note_on_c, 2, 79, 0
3, 5250, Note_on_c, 2, 77, 100
3, 5275, Note_on_c, 2, 72, 100
3, 5280, Note_on_c, 2, 77, 0
3, 5280, Note_on_c, 2, 84, 100
3, 5281, Note_on_c, 2, 76, 100
3, 5283, Note_on_c, 2, 83, 0
3, 5303, Note_on_c, 2, 72, 0
3, 5308, Note_on_c, 2, 60, 100
3, 5313, Note_on_c, 2, 84, 0
3, 5324, Note_on_c, 2, 76, 0
3, 5337, Note_on_c, 2, 64, 100
3, 5338, Note_on_c, 2, 60, 0
3, 5342, Note_on_c, 2, 82, 100
3, 5343, Note_on_c, 2, 77, 100
3, 5367, Note_on_c, 2, 67, 100
3, 5368, Note_on_c, 2, 64, 0
3, 5369, Note_on_c, 2, 82, 0
3, 5375, Note_on_c, 2, 77, 0
3, 5398, Note_on_c, 2, 72, 100
3, 5399, Note_on_c, 2, 67, 0
3, 5399, Note_on_c, 2, 77, 100
3, 5400, Note_on_c, 2, 81, 100
3, 5417, Note_on_c, 2, 72, 0
3, 5428, Note_on_c, 2, 65, 100
3, 5454, Note_on_c, 2, 65, 0
3, 5457, Note_on_c, 2, 69, 100
3, 5484, Note_on_c, 2, 72, 100
3, 5486, Note_on_c, 2, 69, 0
3, 5515, Note_on_c, 2, 72, 0
3, 5515, Note_on_c, 2, 74, 100
3, 5522, Note_on_c, 2, 79, 100
3, 5527, Note_on_c, 2, 81, 0
3, 5529, Note_on_c, 2, 77, 0
3, 5535, Note_on_c, 2, 77, 100
3, 5548, Note_on_c, 2, 71, 100
3, 5551, Note_on_c, 2, 74, 0
3, 5581, Note_on_c, 2, 67, 100
3, 5585, Note_on_c, 2, 71, 0
3, 5612, Note_on_c, 2, 67, 0
3, 5612, Note_on_c, 2, 71, 100
3, 5640, Note_on_c, 2, 71, 0
3, 5641, Note_on_c, 2, 62, 100
3, 5643, Note_on_c, 2, 77, 0
3, 5671, Note_on_c, 2, 69, 100
3, 5673, Note_on_c, 2, 62, 0
3, 5673, Note_on_c, 2, 77, 100
3, 5700, Note_on_c, 2, 67, 100
3, 5702, Note_on_c, 2, 69, 0
3, 5703, Note_on_c, 2, 76, 100
3, 5704, Note_on_c, 2, 77, 0
3, 5728, Note_on_c, 2, 65, 100
3, 5729, Note_on_c, 2, 67, 0
3, 5734, Note_on_c, 2, 74, 100
3, 5735, Note_on_c, 2, 76, 0
3, 5743, Note_on_c, 2, 65, 0
3, 5757, Note_on_c, 2, 64, 100
3, 5760, Note_on_c, 2, 74, 0
3, 5762, Note_on_c, 2, 76, 100
3, 5791, Note_on_c, 2, 79, 0
3, 5791, Note_on_c, 2, 76, 0
3, 5794, Note_on_c, 2, 67, 100
3, 5823, Note_on_c, 2, 72, 100
3, 5825, Note_on_c, 2, 67, 0
3, 5851, Note_on_c, 2, 76, 100
3, 5853, Note_on_c, 2, 72, 0
3, 5879, Note_on_c, 2, 64, 0
3, 5880, Note_on_c, 2, 79, 100
3, 5882, Note_on_c, 2, 76, 0
3, 5903, Note_on_c, 2, 79, 0
3, 5911, Note_on_c, 2, 72, 100
3, 5940, Note_on_c, 2, 67, 100
3, 5941, Note_on_c, 2, 76, 100
3, 5943, Note_on_c, 2, 72, 0
3, 5968, Note_on_c, 2, 79, 100
3, 5969, Note_on_c, 2, 76, 0
3, 5999, Note_on_c, 2, 81, 100
3, 6004, Note_on_c, 2, 79, 0
3, 6030, Note_on_c, 2, 81, 0
3, 6030, Note_on_c, 2, 77, 100
3, 6037, Note_on_c, 2, 67, 0
3, 6056, Note_on_c, 2, 65, 100
3, 6060, Note_on_c, 2, 74, 100
3, 6062, Note_on_c, 2, 77, 0
3, 6085, Note_on_c, 2, 65, 0
3, 6085, Note_on_c, 2, 64, 100
3, 6089, Note_on_c, 2, 74, 0
3, 6090, Note_on_c, 2, 77, 100
3, 6117, Note_on_c, 2, 64, 0
3, 6119, Note_on_c, 2, 62, 100
3, 6119, Note_on_c, 2, 71, 100
3, 6120, Note_on_c, 2, 77, 0
3, 6151, Note_on_c, 2, 81, 100
3, 6152, Note_on_c, 2, 62, 0
3, 6153, Note_on_c, 2, 71, 0
3, 6177, Note_on_c, 2, 71, 100
3, 6180, Note_on_c, 2, 79, 100
3, 6182, Note_on_c, 2, 81, 0
3, 6208, Note_on_c, 2, 77, 100
3, 6209, Note_on_c, 2, 79, 0
3, 6210, Note_on_c, 2, 71, 0
3, 6238, Note_on_c, 2, 77, 0
3, 6239, Note_on_c, 2, 72, 100
3, 6240, Note_on_c, 2, 76, 100
3, 6260, Note_on_c, 2, 72, 0
3, 6267, Note_on_c, 2, 60, 100
3, 6283, Note_on_c, 2, 76, 0
3, 6298, Note_on_c, 2, 84, 100
3, 6298, Note_on_c, 2, 64, 100
3, 6299, Note_on_c, 2, 60, 0
3, 6326, Note_on_c, 2, 64, 0
3, 6326, Note_on_c, 2, 67, 100
3, 6356, Note_on_c, 2, 72, 100
3, 6357, Note_on_c, 2, 67, 0
3, 6378, Note_on_c, 2, 72, 0
3, 6384, Note_on_c, 2, 64, 100
3, 6408, Note_on_c, 2, 84, 0
3, 6414, Note_on_c, 2, 64, 0
3, 6415, Note_on_c, 2, 67, 100
3, 6417, Note_on_c, 2, 83, 100
3, 6439, Note_on_c, 2, 67, 0
3, 6442, Note_on_c, 2, 72, 100
3, 6444, Note_on_c, 2, 81, 100
3, 6445, Note_on_c, 2, 83, 0
3, 6473, Note_on_c, 2, 76, 100
3, 6474, Note_on_c, 2, 72, 0
3, 6474, Note_on_c, 2, 79, 100
3, 6475, Note_on_c, 2, 81, 0
3, 6503, Note_on_c, 2, 72, 100
3, 6507, Note_on_c, 2, 76, 0
3, 6507, Note_on_c, 2, 81, 100
3, 6510, Note_on_c, 2, 79, 0
3, 6531, Note_on_c, 2, 69, 100
3, 6532, Note_on_c, 2, 72, 0
3, 6537, Note_on_c, 2, 81, 0
3, 6537, Note_on_c, 2, 77, 100
3, 6561, Note_on_c, 2, 72, 100
3, 6562, Note_on_c, 2, 69, 0
3, 6562, Note_on_c, 2, 77, 0
3, 6565, Note_on_c, 2, 79, 100
3, 6582, Note_on_c, 2, 79, 0
3, 6591, Note_on_c, 2, 65, 100
3, 6593, Note_on_c, 2, 72, 0
3, 6598, Note_on_c, 2, 81, 100
3, 6624, Note_on_c, 2, 81, 0
3, 6625, Note_on_c, 2, 76, 100
3, 6626, Note_on_c, 2, 65, 0
3, 6626, Note_on_c, 2, 79, 100
3, 6651, Note_on_c, 2, 77, 100
3, 6654, Note_on_c, 2, 74, 100
3, 6655, Note_on_c, 2, 79, 0
3, 6656, Note_on_c, 2, 76, 0
3, 6681, Note_on_c, 2, 72, 100
3, 6683, Note_on_c, 2, 74, 0
3, 6686, Note_on_c, 2, 76, 100
3, 6688, Note_on_c, 2, 77, 0
3, 6706, Note_on_c, 2, 76, 0
3, 6714, Note_on_c, 2, 72, 0
3, 6714, Note_on_c, 2, 71, 100
3, 6722, Note_on_c, 2, 74, 100
3, 6744, Note_on_c, 2, 72, 100
3, 6746, Note_on_c, 2, 71, 0
3, 6753, Note_on_c, 2, 76, 100
3, 6754, Note_on_c, 2, 74, 0
3, 6767, Note_on_c, 2, 76, 0
3, 6779, Note_on_c, 2, 72, 0
3, 6779, Note_on_c, 2, 69, 100
3, 6782, Note_on_c, 2, 77, 100
3, 6808, Note_on_c, 2, 71, 100
3, 6811, Note_on_c, 2, 69, 0
3, 6838, Note_on_c, 2, 71, 0
3, 6840, Note_on_c, 2, 72, 100
3, 6865, Note_on_c, 2, 69, 100
3, 6868, Note_on_c, 2, 72, 0
3, 6897, Note_on_c, 2, 67, 100
3, 6898, Note_on_c, 2, 76, 100
3, 6899, Note_on_c, 2, 77, 0
3, 6899, Note_on_c, 2, 69, 0
3, 6925, Note_on_c, 2, 65, 100
3, 6926, Note_on_c, 2, 67, 0
3, 6928, Note_on_c, 2, 74, 100
3, 6933, Note_on_c, 2, 76, 0
3, 6940, Note_on_c, 2, 74, 0
3, 6956, Note_on_c, 2, 65, 0
3, 6956, Note_on_c, 2, 64, 100
3, 6957, Note_on_c, 2, 72, 100
3, 6960, Note_on_c, 2, 72, 100
3, 6990, Note_on_c, 2, 79, 100
3, 6994, Note_on_c, 2, 72, 0
3, 6997, Note_on_c, 2, 72, 0
3, 7018, Note_on_c, 2, 67, 100
3, 7020, Note_on_c, 2, 79, 0
3, 7020, Note_on_c, 2, 84, 100
3, 7043, Note_on_c, 2, 67, 0
3, 7046, Note_on_c, 2, 84, 0
3, 7046, Note_on_c, 2, 88, 100
3, 7076, Note_on_c, 2, 72, 100
3, 7082, Note_on_c, 2, 88, 0
3, 7082, Note_on_c, 2, 91, 100
3, 7083, Note_on_c, 2, 64, 0
3, 7112, Note_on_c, 2, 91, 0
3, 7113, Note_on_c, 2, 84, 100
3, 7138, Note_on_c, 2, 64, 100
3, 7142, Note_on_c, 2, 84, 0
3, 7143, Note_on_c, 2, 88, 100
3, 7171, Note_on_c, 2, 91, 100
3, 7172, Note_on_c, 2, 88, 0
3, 7175, Note_on_c, 2, 64, 0
3, 7197, Note_on_c, 2, 65, 100
3, 7202, Note_on_c, 2, 93, 100
3, 7206, Note_on_c, 2, 91, 0
3, 7235, Note_on_c, 2, 93, 0
3, 7235, Note_on_c, 2, 89, 100
3, 7240, Note_on_c, 2, 72, 0
3, 7259, Note_on_c, 2, 69, 100
3, 7263, Note_on_c, 2, 86, 100
3, 7264, Note_on_c, 2, 89, 0
3, 7292, Note_on_c, 2, 86, 0
3, 7292, Note_on_c, 2, 89, 100
3, 7322, Note_on_c, 2, 69, 0
3, 7322, Note_on_c, 2, 89, 0
3, 7322, Note_on_c, 2, 83, 100
3, 7323, Note_on_c, 2, 74, 100
3, 7343, Note_on_c, 2, 65, 0
3, 7352, Note_on_c, 2, 93, 100
3, 7355, Note_on_c, 2, 83, 0
3, 7378, Note_on_c, 2, 65, 100
3, 7382, Note_on_c, 2, 91, 100
3, 7383, Note_on_c, 2, 93, 0
3, 7398, Note_on_c, 2, 65, 0
3, 7411, Note_on_c, 2, 89, 100
3, 7412, Note_on_c, 2, 91, 0
3, 7440, Note_on_c, 2, 67, 100
3, 7442, Note_on_c, 2, 74, 0
3, 7443, Note_on_c, 2, 89, 0
3, 7443, Note_on_c, 2, 88, 100
3, 7472, Note_on_c, 2, 72, 100
3, 7480, Note_on_c, 2, 88, 0
3, 7502, Note_on_c, 2, 76, 100
3, 7503, Note_on_c, 2, 72, 0
3, 7504, Note_on_c, 2, 84, 100
3, 7531, Note_on_c, 2, 84, 0
3, 7532, Note_on_c, 2, 88, 100
3, 7532, Note_on_c, 2, 79, 100
3, 7535, Note_on_c, 2, 76, 0
3, 7554, Note_on_c, 2, 79, 0
3, 7561, Note_on_c, 2, 88, 0
3, 7563, Note_on_c, 2, 93, 100
3, 7564, Note_on_c, 2, 84, 100
3, 7579, Note_on_c, 2, 67, 0
3, 7592, Note_on_c, 2, 84, 0
3, 7592, Note_on_c, 2, 81, 100
3, 7622, Note_on_c, 2, 76, 100
3, 7626, Note_on_c, 2, 81, 0
3, 7626, Note_on_c, 2, 84, 100
3, 7645, Note_on_c, 2, 76, 0
3, 7655, Note_on_c, 2, 84, 0
3, 7656, Note_on_c, 2, 88, 100
3, 7682, Note_on_c, 2, 88, 0
3, 7682, Note_on_c, 2, 74, 100
3, 7686, Note_on_c, 2, 89, 100
3, 7714, Note_on_c, 2, 89, 0
3, 7715, Note_on_c, 2, 86, 100
3, 7743, Note_on_c, 2, 86, 0
3, 7743, Note_on_c, 2, 91, 100
3, 7744, Note_on_c, 2, 83, 100
3, 7748, Note_on_c, 2, 93, 0
3, 7772, Note_on_c, 2, 89, 100
3, 7773, Note_on_c, 2, 91, 0
3, 7774, Note_on_c, 2, 83, 0
3, 7775, Note_on_c, 2, 86, 100
3, 7798, Note_on_c, 2, 89, 0
3, 7803, Note_on_c, 2, 95, 100
3, 7804, Note_on_c, 2, 86, 0
3, 7804, Note_on_c, 2, 77, 100
3, 7805, Note_on_c, 2, 74, 0
3, 7832, Note_on_c, 2, 93, 100
3, 7841, Note_on_c, 2, 77, 0
3, 7860, Note_on_c, 2, 93, 0
3, 7861, Note_on_c, 2, 91, 100
3, 7888, Note_on_c, 2, 91, 0
3, 7888, Note_on_c, 2, 77, 100
3, 7890, Note_on_c, 2, 89, 100
3, 7902, Note_on_c, 2, 77, 0
3, 7918, Note_on_c, 2, 89, 0
3, 7918, Note_on_c, 2, 79, 100
3, 7921, Note_on_c, 2, 95, 0
3, 7921, Note_on_c, 2, 96, 100
3, 7923, Note_on_c, 2, 88, 100
3, 7947, Note_on_c, 2, 79, 0
3, 7948, Note_on_c, 2, 67, 100
3, 7962, Note_on_c, 2, 96, 0
3, 7977, Note_on_c, 2, 72, 100
3, 7981, Note_on_c, 2, 67, 0
3, 7982, Note_on_c, 2, 91, 100
3, 8004, Note_on_c, 2, 72, 0
3, 8005, Note_on_c, 2, 76, 100
3, 8035, Note_on_c, 2, 76, 0
3, 8035, Note_on_c, 2, 79, 100
3, 8038, Note_on_c, 2, 91, 0
3, 8041, Note_on_c, 2, 94, 100
3, 8066, Note_on_c, 2, 79, 0
3, 8067, Note_on_c, 2, 73, 100
3, 8073, Note_on_c, 2, 88, 0
3, 8081, Note_on_c, 2, 94, 0
3, 8094, Note_on_c, 2, 76, 100
3, 8095, Note_on_c, 2, 73, 0
3, 8101, Note_on_c, 2, 93, 100
3, 8102, Note_on_c, 2, 87, 100
3, 8125, Note_on_c, 2, 79, 100
3, 8127, Note_on_c, 2, 76, 0
3, 8135, Note_on_c, 2, 87, 0
3, 8158, Note_on_c, 2, 82, 100
3, 8160, Note_on_c, 2, 79, 0
3, 8162, Note_on_c, 2, 86, 100
3, 8189, Note_on_c, 2, 79, 100
3, 8193, Note_on_c, 2, 82, 0
3, 8218, Note_on_c, 2, 79, 0
3, 8219, Note_on_c, 2, 93, 0
3, 8219, Note_on_c, 2, 76, 100
3, 8219, Note_on_c, 2, 91, 100
3, 8220, Note_on_c, 2, 88, 100
3, 8247, Note_on_c, 2, 79, 100
3, 8248, Note_on_c, 2, 76, 0
3, 8251, Note_on_c, 2, 86, 0
3, 8272, Note_on_c, 2, 88, 0
3, 8272, Note_on_c, 2, 79, 0
3, 8276, Note_on_c, 2, 72, 100
3, 8311, Note_on_c, 2, 88, 100
3, 8324, Note_on_c, 2, 88, 0
3, 8338, Note_on_c, 2, 91, 0
3, 8338, Note_on_c, 2, 81, 100
3, 8339, Note_on_c, 2, 89, 100
3, 8369, Note_on_c, 2, 81, 0
3, 8370, Note_on_c, 2, 87, 100
3, 8370, Note_on_c, 2, 84, 100
3, 8372, Note_on_c, 2, 89, 0
3, 8395, Note_on_c, 2, 77, 100
3, 8396, Note_on_c, 2, 87, 0
3, 8397, Note_on_c, 2, 84, 0
3, 8399, Note_on_c, 2, 86, 100
3, 8425, Note_on_c, 2, 86, 0
3, 8430, Note_on_c, 2, 81, 100
3, 8442, Note_on_c, 2, 72, 0
3, 8455, Note_on_c, 2, 74, 100
3, 8457, Note_on_c, 2, 82, 100
3, 8458, Note_on_c, 2, 81, 0
3, 8481, Note_on_c, 2, 72, 100
3, 8486, Note_on_c, 2, 74, 0
3, 8486, Note_on_c, 2, 82, 0
3, 8487, Note_on_c, 2, 86, 100
3, 8504, Note_on_c, 2, 86, 0
3, 8513, Note_on_c, 2, 70, 100
3, 8515, Note_on_c, 2, 72, 0
3, 8516, Note_on_c, 2, 77, 0
3, 8518, Note_on_c, 2, 91, 100
3, 8543, Note_on_c, 2, 74, 100
3, 8576, Note_on_c, 2, 74, 0
3, 8576, Note_on_c, 2, 79, 100
3, 8609, Note_on_c, 2, 82, 100
3, 8622, Note_on_c, 2, 79, 0
3, 8641, Note_on_c, 2, 82, 0
3, 8642, Note_on_c, 2, 84, 100
3, 8653, Note_on_c, 2, 91, 0
3, 8670, Note_on_c, 2, 79, 100
3, 8698, Note_on_c, 2, 70, 0
3, 8698, Note_on_c, 2, 72, 100
3, 8699, Note_on_c, 2, 81, 100
3, 8700, Note_on_c, 2, 79, 0
3, 8704, Note_on_c, 2, 84, 0
3, 8724, Note_on_c, 2, 72, 0
3, 8725, Note_on_c, 2, 70, 100
3, 8729, Note_on_c, 2, 84, 100
3, 8732, Note_on_c, 2, 81, 0
3, 8755, Note_on_c, 2, 70, 0
3, 8757, Note_on_c, 2, 69, 100
3, 8760, Note_on_c, 2, 84, 0
3, 8761, Note_on_c, 2, 89, 100
3, 8782, Note_on_c, 2, 69, 0
3, 8787, Note_on_c, 2, 60, 100
3, 8815, Note_on_c, 2, 65, 100
3, 8819, Note_on_c, 2, 60, 0
3, 8844, Note_on_c, 2, 65, 0
3, 8844, Note_on_c, 2, 69, 100
3, 8875, Note_on_c, 2, 70, 100
3, 8876, Note_on_c, 2, 69, 0
3, 8878, Note_on_c, 2, 82, 100
3, 8905, Note_on_c, 2, 70, 0
3, 8905, Note_on_c, 2, 67, 100
3, 8934, Note_on_c, 2, 70, 100
3, 8937, Note_on_c, 2, 67, 0
3, 8937, Note_on_c, 2, 87, 100
3, 8939, Note_on_c, 2, 89, 0
3, 8962, Note_on_c, 2, 70, 0
3, 8962, Note_on_c, 2, 74, 100
3, 8967, Note_on_c, 2, 87, 0
3, 8967, Note_on_c, 2, 86, 100
3, 8993, Note_on_c, 2, 74, 0
3, 8993, Note_on_c, 2, 79, 100
3, 9001, Note_on_c, 2, 86, 0
3, 9001, Note_on_c, 2, 87, 100
3, 9024, Note_on_c, 2, 75, 100
3, 9028, Note_on_c, 2, 79, 0
3, 9056, Note_on_c, 2, 70, 100
3, 9057, Note_on_c, 2, 75, 0
3, 9083, Note_on_c, 2, 75, 100
3, 9085, Note_on_c, 2, 70, 0
3, 9110, Note_on_c, 2, 75, 0
3, 9111, Note_on_c, 2, 69, 100
3, 9113, Note_on_c, 2, 82, 0
3, 9114, Note_on_c, 2, 84, 100
3, 9142, Note_on_c, 2, 69, 0
3, 9142, Note_on_c, 2, 79, 100
3, 9172, Note_on_c, 2, 77, 100
3, 9174, Note_on_c, 2, 79, 0
3, 9176, Note_on_c, 2, 87, 0
3, 9178, Note_on_c, 2, 86, 100
3, 9180, Note_on_c, 2, 84, 0
3, 9202, Note_on_c, 2, 75, 100
3, 9203, Note_on_c, 2, 77, 0
3, 9207, Note_on_c, 2, 86, 0
3, 9208, Note_on_c, 2, 84, 100
3, 9234, Note_on_c, 2, 75, 0
3, 9234, Note_on_c, 2, 74, 100
3, 9239, Note_on_c, 2, 86, 100
3, 9248, Note_on_c, 2, 84, 0
3, 9263, Note_on_c, 2, 72, 100
3, 9264, Note_on_c, 2, 74, 0
3, 9295, Note_on_c, 2, 74, 100
3, 9296, Note_on_c, 2, 72, 0
3, 9299, Note_on_c, 2, 82, 100
3, 9304, Note_on_c, 2, 86, 0
3, 9323, Note_on_c, 2, 76, 100
3, 9330, Note_on_c, 2, 74, 0
3, 9351, Note_on_c, 2, 76, 0
3, 9354, Note_on_c, 2, 77, 100
3, 9356, Note_on_c, 2, 84, 100
3, 9388, Note_on_c, 2, 82, 0
3, 9388, Note_on_c, 2, 79, 100
3, 9400, Note_on_c, 2, 79, 0
3, 9419, Note_on_c, 2, 81, 100
3, 9432, Note_on_c, 2, 77, 0
3, 9445, Note_on_c, 2, 75, 100
3, 9459, Note_on_c, 2, 75, 0
3, 9483, Note_on_c, 2, 74, 100
3, 9511, Note_on_c, 2, 77, 100
3, 9512, Note_on_c, 2, 81, 0
3, 9539, Note_on_c, 2, 74, 0
3, 9540, Note_on_c, 2, 73, 100
3, 9541, Note_on_c, 2, 82, 100
3, 9542, Note_on_c, 2, 84, 0
3, 9571, Note_on_c, 2, 77, 0
3, 9571, Note_on_c, 2, 76, 100
3, 9596, Note_on_c, 2, 73, 0
3, 9596, Note_on_c, 2, 72, 100
3, 9603, Note_on_c, 2, 76, 0
3, 9604, Note_on_c, 2, 77, 100
3, 9620, Note_on_c, 2, 72, 0
3, 9629, Note_on_c, 2, 60, 100
3, 9658, Note_on_c, 2, 82, 0
3, 9658, Note_on_c, 2, 60, 0
3, 9658, Note_on_c, 2, 65, 100
3, 9661, Note_on_c, 2, 81, 100
3, 9687, Note_on_c, 2, 69, 100
3, 9688, Note_on_c, 2, 65, 0
3, 9688, Note_on_c, 2, 79, 100
3, 9692, Note_on_c, 2, 81, 0
3, 9717, Note_on_c, 2, 79, 0
3, 9718, Note_on_c, 2, 69, 0
3, 9718, Note_on_c, 2, 72, 100
3, 9719, Note_on_c, 2, 81, 100
3, 9746, Note_on_c, 2, 65, 100
3, 9747, Note_on_c, 2, 72, 0
3, 9751, Note_on_c, 2, 81, 0
3, 9775, Note_on_c, 2, 69, 100
3, 9778, Note_on_c, 2, 84, 100
3, 9779, Note_on_c, 2, 65, 0
3, 9804, Note_on_c, 2, 72, 100
3, 9813, Note_on_c, 2, 69, 0
3, 9832, Note_on_c, 2, 72, 0
3, 9833, Note_on_c, 2, 74, 100
3, 9864, Note_on_c, 2, 70, 100
3, 9869, Note_on_c, 2, 74, 0
3, 9878, Note_on_c, 2, 77, 0
3, 9895, Note_on_c, 2, 67, 100
3, 9896, Note_on_c, 2, 70, 0
3, 9897, Note_on_c, 2, 82, 100
3, 9900, Note_on_c, 2, 84, 0
3, 9923, Note_on_c, 2, 70, 100
3, 9927, Note_on_c, 2, 82, 0
3, 9928, Note_on_c, 2, 67, 0
3, 9928, Note_on_c, 2, 81, 100
3, 9952, Note_on_c, 2, 70, 0
3, 9953, Note_on_c, 2, 64, 100
3, 9959, Note_on_c, 2, 79, 100
3, 9962, Note_on_c, 2, 81, 0
3, 9987, Note_on_c, 2, 74, 100
3, 9988, Note_on_c, 2, 64, 0
3, 9989, Note_on_c, 2, 81, 100
3, 9992, Note_on_c, 2, 79, 0
3, 9998, Note_on_c, 2, 81, 0
3, 10016, Note_on_c, 2, 72, 100
3, 10017, Note_on_c, 2, 74, 0
3, 10021, Note_on_c, 2, 82, 100
3, 10021, Note_on_c, 2, 79, 100
3, 10046, Note_on_c, 2, 70, 100
3, 10047, Note_on_c, 2, 72, 0
3, 10076, Note_on_c, 2, 70, 0
3, 10076, Note_on_c, 2, 69, 100
3, 10105, Note_on_c, 2, 67, 100
3, 10111, Note_on_c, 2, 69, 0
3, 10133, Note_on_c, 2, 67, 0
3, 10135, Note_on_c, 2, 82, 0
3, 10135, Note_on_c, 2, 79, 0
3, 10135, Note_on_c, 2, 69, 100
3, 10137, Note_on_c, 2, 81, 100
3, 10137, Note_on_c, 2, 77, 100
3, 10162, Note_on_c, 2, 71, 100
3, 10165, Note_on_c, 2, 69, 0
3, 10187, Note_on_c, 2, 81, 0
3, 10192, Note_on_c, 2, 79, 100
3, 10193, Note_on_c, 2, 71, 0
3, 10195, Note_on_c, 2, 72, 100
3, 10220, Note_on_c, 2, 67, 100
3, 10223, Note_on_c, 2, 72, 0
3, 10238, Note_on_c, 2, 67, 0
3, 10247, Note_on_c, 2, 77, 0
3, 10249, Note_on_c, 2, 72, 100
3, 10251, Note_on_c, 2, 76, 100
3, 10278, Note_on_c, 2, 81, 100
3, 10281, Note_on_c, 2, 79, 0
3, 10306, Note_on_c, 2, 81, 0
3, 10308, Note_on_c, 2, 77, 100
3, 10309, Note_on_c, 2, 76, 0
3, 10311, Note_on_c, 2, 74, 100
3, 10313, Note_on_c, 2, 72, 0
3, 10338, Note_on_c, 2, 72, 100
3, 10369, Note_on_c, 2, 72, 0
3, 10370, Note_on_c, 2, 71, 100
3, 10396, Note_on_c, 2, 71, 0
3, 10399, Note_on_c, 2, 69, 100
3, 10432, Note_on_c, 2, 69, 0
3, 10437, Note_on_c, 2, 71, 100
3, 10452, Note_on_c, 2, 77, 0
3, 10467, Note_on_c, 2, 81, 100
3, 10496, Note_on_c, 2, 81, 0
3, 10501, Note_on_c, 2, 79, 100
3, 10530, Note_on_c, 2, 77, 100
3, 10534, Note_on_c, 2, 79, 0
3, 10557, Note_on_c, 2, 71, 0
3, 10559, Note_on_c, 2, 72, 100
3, 10560, Note_on_c, 2, 77, 0
3, 10561, Note_on_c, 2, 76, 100
3, 10563, Note_on_c, 2, 74, 0
3, 10580, Note_on_c, 2, 76, 0
3, 10593, Note_on_c, 2, 79, 100
3, 10598, Note_on_c, 2, 72, 0
3, 10619, Note_on_c, 2, 76, 100
3, 10620, Note_on_c, 2, 79, 0
3, 10622, Note_on_c, 2, 84, 100
3, 10649, Note_on_c, 2, 76, 0
3, 10649, Note_on_c, 2, 74, 100
3, 10650, Note_on_c, 2, 88, 100
3, 10653, Note_on_c, 2, 84, 0
3, 10680, Note_on_c, 2, 76, 100
3, 10682, Note_on_c, 2, 74, 0
3, 10682, Note_on_c, 2, 88, 0
3, 10682, Note_on_c, 2, 91, 100
3, 10697, Note_on_c, 2, 76, 0
3, 10700, Note_on_c, 2, 91, 0
3, 10711, Note_on_c, 2, 84, 100
3, 10738, Note_on_c, 2, 79, 100
3, 10738, Note_on_c, 2, 72, 100
3, 10741, Note_on_c, 2, 88, 100
3, 10742, Note_on_c, 2, 84, 0
3, 10764, Note_on_c, 2, 79, 0
3, 10770, Note_on_c, 2, 91, 100
3, 10771, Note_on_c, 2, 88, 0
3, 10784, Note_on_c, 2, 72, 0
3, 10794, Note_on_c, 2, 72, 100
3, 10798, Note_on_c, 2, 77, 100
3, 10802, Note_on_c, 2, 93, 100
3, 10805, Note_on_c, 2, 91, 0
3, 10822, Note_on_c, 2, 72, 0
3, 10832, Note_on_c, 2, 93, 0
3, 10833, Note_on_c, 2, 89, 100
3, 10840, Note_on_c, 2, 77, 0
3, 10859, Note_on_c, 2, 71, 100
3, 10862, Note_on_c, 2, 86, 100
3, 10864, Note_on_c, 2, 89, 0
3, 10889, Note_on_c, 2, 71, 0
3, 10889, Note_on_c, 2, 72, 100
3, 10890, Note_on_c, 2, 86, 0
3, 10891, Note_on_c, 2, 89, 100
3, 10919, Note_on_c, 2, 72, 0
3, 10919, Note_on_c, 2, 74, 100
3, 10921, Note_on_c, 2, 89, 0
3, 10921, Note_on_c, 2, 83, 100
3, 10951, Note_on_c, 2, 83, 0
3, 10951, Note_on_c, 2, 93, 100
3, 10957, Note_on_c, 2, 74, 0
3, 10976, Note_on_c, 2, 71, 100
3, 10977, Note_on_c, 2, 67, 100
3, 10982, Note_on_c, 2, 91, 100
3, 10984, Note_on_c, 2, 93, 0
3, 11015, Note_on_c, 2, 89, 100
3, 11016, Note_on_c, 2, 91, 0
3, 11021, Note_on_c, 2, 67, 0
3, 11042, Note_on_c, 2, 72, 100
3, 11043, Note_on_c, 2, 71, 0
3, 11043, Note_on_c, 2, 89, 0
3, 11044, Note_on_c, 2, 88, 100
3, 11070, Note_on_c, 2, 76, 100
3, 11075, Note_on_c, 2, 72, 0
3, 11092, Note_on_c, 2, 88, 0
3, 11098, Note_on_c, 2, 81, 100
3, 11101, Note_on_c, 2, 90, 100
3, 11102, Note_on_c, 2, 76, 0
3, 11102, Note_on_c, 2, 69, 100
3, 11125, Note_on_c, 2, 84, 100
3, 11128, Note_on_c, 2, 81, 0
3, 11152, Note_on_c, 2, 90, 0
3, 11156, Note_on_c, 2, 84, 0
3, 11156, Note_on_c, 2, 70, 100
3, 11157, Note_on_c, 2, 69, 0
3, 11161, Note_on_c, 2, 91, 100
3, 11161, Note_on_c, 2, 86, 100
3, 11191, Note_on_c, 2, 79, 100
3, 11194, Note_on_c, 2, 86, 0
3, 11197, Note_on_c, 2, 70, 0
3, 11218, Note_on_c, 2, 67, 100
3, 11220, Note_on_c, 2, 79, 0
3, 11221, Note_on_c, 2, 82, 100
3, 11250, Note_on_c, 2, 82, 0
3, 11250, Note_on_c, 2, 86, 100
3, 11256, Note_on_c, 2, 67, 0
3, 11274, Note_on_c, 2, 86, 0
3, 11274, Note_on_c, 2, 72, 100
3, 11281, Note_on_c, 2, 87, 100
3, 11307, Note_on_c, 2, 87, 0
3, 11307, Note_on_c, 2, 84, 100
3, 11334, Note_on_c, 2, 72, 0
3, 11334, Note_on_c, 2, 84, 0
3, 11335, Note_on_c, 2, 75, 100
3, 11336, Note_on_c, 2, 91, 0
3, 11336, Note_on_c, 2, 90, 100
3, 11336, Note_on_c, 2, 81, 100
3, 11365, Note_on_c, 2, 84, 100
3, 11366, Note_on_c, 2, 90, 0
3, 11366, Note_on_c, 2, 81, 0
3, 11367, Note_on_c, 2, 91, 100
3, 11386, Note_on_c, 2, 84, 0
3, 11390, Note_on_c, 2, 75, 0
3, 11393, Note_on_c, 2, 78, 100
3, 11394, Note_on_c, 2, 74, 100
3, 11396, Note_on_c, 2, 93, 100
3, 11397, Note_on_c, 2, 91, 0
3, 11421, Note_on_c, 2, 78, 0
3, 11426, Note_on_c, 2, 87, 100
3, 11451, Note_on_c, 2, 74, 0
3, 11452, Note_on_c, 2, 78, 100
3, 11457, Note_on_c, 2, 87, 0
3, 11457, Note_on_c, 2, 86, 100
3, 11486, Note_on_c, 2, 84, 100
3, 11487, Note_on_c, 2, 86, 0
3, 11498, Note_on_c, 2, 84, 0
3, 11515, Note_on_c, 2, 78, 0
3, 11515, Note_on_c, 2, 79, 100
3, 11517, Note_on_c, 2, 82, 100
3, 11544, Note_on_c, 2, 67, 100
3, 11545, Note_on_c, 2, 79, 0
3, 11550, Note_on_c, 2, 93, 0
3, 11573, Note_on_c, 2, 70, 100
3, 11577, Note_on_c, 2, 67, 0
3, 11578, Note_on_c, 2, 91, 100
3, 11603, Note_on_c, 2, 70, 0
3, 11603, Note_on_c, 2, 74, 100
3, 11633, Note_on_c, 2, 82, 0
3, 11633, Note_on_c, 2, 74, 0
3, 11634, Note_on_c, 2, 79, 100
3, 11636, Note_on_c, 2, 81, 100
3, 11664, Note_on_c, 2, 74, 100
3, 11666, Note_on_c, 2, 79, 0
3, 11694, Note_on_c, 2, 77, 100
3, 11695, Note_on_c, 2, 89, 100
3, 11696, Note_on_c, 2, 91, 0
3, 11696, Note_on_c, 2, 86, 100
3, 11697, Note_on_c, 2, 74, 0
3, 11701, Note_on_c, 2, 81, 0
3, 11722, Note_on_c, 2, 79, 100
3, 11725, Note_on_c, 2, 77, 0
3, 11728, Note_on_c, 2, 89, 0
3, 11742, Note_on_c, 2, 79, 0
3, 11753, Note_on_c, 2, 82, 100
3, 11754, Note_on_c, 2, 88, 100
3, 11784, Note_on_c, 2, 79, 100
3, 11786, Note_on_c, 2, 82, 0
3, 11788, Note_on_c, 2, 88, 0
3, 11789, Note_on_c, 2, 89, 100
3, 11794, Note_on_c, 2, 86, 0
3, 11813, Note_on_c, 2, 79, 0
3, 11814, Note_on_c, 2, 76, 100
3, 11818, Note_on_c, 2, 85, 100
3, 11818, Note_on_c, 2, 91, 100
3, 11820, Note_on_c, 2, 89, 0
3, 11843, Note_on_c, 2, 79, 100
3, 11844, Note_on_c, 2, 76, 0
3, 11847, Note_on_c, 2, 85, 0
3, 11847, Note_on_c, 2, 86, 100
3, 11865, Note_on_c, 2, 86, 0
3, 11873, Note_on_c, 2, 79, 0
3, 11874, Note_on_c, 2, 73, 100
3, 11878, Note_on_c, 2, 88, 100
3, 11903, Note_on_c, 2, 82, 100
3, 11906, Note_on_c, 2, 73, 0
3, 11933, Note_on_c, 2, 81, 100
3, 11934, Note_on_c, 2, 82, 0
3, 11962, Note_on_c, 2, 79, 100
3, 11966, Note_on_c, 2, 81, 0
3, 11991, Note_on_c, 2, 77, 100
3, 11992, Note_on_c, 2, 79, 0
3, 12027, Note_on_c, 2, 74, 100
3, 12028, Note_on_c, 2, 77, 0
3, 12057, Note_on_c, 2, 77, 100
3, 12058, Note_on_c, 2, 74, 0
3, 12060, Note_on_c, 2, 89, 100
3, 12061, Note_on_c, 2, 88, 0
3, 12061, Note_on_c, 2, 86, 100
3, 12062, Note_on_c, 2, 91, 0
3, 12086, Note_on_c, 2, 77, 0
3, 12087, Note_on_c, 2, 81, 100
3, 12118, Note_on_c, 2, 71, 100
3, 12119, Note_on_c, 2, 89, 0
3, 12119, Note_on_c, 2, 81, 0
3, 12121, Note_on_c, 2, 86, 0
3, 12148, Note_on_c, 2, 81, 100
3, 12149, Note_on_c, 2, 71, 0
3, 12176, Note_on_c, 2, 81, 0
3, 12177, Note_on_c, 2, 86, 100
3, 12177, Note_on_c, 2, 79, 100
3, 12178, Note_on_c, 2, 89, 100
3, 12198, Note_on_c, 2, 86, 0
3, 12198, Note_on_c, 2, 89, 0
3, 12204, Note_on_c, 2, 77, 100
3, 12209, Note_on_c, 2, 79, 0
3, 12225, Note_on_c, 2, 77, 0
3, 12235, Note_on_c, 2, 76, 100
3, 12239, Note_on_c, 2, 86, 100
3, 12240, Note_on_c, 2, 89, 100
3, 12269, Note_on_c, 2, 72, 100
3, 12270, Note_on_c, 2, 76, 0
3, 12297, Note_on_c, 2, 86, 0
3, 12298, Note_on_c, 2, 76, 100
3, 12299, Note_on_c, 2, 84, 100
3, 12300, Note_on_c, 2, 72, 0
3, 12300, Note_on_c, 2, 88, 100
3, 12301, Note_on_c, 2, 89, 0
3, 12330, Note_on_c, 2, 76, 0
3, 12330, Note_on_c, 2, 79, 100
3, 12358, Note_on_c, 2, 79, 0
3, 12358, Note_on_c, 2, 69, 100
3, 12361, Note_on_c, 2, 88, 0
3, 12362, Note_on_c, 2, 84, 0
3, 12388, Note_on_c, 2, 79, 100
3, 12389, Note_on_c, 2, 69, 0
3, 12417, Note_on_c, 2, 79, 0
3, 12417, Note_on_c, 2, 77, 100
3, 12418, Note_on_c, 2, 88, 100
3, 12418, Note_on_c, 2, 84, 100
3, 12436, Note_on_c, 2, 88, 0
3, 12436, Note_on_c, 2, 84, 0
3, 12445, Note_on_c, 2, 76, 100
3, 12450, Note_on_c, 2, 77, 0
3, 12465, Note_on_c, 2, 76, 0
3, 12477, Note_on_c, 2, 74, 100
3, 12479, Note_on_c, 2, 84, 100
3, 12480, Note_on_c, 2, 88, 100
3, 12508, Note_on_c, 2, 74, 0
3, 12508, Note_on_c, 2, 71, 100
3, 12537, Note_on_c, 2, 74, 100
3, 12538, Note_on_c, 2, 84, 0
3, 12539, Note_on_c, 2, 71, 0
3, 12540, Note_on_c, 2, 83, 100
3, 12540, Note_on_c, 2, 86, 100
3, 12544, Note_on_c, 2, 88, 0
3, 12565, Note_on_c, 2, 74, 0
3, 12567, Note_on_c, 2, 77, 100
3, 12596, Note_on_c, 2, 68, 100
3, 12598, Note_on_c, 2, 77, 0
3, 12603, Note_on_c, 2, 86, 0
3, 12604, Note_on_c, 2, 83, 0
3, 12626, Note_on_c, 2, 77, 100
3, 12628, Note_on_c, 2, 68, 0
3, 12650, Note_on_c, 2, 77, 0
3, 12658, Note_on_c, 2, 76, 100
3, 12659, Note_on_c, 2, 83, 100
3, 12659, Note_on_c, 2, 86, 100
3, 12678, Note_on_c, 2, 83, 0
3, 12678, Note_on_c, 2, 86, 0
3, 12686, Note_on_c, 2, 74, 100
3, 12690, Note_on_c, 2, 76, 0
3, 12706, Note_on_c, 2, 74, 0
3, 12716, Note_on_c, 2, 72, 100
3, 12718, Note_on_c, 2, 83, 100
3, 12719, Note_on_c, 2, 86, 100
3, 12746, Note_on_c, 2, 69, 100
3, 12748, Note_on_c, 2, 72, 0
3, 12766, Note_on_c, 2, 69, 0
3, 12773, Note_on_c, 2, 72, 100
3, 12775, Note_on_c, 2, 83, 0
3, 12776, Note_on_c, 2, 86, 0
3, 12777, Note_on_c, 2, 81, 100
3, 12777, Note_on_c, 2, 84, 100
3, 12803, Note_on_c, 2, 72, 0
3, 12804, Note_on_c, 2, 76, 100
3, 12824, Note_on_c, 2, 76, 0
3, 12828, Note_on_c, 2, 84, 0
3, 12834, Note_on_c, 2, 65, 100
3, 12859, Note_on_c, 2, 65, 0
3, 12867, Note_on_c, 2, 81, 0
3, 12870, Note_on_c, 2, 86, 100
3, 12898, Note_on_c, 2, 77, 100
3, 12900, Note_on_c, 2, 81, 100
3, 12901, Note_on_c, 2, 89, 100
3, 12902, Note_on_c, 2, 86, 0
3, 12929, Note_on_c, 2, 89, 0
3, 12929, Note_on_c, 2, 93, 100
3, 12937, Note_on_c, 2, 93, 0
3, 12957, Note_on_c, 2, 81, 0
3, 12957, Note_on_c, 2, 79, 100
3, 12960, Note_on_c, 2, 83, 100
3, 12986, Note_on_c, 2, 77, 0
3, 12990, Note_on_c, 2, 86, 100
3, 12991, Note_on_c, 2, 83, 0
3, 13001, Note_on_c, 2, 86, 0
3, 13015, Note_on_c, 2, 76, 100
3, 13022, Note_on_c, 2, 91, 100
3, 13046, Note_on_c, 2, 74, 100
3, 13047, Note_on_c, 2, 76, 0
3, 13076, Note_on_c, 2, 76, 100
3, 13080, Note_on_c, 2, 74, 0
3, 13081, Note_on_c, 2, 79, 0
3, 13089, Note_on_c, 2, 91, 0
3, 13110, Note_on_c, 2, 88, 100
3, 13138, Note_on_c, 2, 84, 100
3, 13139, Note_on_c, 2, 88, 0
3, 13140, Note_on_c, 2, 79, 100
3, 13162, Note_on_c, 2, 79, 0
3, 13166, Note_on_c, 2, 88, 100
3, 13170, Note_on_c, 2, 84, 0
3, 13196, Note_on_c, 2, 88, 0
3, 13196, Note_on_c, 2, 77, 100
3, 13197, Note_on_c, 2, 81, 100
3, 13203, Note_on_c, 2, 76, 0
3, 13228, Note_on_c, 2, 84, 100
3, 13233, Note_on_c, 2, 81, 0
3, 13241, Note_on_c, 2, 84, 0
3, 13253, Note_on_c, 2, 74, 100
3, 13259, Note_on_c, 2, 89, 100
3, 13281, Note_on_c, 2, 74, 0
3, 13283, Note_on_c, 2, 72, 100
3, 13288, Note_on_c, 2, 88, 100
3, 13289, Note_on_c, 2, 89, 0
3, 13310, Note_on_c, 2, 72, 0
3, 13317, Note_on_c, 2, 74, 100
3, 13321, Note_on_c, 2, 88, 0
3, 13321, Note_on_c, 2, 89, 100
3, 13350, Note_on_c, 2, 89, 0
3, 13351, Note_on_c, 2, 84, 100
3, 13352, Note_on_c, 2, 77, 0
3, 13352, Note_on_c, 2, 74, 0
3, 13374, Note_on_c, 2, 67, 100
3, 13381, Note_on_c, 2, 83, 100
3, 13382, Note_on_c, 2, 84, 0
3, 13396, Note_on_c, 2, 83, 0
3, 13410, Note_on_c, 2, 67, 0
3, 13410, Note_on_c, 2, 89, 100
3, 13423, Note_on_c, 2, 89, 0
3, 13436, Note_on_c, 2, 72, 100
3, 13440, Note_on_c, 2, 88, 100
3, 13462, Note_on_c, 2, 72, 0
3, 13473, Note_on_c, 2, 91, 100
3, 13474, Note_on_c, 2, 88, 0
3, 13497, Note_on_c, 2, 60, 100
3, 13501, Note_on_c, 2, 91, 0
3, 13502, Note_on_c, 2, 88, 100
3, 13525, Note_on_c, 2, 60, 0
3, 13532, Note_on_c, 2, 88, 0
3, 13532, Note_on_c, 2, 84, 100
3, 13560, Note_on_c, 2, 72, 100
3, 13564, Note_on_c, 2, 84, 0
3, 13564, Note_on_c, 2, 81, 100
3, 13585, Note_on_c, 2, 81, 0
3, 13594, Note_on_c, 2, 88, 100
3, 13625, Note_on_c, 2, 84, 100
3, 13626, Note_on_c, 2, 88, 0
3, 13652, Note_on_c, 2, 84, 0
3, 13653, Note_on_c, 2, 81, 100
3, 13683, Note_on_c, 2, 77, 100
3, 13685, Note_on_c, 2, 81, 0
3, 13714, Note_on_c, 2, 81, 100
3, 13720, Note_on_c, 2, 72, 0
3, 13720, Note_on_c, 2, 77, 0
3, 13732, Note_on_c, 2, 81, 0
3, 13741, Note_on_c, 2, 70, 100
3, 13745, Note_on_c, 2, 86, 100
3, 13757, Note_on_c, 2, 70, 0
3, 13772, Note_on_c, 2, 69, 100
3, 13773, Note_on_c, 2, 84, 100
3, 13775, Note_on_c, 2, 86, 0
3, 13790, Note_on_c, 2, 69, 0
3, 13802, Note_on_c, 2, 70, 100
3, 13806, Note_on_c, 2, 86, 100
3, 13809, Note_on_c, 2, 84, 0
3, 13835, Note_on_c, 2, 82, 100
3, 13836, Note_on_c, 2, 86, 0
3, 13863, Note_on_c, 2, 79, 100
3, 13868, Note_on_c, 2, 82, 0
3, 13896, Note_on_c, 2, 79, 0
3, 13897, Note_on_c, 2, 82, 100
3, 13934, Note_on_c, 2, 82, 0
3, 13936, Note_on_c, 2, 76, 100
3, 13956, Note_on_c, 2, 70, 0
3, 13965, Note_on_c, 2, 72, 100
3, 13966, Note_on_c, 2, 76, 0
3, 13991, Note_on_c, 2, 69, 100
3, 13994, Note_on_c, 2, 72, 0
3, 13995, Note_on_c, 2, 76, 100
3, 14019, Note_on_c, 2, 67, 100
3, 14020, Note_on_c, 2, 69, 0
3, 14024, Note_on_c, 2, 76, 0
3, 14025, Note_on_c, 2, 79, 100
3, 14051, Note_on_c, 2, 67, 0
3, 14051, Note_on_c, 2, 69, 100
3, 14055, Note_on_c, 2, 84, 100
3, 14057, Note_on_c, 2, 79, 0
3, 14071, Note_on_c, 2, 84, 0
3, 14082, Note_on_c, 2, 77, 100
3, 14110, Note_on_c, 2, 77, 0
3, 14110, Note_on_c, 2, 81, 100
3, 14112, Note_on_c, 2, 69, 0
3, 14112, Note_on_c, 2, 65, 100
3, 14114, Note_on_c, 2, 89, 100
3, 14142, Note_on_c, 2, 81, 0
3, 14142, Note_on_c, 2, 84, 100
3, 14166, Note_on_c, 2, 65, 0
3, 14166, Note_on_c, 2, 84, 0
3, 14167, Note_on_c, 2, 70, 100
3, 14170, Note_on_c, 2, 89, 0
3, 14172, Note_on_c, 2, 86, 100
3, 14206, Note_on_c, 2, 82, 100
3, 14225, Note_on_c, 2, 82, 0
3, 14227, Note_on_c, 2, 86, 0
3, 14229, Note_on_c, 2, 79, 100
3, 14230, Note_on_c, 2, 94, 100
3, 14259, Note_on_c, 2, 79, 0
3, 14259, Note_on_c, 2, 82, 100
3, 14278, Note_on_c, 2, 82, 0
3, 14288, Note_on_c, 2, 70, 0
3, 14289, Note_on_c, 2, 72, 100
3, 14290, Note_on_c, 2, 76, 100
3, 14318, Note_on_c, 2, 76, 0
3, 14321, Note_on_c, 2, 86, 100
3, 14348, Note_on_c, 2, 94, 0
3, 14349, Note_on_c, 2, 86, 0
3, 14349, Note_on_c, 2, 93, 100
3, 14350, Note_on_c, 2, 84, 100
3, 14379, Note_on_c, 2, 82, 100
3, 14380, Note_on_c, 2, 84, 0
3, 14380, Note_on_c, 2, 91, 100
3, 14381, Note_on_c, 2, 93, 0
3, 14410, Note_on_c, 2, 82, 0
3, 14410, Note_on_c, 2, 91, 0
3, 14410, Note_on_c, 2, 81, 100
3, 14410, Note_on_c, 2, 89, 100
3, 14435, Note_on_c, 2, 72, 0
3, 14438, Note_on_c, 2, 91, 100
3, 14441, Note_on_c, 2, 89, 0
3, 14448, Note_on_c, 2, 81, 0
3, 14465, Note_on_c, 2, 70, 100
3, 14466, Note_on_c, 2, 79, 100
3, 14469, Note_on_c, 2, 91, 0
3, 14469, Note_on_c, 2, 88, 100
3, 14485, Note_on_c, 2, 79, 0
3, 14495, Note_on_c, 2, 77, 100
3, 14495, Note_on_c, 2, 69, 100
3, 14498, Note_on_c, 2, 88, 0
3, 14498, Note_on_c, 2, 89, 100
3, 14500, Note_on_c, 2, 70, 0
3, 14514, Note_on_c, 2, 77, 0
3, 14523, Note_on_c, 2, 69, 0
3, 14527, Note_on_c, 2, 67, 100
3, 14528, Note_on_c, 2, 76, 100
3, 14529, Note_on_c, 2, 89, 0
3, 14529, Note_on_c, 2, 91, 100
3, 14558, Note_on_c, 2, 67, 0
3, 14558, Note_on_c, 2, 89, 100
3, 14560, Note_on_c, 2, 91, 0
3, 14585, Note_on_c, 2, 72, 100
3, 14587, Note_on_c, 2, 88, 100
3, 14589, Note_on_c, 2, 89, 0
3, 14606, Note_on_c, 2, 76, 0
3, 14613, Note_on_c, 2, 88, 0
3, 14615, Note_on_c, 2, 86, 100
3, 14643, Note_on_c, 2, 77, 100
3, 14645, Note_on_c, 2, 84, 100
3, 14646, Note_on_c, 2, 86, 0
3, 14673, Note_on_c, 2, 84, 0
3, 14675, Note_on_c, 2, 86, 100
3, 14703, Note_on_c, 2, 69, 100
3, 14704, Note_on_c, 2, 86, 0
3, 14705, Note_on_c, 2, 87, 100
3, 14706, Note_on_c, 2, 72, 0
3, 14733, Note_on_c, 2, 67, 100
3, 14735, Note_on_c, 2, 69, 0
3, 14761, Note_on_c, 2, 67, 0
3, 14763, Note_on_c, 2, 69, 100
3, 14776, Note_on_c, 2, 77, 0
3, 14791, Note_on_c, 2, 79, 100
3, 14819, Note_on_c, 2, 79, 0
3, 14821, Note_on_c, 2, 87, 0
3, 14822, Note_on_c, 2, 77, 100
3, 14822, Note_on_c, 2, 86, 100
3, 14849, Note_on_c, 2, 75, 100
3, 14850, Note_on_c, 2, 77, 0
3, 14851, Note_on_c, 2, 86, 0
3, 14851, Note_on_c, 2, 84, 100
3, 14879, Note_on_c, 2, 82, 100
3, 14880, Note_on_c, 2, 75, 0
3, 14880, Note_on_c, 2, 84, 0
3, 14881, Note_on_c, 2, 74, 100
3, 14908, Note_on_c, 2, 82, 0
3, 14910, Note_on_c, 2, 84, 100
3, 14917, Note_on_c, 2, 74, 0
3, 14925, Note_on_c, 2, 84, 0
3, 14935, Note_on_c, 2, 67, 100
3, 14936, Note_on_c, 2, 69, 0
3, 14940, Note_on_c, 2, 81, 100
3, 14941, Note_on_c, 2, 75, 100
3, 14970, Note_on_c, 2, 81, 0
3, 14970, Note_on_c, 2, 82, 100
3, 14998, Note_on_c, 2, 82, 0
3, 15000, Note_on_c, 2, 84, 100
3, 15031, Note_on_c, 2, 82, 100
3, 15032, Note_on_c, 2, 75, 0
3, 15033, Note_on_c, 2, 84, 0
3, 15051, Note_on_c, 2, 67, 0
3, 15054, Note_on_c, 2, 65, 100
3, 15057, Note_on_c, 2, 82, 0
3, 15059, Note_on_c, 2, 81, 100
3, 15090, Note_on_c, 2, 79, 100
3, 15091, Note_on_c, 2, 81, 0
3, 15115, Note_on_c, 2, 79, 0
3, 15120, Note_on_c, 2, 74, 100
3, 15121, Note_on_c, 2, 77, 100
3, 15140, Note_on_c, 2, 77, 0
3, 15146, Note_on_c, 2, 65, 0
3, 15148, Note_on_c, 2, 67, 100
3, 15174, Note_on_c, 2, 67, 0
3, 15176, Note_on_c, 2, 64, 100
3, 15178, Note_on_c, 2, 82, 100
3, 15206, Note_on_c, 2, 65, 100
3, 15208, Note_on_c, 2, 64, 0
3, 15214, Note_on_c, 2, 82, 0
3, 15223, Note_on_c, 2, 74, 0
3, 15237, Note_on_c, 2, 65, 0
3, 15237, Note_on_c, 2, 67, 100
3, 15238, Note_on_c, 2, 72, 100
3, 15239, Note_on_c, 2, 76, 100
3, 15266, Note_on_c, 2, 65, 100
3, 15268, Note_on_c, 2, 67, 0
3, 15270, Note_on_c, 2, 76, 0
3, 15296, Note_on_c, 2, 64, 100
3, 15300, Note_on_c, 2, 65, 0
3, 15300, Note_on_c, 2, 79, 100
3, 15326, Note_on_c, 2, 62, 100
3, 15327, Note_on_c, 2, 64, 0
3, 15356, Note_on_c, 2, 60, 100
3, 15362, Note_on_c, 2, 77, 100
3, 15363, Note_on_c, 2, 79, 0
3, 15363, Note_on_c, 2, 62, 0
3, 15364, Note_on_c, 2, 72, 0
3, 15385, Note_on_c, 2, 60, 0
3, 15389, Note_on_c, 2, 74, 100
3, 15401, Note_on_c, 2, 77, 0
3, 15401, Note_on_c, 2, 74, 0
3, 15416, Note_on_c, 2, 65, 100
3, 15421, Note_on_c, 2, 70, 100
3, 15421, Note_on_c, 2, 81, 100
3, 15449, Note_on_c, 2, 72, 100
3, 15450, Note_on_c, 2, 70, 0
3, 15481, Note_on_c, 2, 74, 100
3, 15483, Note_on_c, 2, 72, 0
3, 15509, Note_on_c, 2, 74, 0
3, 15510, Note_on_c, 2, 72, 100
3, 15520, Note_on_c, 2, 65, 0
3, 15530, Note_on_c, 2, 72, 0
3, 15536, Note_on_c, 2, 62, 100
3, 15537, Note_on_c, 2, 70, 100
3, 15540, Note_on_c, 2, 79, 100
3, 15542, Note_on_c, 2, 81, 0
3, 15554, Note_on_c, 2, 70, 0
3, 15567, Note_on_c, 2, 69, 100
3, 15571, Note_on_c, 2, 77, 100
3, 15573, Note_on_c, 2, 79, 0
3, 15577, Note_on_c, 2, 69, 0
3, 15596, Note_on_c, 2, 62, 0
3, 15599, Note_on_c, 2, 77, 0
3, 15599, Note_on_c, 2, 67, 100
3, 15599, Note_on_c, 2, 64, 100
3, 15603, Note_on_c, 2, 76, 100
3, 15621, Note_on_c, 2, 76, 0
3, 15634, Note_on_c, 2, 72, 100
3, 15662, Note_on_c, 2, 72, 0
3, 15662, Note_on_c, 2, 76, 100
3, 15689, Note_on_c, 2, 79, 100
3, 15690, Note_on_c, 2, 76, 0
3, 15715, Note_on_c, 2, 67, 0
3, 15717, Note_on_c, 2, 64, 0
3, 15720, Note_on_c, 2, 79, 0
3, 15722, Note_on_c, 2, 84, 100
3, 15746, Note_on_c, 2, 60, 100
3, 15751, Note_on_c, 2, 77, 100
3, 15752, Note_on_c, 2, 84, 0
3, 15766, Note_on_c, 2, 60, 0
3, 15776, Note_on_c, 2, 64, 100
3, 15782, Note_on_c, 2, 77, 0
3, 15782, Note_on_c, 2, 81, 100
3, 15796, Note_on_c, 2, 64, 0
3, 15805, Note_on_c, 2, 67, 100
3, 15811, Note_on_c, 2, 81, 0
3, 15811, Note_on_c, 2, 84, 100
3, 15821, Note_on_c, 2, 67, 0
3, 15837, Note_on_c, 2, 72, 100
3, 15841, Note_on_c, 2, 87, 100
3, 15842, Note_on_c, 2, 84, 0
3, 15872, Note_on_c, 2, 84, 100
3, 15873, Note_on_c, 2, 87, 0
3, 15899, Note_on_c, 2, 75, 100
3, 15901, Note_on_c, 2, 81, 100
3, 15902, Note_on_c, 2, 84, 0
3, 15928, Note_on_c, 2, 84, 100
3, 15929, Note_on_c, 2, 81, 0
3, 15933, Note_on_c, 2, 72, 0
3, 15934, Note_on_c, 2, 75, 0
3, 15956, Note_on_c, 2, 69, 100
3, 15956, Note_on_c, 2, 72, 100
3, 15961, Note_on_c, 2, 84, 0
3, 15961, Note_on_c, 2, 78, 100
3, 15979, Note_on_c, 2, 72, 0
3, 15980, Note_on_c, 2, 69, 0
3, 15984, Note_on_c, 2, 78, 0
3, 15992, Note_on_c, 2, 87, 100
3, 16005, Note_on_c, 2, 87, 0
3, 16019, Note_on_c, 2, 86, 100
3, 16019, Note_on_c, 2, 69, 100
3, 16019, Note_on_c, 2, 66, 100
3, 16043, Note_on_c, 2, 66, 0
3, 16044, Note_on_c, 2, 69, 0
3, 16046, Note_on_c, 2, 86, 0
3, 16049, Note_on_c, 2, 84, 100
3, 16066, Note_on_c, 2, 84, 0
3, 16078, Note_on_c, 2, 67, 100
3, 16079, Note_on_c, 2, 74, 100
3, 16080, Note_on_c, 2, 83, 100
3, 16104, Note_on_c, 2, 74, 0
3, 16108, Note_on_c, 2, 67, 0
3, 16108, Note_on_c, 2, 79, 100
3, 16109, Note_on_c, 2, 83, 0
3, 16116, Note_on_c, 2, 79, 0
3, 16136, Note_on_c, 2, 74, 100
3, 16138, Note_on_c, 2, 79, 100
3, 16139, Note_on_c, 2, 83, 100
3, 16158, Note_on_c, 2, 83, 0
3, 16169, Note_on_c, 2, 86, 100
3, 16184, Note_on_c, 2, 86, 0
3, 16202, Note_on_c, 2, 74, 0
3, 16202, Note_on_c, 2, 88, 100
3, 16227, Note_on_c, 2, 71, 100
3, 16246, Note_on_c, 2, 71, 0
3, 16257, Note_on_c, 2, 72, 100
3, 16282, Note_on_c, 2, 72, 0
3, 16284, Note_on_c, 2, 76, 100
3, 16313, Note_on_c, 2, 79, 0
3, 16314, Note_on_c, 2, 76, 0
3, 16316, Note_on_c, 2, 81, 100
3, 16340, Note_on_c, 2, 81, 0
3, 16346, Note_on_c, 2, 69, 100
3, 16374, Note_on_c, 2, 69, 0
3, 16374, Note_on_c, 2, 74, 100
3, 16379, Note_on_c, 2, 86, 100
3, 16381, Note_on_c, 2, 88, 0
3, 16401, Note_on_c, 2, 74, 0
3, 16402, Note_on_c, 2, 77, 100
3, 16433, Note_on_c, 2, 77, 0
3, 16433, Note_on_c, 2, 79, 100
3, 16465, Note_on_c, 2, 72, 100
3, 16469, Note_on_c, 2, 79, 0
3, 16494, Note_on_c, 2, 76, 100
3, 16496, Note_on_c, 2, 84, 100
3, 16497, Note_on_c, 2, 72, 0
3, 16498, Note_on_c, 2, 86, 0
3, 16523, Note_on_c, 2, 79, 100
3, 16527, Note_on_c, 2, 76, 0
3, 16534, Note_on_c, 2, 79, 0
3, 16555, Note_on_c, 2, 81, 100
3, 16558, Note_on_c, 2, 84, 0
3, 16587, Note_on_c, 2, 77, 100
3, 16590, Note_on_c, 2, 81, 0
3, 16590, Note_on_c, 2, 81, 100
3, 16618, Note_on_c, 2, 77, 0
3, 16618, Note_on_c, 2, 74, 100
3, 16619, Note_on_c, 2, 83, 100
3, 16622, Note_on_c, 2, 81, 0
3, 16632, Note_on_c, 2, 83, 0
3, 16645, Note_on_c, 2, 74, 0
3, 16645, Note_on_c, 2, 77, 100
3, 16646, Note_on_c, 2, 86, 100
3, 16659, Note_on_c, 2, 86, 0
3, 16674, Note_on_c, 2, 77, 0
3, 16674, Note_on_c, 2, 71, 100
3, 16675, Note_on_c, 2, 89, 100
3, 16703, Note_on_c, 2, 71, 0
3, 16703, Note_on_c, 2, 81, 100
3, 16717, Note_on_c, 2, 89, 0
3, 16731, Note_on_c, 2, 79, 100
3, 16732, Note_on_c, 2, 83, 100
3, 16733, Note_on_c, 2, 81, 0
3, 16759, Note_on_c, 2, 83, 0
3, 16760, Note_on_c, 2, 77, 100
3, 16761, Note_on_c, 2, 79, 0
3, 16785, Note_on_c, 2, 77, 0
3, 16789, Note_on_c, 2, 84, 100
3, 16791, Note_on_c, 2, 76, 100
3, 16823, Note_on_c, 2, 76, 0
3, 16824, Note_on_c, 2, 77, 100
3, 16843, Note_on_c, 2, 77, 0
3, 16851, Note_on_c, 2, 74, 100
3, 16851, Note_on_c, 2, 72, 100
3, 16886, Note_on_c, 2, 74, 0
3, 16888, Note_on_c, 2, 76, 100
3, 16909, Note_on_c, 2, 76, 0
3, 16918, Note_on_c, 2, 77, 100
3, 16922, Note_on_c, 2, 84, 0
3, 16922, Note_on_c, 2, 86, 100
3, 16939, Note_on_c, 2, 77, 0
3, 16952, Note_on_c, 2, 79, 100
3, 16979, Note_on_c, 2, 71, 100
3, 16982, Note_on_c, 2, 72, 0
3, 16983, Note_on_c, 2, 76, 100
3, 16984, Note_on_c, 2, 79, 0
3, 17007, Note_on_c, 2, 69, 100
3, 17008, Note_on_c, 2, 71, 0
3, 17013, Note_on_c, 2, 76, 0
3, 17013, Note_on_c, 2, 77, 100
3, 17038, Note_on_c, 2, 67, 100
3, 17041, Note_on_c, 2, 69, 0
3, 17046, Note_on_c, 2, 77, 0
3, 17046, Note_on_c, 2, 79, 100
3, 17069, Note_on_c, 2, 67, 0
3, 17070, Note_on_c, 2, 69, 100
3, 17075, Note_on_c, 2, 86, 0
3, 17075, Note_on_c, 2, 84, 100
3, 17078, Note_on_c, 2, 79, 0
3, 17100, Note_on_c, 2, 65, 100
3, 17101, Note_on_c, 2, 69, 0
3, 17105, Note_on_c, 2, 81, 100
3, 17106, Note_on_c, 2, 84, 0
3, 17130, Note_on_c, 2, 65, 0
3, 17130, Note_on_c, 2, 67, 100
3, 17133, Note_on_c, 2, 81, 0
3, 17134, Note_on_c, 2, 84, 100
3, 17153, Note_on_c, 2, 84, 0
3, 17163, Note_on_c, 2, 69, 100
3, 17164, Note_on_c, 2, 67, 0
3, 17164, Note_on_c, 2, 77, 100
3, 17190, Note_on_c, 2, 67, 100
3, 17191, Note_on_c, 2, 77, 0
3, 17193, Note_on_c, 2, 88, 100
3, 17194, Note_on_c, 2, 69, 0
3, 17219, Note_on_c, 2, 65, 100
3, 17221, Note_on_c, 2, 86, 100
3, 17222, Note_on_c, 2, 88, 0
3, 17225, Note_on_c, 2, 67, 0
3, 17248, Note_on_c, 2, 64, 100
3, 17249, Note_on_c, 2, 65, 0
3, 17249, Note_on_c, 2, 84, 100
3, 17251, Note_on_c, 2, 86, 0
3, 17261, Note_on_c, 2, 84, 0
3, 17264, Note_on_c, 2, 64, 0
3, 17276, Note_on_c, 2, 62, 100
3, 17281, Note_on_c, 2, 83, 100
3, 17303, Note_on_c, 2, 62, 0
3, 17304, Note_on_c, 2, 64, 100
3, 17312, Note_on_c, 2, 84, 100
3, 17316, Note_on_c, 2, 83, 0
3, 17321, Note_on_c, 2, 64, 0
3, 17328, Note_on_c, 2, 84, 0
3, 17338, Note_on_c, 2, 65, 100
3, 17341, Note_on_c, 2, 81, 100
3, 17370, Note_on_c, 2, 81, 0
3, 17370, Note_on_c, 2, 83, 100
3, 17387, Note_on_c, 2, 83, 0
3, 17402, Note_on_c, 2, 84, 100
3, 17432, Note_on_c, 2, 81, 100
3, 17434, Note_on_c, 2, 84, 0
3, 17457, Note_on_c, 2, 64, 100
3, 17458, Note_on_c, 2, 65, 0
3, 17461, Note_on_c, 2, 81, 0
3, 17463, Note_on_c, 2, 79, 100
3, 17487, Note_on_c, 2, 62, 100
3, 17489, Note_on_c, 2, 64, 0
3, 17492, Note_on_c, 2, 77, 100
3, 17493, Note_on_c, 2, 79, 0
3, 17512, Note_on_c, 2, 77, 0
3, 17520, Note_on_c, 2, 60, 100
3, 17521, Note_on_c, 2, 62, 0
3, 17522, Note_on_c, 2, 76, 100
3, 17549, Note_on_c, 2, 60, 0
3, 17550, Note_on_c, 2, 79, 100
3, 17551, Note_on_c, 2, 76, 0
3, 17579, Note_on_c, 2, 79, 0
3, 17579, Note_on_c, 2, 84, 100
3, 17579, Note_on_c, 2, 64, 100
3, 17581, Note_on_c, 2, 76, 100
3, 17610, Note_on_c, 2, 76, 0
3, 17610, Note_on_c, 2, 72, 100
3, 17636, Note_on_c, 2, 64, 0
3, 17637, Note_on_c, 2, 65, 100
3, 17639, Note_on_c, 2, 72, 0
3, 17640, Note_on_c, 2, 74, 100
3, 17670, Note_on_c, 2, 76, 100
3, 17673, Note_on_c, 2, 74, 0
3, 17678, Note_on_c, 2, 65, 0
3, 17696, Note_on_c, 2, 67, 100
3, 17699, Note_on_c, 2, 76, 0
3, 17699, Note_on_c, 2, 82, 100
3, 17700, Note_on_c, 2, 77, 100
3, 17701, Note_on_c, 2, 84, 0
3, 17729, Note_on_c, 2, 82, 0
3, 17729, Note_on_c, 2, 81, 100
3, 17734, Note_on_c, 2, 77, 0
3, 17742, Note_on_c, 2, 67, 0
3, 17756, Note_on_c, 2, 60, 100
3, 17760, Note_on_c, 2, 76, 100
3, 17764, Note_on_c, 2, 79, 100
3, 17765, Note_on_c, 2, 81, 0
3, 17787, Note_on_c, 2, 72, 100
3, 17791, Note_on_c, 2, 81, 100
3, 17792, Note_on_c, 2, 79, 0
3, 17793, Note_on_c, 2, 60, 0
3, 17795, Note_on_c, 2, 76, 0
3, 17818, Note_on_c, 2, 81, 0
3, 17819, Note_on_c, 2, 72, 0
3, 17819, Note_on_c, 2, 69, 100
3, 17820, Note_on_c, 2, 77, 100
3, 17847, Note_on_c, 2, 72, 100
3, 17848, Note_on_c, 2, 79, 100
3, 17849, Note_on_c, 2, 77, 0
3, 17851, Note_on_c, 2, 69, 0
3, 17863, Note_on_c, 2, 72, 0
3, 17877, Note_on_c, 2, 65, 100
3, 17880, Note_on_c, 2, 81, 100
3, 17881, Note_on_c, 2, 79, 0
3, 17908, Note_on_c, 2, 76, 100
3, 17910, Note_on_c, 2, 65, 0
3, 17910, Note_on_c, 2, 79, 100
3, 17912, Note_on_c, 2, 81, 0
3, 17937, Note_on_c, 2, 74, 100
3, 17939, Note_on_c, 2, 76, 0
3, 17940, Note_on_c, 2, 77, 100
3, 17942, Note_on_c, 2, 79, 0
3, 17967, Note_on_c, 2, 72, 100
3, 17970, Note_on_c, 2, 76, 100
3, 17971, Note_on_c, 2, 74, 0
3, 17973, Note_on_c, 2, 77, 0
3, 17993, Note_on_c, 2, 72, 0
3, 17998, Note_on_c, 2, 71, 100
3, 18000, Note_on_c, 2, 74, 100
3, 18001, Note_on_c, 2, 76, 0
3, 18026, Note_on_c, 2, 72, 100
3, 18029, Note_on_c, 2, 74, 0
3, 18030, Note_on_c, 2, 76, 100
3, 18032, Note_on_c, 2, 71, 0
3, 18043, Note_on_c, 2, 76, 0
3, 18056, Note_on_c, 2, 72, 0
3, 18056, Note_on_c, 2, 69, 100
3, 18062, Note_on_c, 2, 77, 100
3, 18085, Note_on_c, 2, 69, 0
3, 18086, Note_on_c, 2, 71, 100
3, 18113, Note_on_c, 2, 71, 0
3, 18117, Note_on_c, 2, 72, 100
3, 18145, Note_on_c, 2, 72, 0
3, 18146, Note_on_c, 2, 69, 100
3, 18176, Note_on_c, 2, 69, 0
3, 18176, Note_on_c, 2, 67, 100
3, 18177, Note_on_c, 2, 76, 100
3, 18180, Note_on_c, 2, 77, 0
3, 18202, Note_on_c, 2, 67, 0
3, 18204, Note_on_c, 2, 65, 100
3, 18209, Note_on_c, 2, 74, 100
3, 18213, Note_on_c, 2, 76, 0
3, 18219, Note_on_c, 2, 65, 0
3, 18237, Note_on_c, 2, 67, 100
3, 18243, Note_on_c, 2, 76, 100
3, 18245, Note_on_c, 2, 74, 0
3, 18267, Note_on_c, 2, 76, 0
3, 18276, Note_on_c, 2, 72, 100
3, 18302, Note_on_c, 2, 70, 100
3, 18305, Note_on_c, 2, 76, 100
3, 18306, Note_on_c, 2, 72, 0
3, 18332, Note_on_c, 2, 76, 0
3, 18333, Note_on_c, 2, 79, 100
3, 18353, Note_on_c, 2, 70, 0
3, 18358, Note_on_c, 2, 69, 100
3, 18362, Note_on_c, 2, 79, 0
3, 18363, Note_on_c, 2, 84, 100
3, 18365, Note_on_c, 2, 67, 0
3, 18391, Note_on_c, 2, 77, 100
3, 18393, Note_on_c, 2, 84, 0
3, 18420, Note_on_c, 2, 81, 100
3, 18421, Note_on_c, 2, 77, 0
3, 18421, Note_on_c, 2, 72, 100
3, 18449, Note_on_c, 2, 84, 100
3, 18450, Note_on_c, 2, 81, 0
3, 18461, Note_on_c, 2, 72, 0
3, 18478, Note_on_c, 2, 70, 100
3, 18479, Note_on_c, 2, 69, 0
3, 18480, Note_on_c, 2, 86, 100
3, 18481, Note_on_c, 2, 84, 0
3, 18510, Note_on_c, 2, 82, 100
3, 18513, Note_on_c, 2, 86, 0
3, 18514, Note_on_c, 2, 70, 0
3, 18537, Note_on_c, 2, 74, 100
3, 18537, Note_on_c, 2, 70, 100
3, 18542, Note_on_c, 2, 82, 0
3, 18542, Note_on_c, 2, 79, 100
3, 18566, Note_on_c, 2, 69, 100
3, 18569, Note_on_c, 2, 70, 0
3, 18571, Note_on_c, 2, 82, 100
3, 18572, Note_on_c, 2, 79, 0
3, 18579, Note_on_c, 2, 69, 0
3, 18587, Note_on_c, 2, 82, 0
3, 18600, Note_on_c, 2, 74, 0
3, 18600, Note_on_c, 2, 67, 100
3, 18600, Note_on_c, 2, 76, 100
3, 18631, Note_on_c, 2, 86, 100
3, 18664, Note_on_c, 2, 86, 0
3, 18664, Note_on_c, 2, 84, 100
3, 18691, Note_on_c, 2, 84, 0
3, 18691, Note_on_c, 2, 82, 100
3, 18716, Note_on_c, 2, 82, 0
3, 18720, Note_on_c, 2, 81, 100
3, 18725, Note_on_c, 2, 76, 0
3, 18731, Note_on_c, 2, 67, 0
3, 18748, Note_on_c, 2, 69, 100
3, 18767, Note_on_c, 2, 69, 0
3, 18778, Note_on_c, 2, 65, 100
3, 18779, Note_on_c, 2, 72, 100
3, 18780, Note_on_c, 2, 81, 0
3, 18805, Note_on_c, 2, 72, 0
3, 18806, Note_on_c, 2, 65, 0
3, 18806, Note_on_c, 2, 64, 100
3, 18808, Note_on_c, 2, 77, 100
3, 18837, Note_on_c, 2, 64, 0
3, 18838, Note_on_c, 2, 65, 100
3, 18840, Note_on_c, 2, 77, 0
3, 18840, Note_on_c, 2, 81, 100
3, 18840, Note_on_c, 2, 86, 100
3, 18871, Note_on_c, 2, 74, 100
3, 18874, Note_on_c, 2, 81, 0
3, 18880, Note_on_c, 2, 65, 0
3, 18900, Note_on_c, 2, 74, 0
3, 18900, Note_on_c, 2, 69, 100
3, 18901, Note_on_c, 2, 77, 100
3, 18929, Note_on_c, 2, 81, 100
3, 18933, Note_on_c, 2, 77, 0
3, 18951, Note_on_c, 2, 81, 0
3, 18958, Note_on_c, 2, 82, 100
3, 18985, Note_on_c, 2, 82, 0
3, 18989, Note_on_c, 2, 79, 100
3, 19014, Note_on_c, 2, 67, 100
3, 19018, Note_on_c, 2, 69, 0
3, 19019, Note_on_c, 2, 76, 100
3, 19020, Note_on_c, 2, 79, 0
3, 19045, Note_on_c, 2, 65, 100
3, 19047, Note_on_c, 2, 67, 0
3, 19048, Note_on_c, 2, 76, 0
3, 19048, Note_on_c, 2, 79, 100
3, 19073, Note_on_c, 2, 79, 0
3, 19075, Note_on_c, 2, 65, 0
3, 19076, Note_on_c, 2, 72, 100
3, 19076, Note_on_c, 2, 67, 100
3, 19077, Note_on_c, 2, 88, 100
3, 19078, Note_on_c, 2, 86, 0
3, 19099, Note_on_c, 2, 72, 0
3, 19106, Note_on_c, 2, 82, 100
3, 19115, Note_on_c, 2, 67, 0
3, 19135, Note_on_c, 2, 82, 0
3, 19136, Note_on_c, 2, 81, 100
3, 19144, Note_on_c, 2, 70, 100
3, 19167, Note_on_c, 2, 81, 0
3, 19168, Note_on_c, 2, 79, 100
3, 19194, Note_on_c, 2, 88, 0
3, 19194, Note_on_c, 2, 84, 100
3, 19195, Note_on_c, 2, 79, 0
3, 19195, Note_on_c, 2, 89, 100
3, 19222, Note_on_c, 2, 84, 0
3, 19227, Note_on_c, 2, 81, 100
3, 19250, Note_on_c, 2, 70, 0
3, 19252, Note_on_c, 2, 81, 0
3, 19253, Note_on_c, 2, 69, 100
3, 19257, Note_on_c, 2, 77, 100
3, 19278, Note_on_c, 2, 77, 0
3, 19285, Note_on_c, 2, 84, 100
3, 19306, Note_on_c, 2, 84, 0
3, 19315, Note_on_c, 2, 74, 100
3, 19335, Note_on_c, 2, 74, 0
3, 19346, Note_on_c, 2, 84, 100
3, 19366, Note_on_c, 2, 84, 0
3, 19374, Note_on_c, 2, 67, 100
3, 19375, Note_on_c, 2, 69, 0
3, 19376, Note_on_c, 2, 82, 100
3, 19390, Note_on_c, 2, 82, 0
3, 19402, Note_on_c, 2, 65, 100
3, 19404, Note_on_c, 2, 81, 100
3, 19405, Note_on_c, 2, 67, 0
3, 19412, Note_on_c, 2, 81, 0
3, 19426, Note_on_c, 2, 89, 0
3, 19428, Note_on_c, 2, 65, 0
3, 19431, Note_on_c, 2, 79, 100
3, 19432, Note_on_c, 2, 64, 100
3, 19460, Note_on_c, 2, 64, 0
3, 19460, Note_on_c, 2, 65, 100
3, 19489, Note_on_c, 2, 62, 100
3, 19490, Note_on_c, 2, 65, 0
3, 19490, Note_on_c, 2, 91, 100
3, 19519, Note_on_c, 2, 64, 100
3, 19522, Note_on_c, 2, 62, 0
3, 19548, Note_on_c, 2, 79, 0
3, 19549, Note_on_c, 2, 81, 100
3, 19550, Note_on_c, 2, 64, 0
3, 19550, Note_on_c, 2, 65, 100
3, 19577, Note_on_c, 2, 64, 100
3, 19582, Note_on_c, 2, 65, 0
3, 19604, Note_on_c, 2, 91, 0
3, 19608, Note_on_c, 2, 62, 100
3, 19610, Note_on_c, 2, 64, 0
3, 19612, Note_on_c, 2, 89, 100
3, 19612, Note_on_c, 2, 83, 100
3, 19613, Note_on_c, 2, 81, 0
3, 19639, Note_on_c, 2, 60, 100
3, 19643, Note_on_c, 2, 62, 0
3, 19654, Note_on_c, 2, 89, 0
3, 19657, Note_on_c, 2, 83, 0
3, 19666, Note_on_c, 2, 60, 0
3, 19668, Note_on_c, 2, 67, 100
3, 19675, Note_on_c, 2, 88, 100
3, 19675, Note_on_c, 2, 84, 100
3, 19710, Note_on_c, 2, 89, 100
3, 19712, Note_on_c, 2, 88, 0
3, 19721, Note_on_c, 2, 67, 0
3, 19736, Note_on_c, 2, 89, 0
3, 19738, Note_on_c, 2, 65, 100
3, 19738, Note_on_c, 2, 86, 100
3, 19746, Note_on_c, 2, 84, 0
3, 19762, Note_on_c, 2, 65, 0
3, 19765, Note_on_c, 2, 86, 0
3, 19765, Note_on_c, 2, 67, 100
3, 19766, Note_on_c, 2, 88, 100
3, 19777, Note_on_c, 2, 88, 0
3, 19778, Note_on_c, 2, 67, 0
3, 19794, Note_on_c, 2, 69, 100
3, 19798, Note_on_c, 2, 89, 100
3, 19829, Note_on_c, 2, 87, 100
3, 19832, Note_on_c, 2, 89, 0
3, 19860, Note_on_c, 2, 87, 0
3, 19861, Note_on_c, 2, 86, 100
3, 19892, Note_on_c, 2, 86, 0
3, 19892, Note_on_c, 2, 84, 100
3, 19917, Note_on_c, 2, 84, 0
3, 19923, Note_on_c, 2, 86, 100
3, 19953, Note_on_c, 2, 74, 100
3, 19954, Note_on_c, 2, 86, 0
3, 19978, Note_on_c, 2, 69, 0
3, 19980, Note_on_c, 2, 67, 100
3, 19985, Note_on_c, 2, 79, 100
3, 19987, Note_on_c, 2, 74, 0
3, 19998, Note_on_c, 2, 67, 0
3, 20007, Note_on_c, 2, 66, 100
3, 20013, Note_on_c, 2, 82, 100
3, 20015, Note_on_c, 2, 79, 0
3, 20018, Note_on_c, 2, 66, 0
3, 20040, Note_on_c, 2, 67, 100
3, 20042, Note_on_c, 2, 82, 0
3, 20044, Note_on_c, 2, 86, 100
3, 20065, Note_on_c, 2, 86, 0
3, 20074, Note_on_c, 2, 79, 100
3, 20102, Note_on_c, 2, 79, 0
3, 20102, Note_on_c, 2, 82, 100
3, 20132, Note_on_c, 2, 82, 0
3, 20132, Note_on_c, 2, 86, 100
3, 20162, Note_on_c, 2, 87, 100
3, 20164, Note_on_c, 2, 86, 0
3, 20190, Note_on_c, 2, 87, 0
3, 20190, Note_on_c, 2, 84, 100
3, 20195, Note_on_c, 2, 67, 0
3, 20217, Note_on_c, 2, 66, 100
3, 20221, Note_on_c, 2, 81, 100
3, 20222, Note_on_c, 2, 84, 0
3, 20236, Note_on_c, 2, 66, 0
3, 20245, Note_on_c, 2, 67, 100
3, 20249, Note_on_c, 2, 84, 100
3, 20251, Note_on_c, 2, 81, 0
3, 20260, Note_on_c, 2, 67, 0
3, 20271, Note_on_c, 2, 84, 0
3, 20276, Note_on_c, 2, 69, 100
3, 20280, Note_on_c, 2, 78, 100
3, 20293, Note_on_c, 2, 78, 0
3, 20309, Note_on_c, 2, 87, 100
3, 20338, Note_on_c, 2, 87, 0
3, 20340, Note_on_c, 2, 86, 100
3, 20340, Note_on_c, 2, 90, 100
3, 20363, Note_on_c, 2, 69, 0
3, 20363, Note_on_c, 2, 90, 0
3, 20369, Note_on_c, 2, 86, 0
3, 20369, Note_on_c, 2, 84, 100
3, 20395, Note_on_c, 2, 62, 100
3, 20399, Note_on_c, 2, 84, 0
3, 20399, Note_on_c, 2, 91, 100
3, 20400, Note_on_c, 2, 82, 100
3, 20425, Note_on_c, 2, 82, 0
3, 20426, Note_on_c, 2, 91, 0
3, 20428, Note_on_c, 2, 93, 100
3, 20457, Note_on_c, 2, 74, 100
3, 20459, Note_on_c, 2, 93, 0
3, 20459, Note_on_c, 2, 94, 100
3, 20486, Note_on_c, 2, 94, 0
3, 20487, Note_on_c, 2, 93, 100
3, 20499, Note_on_c, 2, 74, 0
3, 20503, Note_on_c, 2, 62, 0
3, 20515, Note_on_c, 2, 76, 100
3, 20518, Note_on_c, 2, 93, 0
3, 20518, Note_on_c, 2, 91, 100
3, 20549, Note_on_c, 2, 91, 0
3, 20549, Note_on_c, 2, 89, 100
3, 20550, Note_on_c, 2, 76, 0
3, 20575, Note_on_c, 2, 89, 0
3, 20576, Note_on_c, 2, 88, 100
3, 20577, Note_on_c, 2, 70, 100
3, 20577, Note_on_c, 2, 79, 100
3, 20606, Note_on_c, 2, 86, 100
3, 20607, Note_on_c, 2, 88, 0
3, 20621, Note_on_c, 2, 79, 0
3, 20626, Note_on_c, 2, 86, 0
3, 20637, Note_on_c, 2, 69, 100
3, 20638, Note_on_c, 2, 81, 100
3, 20638, Note_on_c, 2, 85, 100
3, 20639, Note_on_c, 2, 70, 0
3, 20661, Note_on_c, 2, 81, 0
3, 20667, Note_on_c, 2, 79, 100
3, 20681, Note_on_c, 2, 79, 0
3, 20689, Note_on_c, 2, 85, 0
3, 20697, Note_on_c, 2, 86, 100
3, 20699, Note_on_c, 2, 77, 100
3, 20723, Note_on_c, 2, 77, 0
3, 20724, Note_on_c, 2, 76, 100
3, 20732, Note_on_c, 2, 86, 0
3, 20732, Note_on_c, 2, 76, 0
3, 20754, Note_on_c, 2, 88, 100
3, 20757, Note_on_c, 2, 73, 100
3, 20762, Note_on_c, 2, 69, 0
3, 20783, Note_on_c, 2, 70, 100
3, 20813, Note_on_c, 2, 69, 100
3, 20814, Note_on_c, 2, 70, 0
3, 20836, Note_on_c, 2, 69, 0
3, 20840, Note_on_c, 2, 67, 100
3, 20850, Note_on_c, 2, 67, 0
3, 20871, Note_on_c, 2, 65, 100
3, 20875, Note_on_c, 2, 88, 0
3, 20895, Note_on_c, 2, 73, 0
3, 20910, Note_on_c, 2, 81, 100
3, 20939, Note_on_c, 2, 86, 100
3, 20940, Note_on_c, 2, 69, 100
3, 20944, Note_on_c, 2, 81, 0
3, 20968, Note_on_c, 2, 86, 0
3, 20968, Note_on_c, 2, 89, 100
3, 20973, Note_on_c, 2, 69, 0
3, 20998, Note_on_c, 2, 89, 0
3, 20998, Note_on_c, 2, 74, 100
3, 20998, Note_on_c, 2, 93, 100
3, 21004, Note_on_c, 2, 65, 0
3, 21024, Note_on_c, 2, 93, 0
3, 21029, Note_on_c, 2, 86, 100
3, 21053, Note_on_c, 2, 65, 100
3, 21059, Note_on_c, 2, 86, 0
3, 21059, Note_on_c, 2, 89, 100
3, 21075, Note_on_c, 2, 65, 0
3, 21088, Note_on_c, 2, 93, 100
3, 21090, Note_on_c, 2, 89, 0
3, 21114, Note_on_c, 2, 64, 100
3, 21118, Note_on_c, 2, 94, 100
3, 21120, Note_on_c, 2, 93, 0
3, 21138, Note_on_c, 2, 74, 0
3, 21149, Note_on_c, 2, 91, 100
3, 21150, Note_on_c, 2, 94, 0
3, 21171, Note_on_c, 2, 73, 100
3, 21180, Note_on_c, 2, 88, 100
3, 21181, Note_on_c, 2, 91, 0
3, 21186, Note_on_c, 2, 73, 0
3, 21205, Note_on_c, 2, 74, 100
3, 21208, Note_on_c, 2, 91, 100
3, 21211, Note_on_c, 2, 88, 0
3, 21222, Note_on_c, 2, 74, 0
3, 21238, Note_on_c, 2, 76, 100
3, 21239, Note_on_c, 2, 85, 100
3, 21240, Note_on_c, 2, 91, 0
3, 21265, Note_on_c, 2, 76, 0
3, 21267, Note_on_c, 2, 64, 0
3, 21271, Note_on_c, 2, 94, 100
3, 21272, Note_on_c, 2, 85, 0
3, 21292, Note_on_c, 2, 94, 0
3, 21296, Note_on_c, 2, 69, 100
3, 21297, Note_on_c, 2, 73, 100
3, 21300, Note_on_c, 2, 93, 100
3, 21328, Note_on_c, 2, 91, 100
3, 21329, Note_on_c, 2, 73, 0
3, 21330, Note_on_c, 2, 93, 0
3, 21331, Note_on_c, 2, 69, 0
3, 21335, Note_on_c, 2, 91, 0
3, 21357, Note_on_c, 2, 62, 100
3, 21357, Note_on_c, 2, 74, 100
3, 21360, Note_on_c, 2, 89, 100
3, 21374, Note_on_c, 2, 74, 0
3, 21383, Note_on_c, 2, 62, 0
3, 21388, Note_on_c, 2, 86, 100
3, 21391, Note_on_c, 2, 89, 0
3, 21417, Note_on_c, 2, 74, 100
3, 21418, Note_on_c, 2, 83, 100
3, 21418, Note_on_c, 2, 77, 100
3, 21419, Note_on_c, 2, 86, 0
3, 21449, Note_on_c, 2, 86, 100
3, 21453, Note_on_c, 2, 83, 0
3, 21461, Note_on_c, 2, 77, 0
3, 21461, Note_on_c, 2, 86, 0
3, 21462, Note_on_c, 2, 74, 0
3, 21476, Note_on_c, 2, 71, 100
3, 21476, Note_on_c, 2, 74, 100
3, 21479, Note_on_c, 2, 80, 100
3, 21501, Note_on_c, 2, 74, 0
3, 21502, Note_on_c, 2, 71, 0
3, 21506, Note_on_c, 2, 80, 0
3, 21509, Note_on_c, 2, 89, 100
3, 21527, Note_on_c, 2, 89, 0
3, 21535, Note_on_c, 2, 71, 100
3, 21536, Note_on_c, 2, 68, 100
3, 21540, Note_on_c, 2, 88, 100
3, 21562, Note_on_c, 2, 68, 0
3, 21563, Note_on_c, 2, 71, 0
3, 21568, Note_on_c, 2, 86, 100
3, 21570, Note_on_c, 2, 88, 0
3, 21576, Note_on_c, 2, 86, 0
3, 21597, Note_on_c, 2, 69, 100
3, 21600, Note_on_c, 2, 85, 100
3, 21632, Note_on_c, 2, 81, 100
3, 21637, Note_on_c, 2, 69, 0
3, 21650, Note_on_c, 2, 81, 0
3, 21661, Note_on_c, 2, 57, 100
3, 21663, Note_on_c, 2, 76, 100
3, 21687, Note_on_c, 2, 76, 0
3, 21691, Note_on_c, 2, 79, 100
3, 21695, Note_on_c, 2, 85, 0
3, 21701, Note_on_c, 2, 57, 0
3, 21703, Note_on_c, 2, 79, 0
3, 21721, Note_on_c, 2, 78, 100
3, 21753, Note_on_c, 2, 87, 100
3, 21756, Note_on_c, 2, 78, 0
3, 21780, Note_on_c, 2, 62, 100
3, 21781, Note_on_c, 2, 87, 0
3, 21783, Note_on_c, 2, 86, 100
3, 21805, Note_on_c, 2, 62, 0
3, 21809, Note_on_c, 2, 86, 0
3, 21812, Note_on_c, 2, 84, 100
3, 21824, Note_on_c, 2, 84, 0
3, 21840, Note_on_c, 2, 67, 100
3, 21843, Note_on_c, 2, 83, 100
3, 21871, Note_on_c, 2, 67, 0
3, 21871, Note_on_c, 2, 79, 100
3, 21900, Note_on_c, 2, 55, 100
3, 21900, Note_on_c, 2, 74, 100
3, 21902, Note_on_c, 2, 79, 0
3, 21917, Note_on_c, 2, 74, 0
3, 21930, Note_on_c, 2, 77, 100
3, 21942, Note_on_c, 2, 55, 0
3, 21942, Note_on_c, 2, 77, 0
3, 21950, Note_on_c, 2, 83, 0
3, 21963, Note_on_c, 2, 76, 100
3, 21991, Note_on_c, 2, 86, 100
3, 22019, Note_on_c, 2, 60, 100
3, 22022, Note_on_c, 2, 86, 0
3, 22022, Note_on_c, 2, 84, 100
3, 22034, Note_on_c, 2, 60, 0
3, 22047, Note_on_c, 2, 84, 0
3, 22054, Note_on_c, 2, 82, 100
3, 22063, Note_on_c, 2, 82, 0
3, 22082, Note_on_c, 2, 81, 100
3, 22083, Note_on_c, 2, 65, 100
3, 22088, Note_on_c, 2, 76, 0
3, 22114, Note_on_c, 2, 81, 0
3, 22116, Note_on_c, 2, 69, 100
3, 22135, Note_on_c, 2, 69, 0
3, 22148, Note_on_c, 2, 74, 100
3, 22175, Note_on_c, 2, 74, 0
3, 22183, Note_on_c, 2, 77, 100
3, 22199, Note_on_c, 2, 77, 0
3, 22213, Note_on_c, 2, 81, 100
3, 22241, Note_on_c, 2, 81, 0
3, 22241, Note_on_c, 2, 74, 100
3, 22269, Note_on_c, 2, 74, 0
3, 22269, Note_on_c, 2, 77, 100
3, 22270, Note_on_c, 2, 65, 0
3, 22294, Note_on_c, 2, 81, 100
3, 22295, Note_on_c, 2, 77, 0
3, 22307, Note_on_c, 2, 81, 0
3, 22320, Note_on_c, 2, 66, 100
3, 22324, Note_on_c, 2, 84, 100
3, 22325, Note_on_c, 2, 87, 100
3, 22353, Note_on_c, 2, 81, 100
3, 22357, Note_on_c, 2, 84, 0
3, 22381, Note_on_c, 2, 78, 100
3, 22382, Note_on_c, 2, 81, 0
3, 22407, Note_on_c, 2, 78, 0
3, 22407, Note_on_c, 2, 81, 100
3, 22436, Note_on_c, 2, 66, 0
3, 22437, Note_on_c, 2, 81, 0
3, 22438, Note_on_c, 2, 87, 0
3, 22438, Note_on_c, 2, 75, 100
3, 22467, Note_on_c, 2, 75, 0
3, 22469, Note_on_c, 2, 84, 100
3, 22497, Note_on_c, 2, 83, 100
3, 22498, Note_on_c, 2, 84, 0
3, 22524, Note_on_c, 2, 81, 100
3, 22525, Note_on_c, 2, 83, 0
3, 22541, Note_on_c, 2, 81, 0
3, 22554, Note_on_c, 2, 80, 100
3, 22555, Note_on_c, 2, 88, 100
3, 22581, Note_on_c, 2, 64, 100
3, 22588, Note_on_c, 2, 88, 0
3, 22604, Note_on_c, 2, 80, 0
3, 22613, Note_on_c, 2, 68, 100
3, 22615, Note_on_c, 2, 64, 0
3, 22619, Note_on_c, 2, 86, 100
3, 22620, Note_on_c, 2, 83, 100
3, 22641, Note_on_c, 2, 68, 0
3, 22641, Note_on_c, 2, 71, 100
3, 22643, Note_on_c, 2, 86, 0
3, 22675, Note_on_c, 2, 71, 0
3, 22676, Note_on_c, 2, 84, 100
3, 22676, Note_on_c, 2, 76, 100
3, 22697, Note_on_c, 2, 76, 0
3, 22705, Note_on_c, 2, 69, 100
3, 22709, Note_on_c, 2, 83, 0
3, 22736, Note_on_c, 2, 81, 100
3, 22737, Note_on_c, 2, 72, 100
3, 22739, Note_on_c, 2, 69, 0
3, 22765, Note_on_c, 2, 76, 100
3, 22766, Note_on_c, 2, 72, 0
3, 22794, Note_on_c, 2, 84, 0
3, 22794, Note_on_c, 2, 76, 0
3, 22795, Note_on_c, 2, 77, 100
3, 22796, Note_on_c, 2, 83, 100
3, 22824, Note_on_c, 2, 74, 100
3, 22826, Note_on_c, 2, 77, 0
3, 22829, Note_on_c, 2, 84, 100
3, 22830, Note_on_c, 2, 83, 0
3, 22855, Note_on_c, 2, 71, 100
3, 22856, Note_on_c, 2, 74, 0
3, 22857, Note_on_c, 2, 86, 100
3, 22858, Note_on_c, 2, 84, 0
3, 22858, Note_on_c, 2, 80, 100
3, 22860, Note_on_c, 2, 81, 0
3, 22883, Note_on_c, 2, 71, 0
3, 22883, Note_on_c, 2, 74, 100
3, 22885, Note_on_c, 2, 81, 100
3, 22886, Note_on_c, 2, 80, 0
3, 22898, Note_on_c, 2, 81, 0
3, 22900, Note_on_c, 2, 74, 0
3, 22912, Note_on_c, 2, 68, 100
3, 22916, Note_on_c, 2, 83, 100
3, 22942, Note_on_c, 2, 68, 0
3, 22942, Note_on_c, 2, 77, 100
3, 22969, Note_on_c, 2, 76, 100
3, 22972, Note_on_c, 2, 77, 0
3, 22999, Note_on_c, 2, 74, 100
3, 23002, Note_on_c, 2, 76, 0
3, 23020, Note_on_c, 2, 74, 0
3, 23030, Note_on_c, 2, 72, 100
3, 23062, Note_on_c, 2, 69, 100
3, 23064, Note_on_c, 2, 72, 0
3, 23092, Note_on_c, 2, 69, 0
3, 23092, Note_on_c, 2, 72, 100
3, 23098, Note_on_c, 2, 84, 100
3, 23099, Note_on_c, 2, 81, 100
3, 23100, Note_on_c, 2, 83, 0
3, 23101, Note_on_c, 2, 86, 0
3, 23122, Note_on_c, 2, 72, 0
3, 23123, Note_on_c, 2, 76, 100
3, 23153, Note_on_c, 2, 66, 100
3, 23154, Note_on_c, 2, 76, 0
3, 23161, Note_on_c, 2, 84, 0
3, 23163, Note_on_c, 2, 81, 0
3, 23184, Note_on_c, 2, 75, 100
3, 23185, Note_on_c, 2, 66, 0
3, 23214, Note_on_c, 2, 75, 0
3, 23214, Note_on_c, 2, 74, 100
3, 23215, Note_on_c, 2, 81, 100
3, 23215, Note_on_c, 2, 84, 100
3, 23231, Note_on_c, 2, 84, 0
3, 23232, Note_on_c, 2, 81, 0
3, 23242, Note_on_c, 2, 72, 100
3, 23245, Note_on_c, 2, 74, 0
3, 23268, Note_on_c, 2, 72, 0
3, 23272, Note_on_c, 2, 70, 100
3, 23274, Note_on_c, 2, 81, 100
3, 23274, Note_on_c, 2, 84, 100
3, 23304, Note_on_c, 2, 67, 100
3, 23305, Note_on_c, 2, 70, 0
3, 23333, Note_on_c, 2, 84, 0
3, 23333, Note_on_c, 2, 70, 100
3, 23334, Note_on_c, 2, 82, 100
3, 23335, Note_on_c, 2, 81, 0
3, 23335, Note_on_c, 2, 67, 0
3, 23335, Note_on_c, 2, 79, 100
3, 23364, Note_on_c, 2, 70, 0
3, 23364, Note_on_c, 2, 74, 100
3, 23366, Note_on_c, 2, 82, 0
3, 23388, Note_on_c, 2, 79, 0
3, 23392, Note_on_c, 2, 74, 0
3, 23393, Note_on_c, 2, 64, 100
3, 23426, Note_on_c, 2, 74, 100
3, 23427, Note_on_c, 2, 64, 0
3, 23451, Note_on_c, 2, 82, 100
3, 23452, Note_on_c, 2, 91, 100
3, 23455, Note_on_c, 2, 74, 0
3, 23455, Note_on_c, 2, 72, 100
3, 23467, Note_on_c, 2, 91, 0
3, 23468, Note_on_c, 2, 82, 0
3, 23480, Note_on_c, 2, 70, 100
3, 23486, Note_on_c, 2, 72, 0
3, 23498, Note_on_c, 2, 70, 0
3, 23509, Note_on_c, 2, 69, 100
3, 23514, Note_on_c, 2, 91, 100
3, 23515, Note_on_c, 2, 82, 100
3, 23544, Note_on_c, 2, 69, 0
3, 23544, Note_on_c, 2, 65, 100
3, 23574, Note_on_c, 2, 69, 100
3, 23576, Note_on_c, 2, 65, 0
3, 23578, Note_on_c, 2, 91, 0
3, 23578, Note_on_c, 2, 89, 100
3, 23579, Note_on_c, 2, 82, 0
3, 23579, Note_on_c, 2, 81, 100
3, 23604, Note_on_c, 2, 69, 0
3, 23604, Note_on_c, 2, 72, 100
3, 23634, Note_on_c, 2, 72, 0
3, 23635, Note_on_c, 2, 81, 0
3, 23635, Note_on_c, 2, 62, 100
3, 23639, Note_on_c, 2, 89, 0
3, 23665, Note_on_c, 2, 62, 0
3, 23665, Note_on_c, 2, 72, 100
3, 23695, Note_on_c, 2, 70, 100
3, 23697, Note_on_c, 2, 72, 0
3, 23699, Note_on_c, 2, 86, 100
3, 23699, Note_on_c, 2, 89, 100
3, 23715, Note_on_c, 2, 86, 0
3, 23716, Note_on_c, 2, 89, 0
3, 23723, Note_on_c, 2, 69, 100
3, 23727, Note_on_c, 2, 70, 0
3, 23743, Note_on_c, 2, 69, 0
3, 23755, Note_on_c, 2, 67, 100
3, 23762, Note_on_c, 2, 89, 100
3, 23762, Note_on_c, 2, 86, 100
3, 23791, Note_on_c, 2, 64, 100
3, 23795, Note_on_c, 2, 67, 0
3, 23820, Note_on_c, 2, 64, 0
3, 23820, Note_on_c, 2, 67, 100
3, 23822, Note_on_c, 2, 89, 0
3, 23822, Note_on_c, 2, 85, 100
3, 23823, Note_on_c, 2, 88, 100
3, 23826, Note_on_c, 2, 86, 0
3, 23847, Note_on_c, 2, 67, 0
3, 23847, Note_on_c, 2, 70, 100
3, 23876, Note_on_c, 2, 70, 0
3, 23877, Note_on_c, 2, 61, 100
3, 23883, Note_on_c, 2, 85, 0
3, 23884, Note_on_c, 2, 88, 0
3, 23908, Note_on_c, 2, 70, 100
3, 23910, Note_on_c, 2, 61, 0
3, 23936, Note_on_c, 2, 69, 100
3, 23937, Note_on_c, 2, 70, 0
3, 23937, Note_on_c, 2, 79, 100
3, 23938, Note_on_c, 2, 76, 100
3, 23954, Note_on_c, 2, 76, 0
3, 23955, Note_on_c, 2, 79, 0
3, 23964, Note_on_c, 2, 67, 100
3, 23969, Note_on_c, 2, 69, 0
3, 23983, Note_on_c, 2, 67, 0
3, 23994, Note_on_c, 2, 65, 100
3, 24000, Note_on_c, 2, 79, 100
3, 24000, Note_on_c, 2, 76, 100
3, 24026, Note_on_c, 2, 62, 100
3, 24027, Note_on_c, 2, 65, 0
3, 24056, Note_on_c, 2, 65, 100
3, 24059, Note_on_c, 2, 62, 0
3, 24065, Note_on_c, 2, 79, 0
3, 24065, Note_on_c, 2, 77, 100
3, 24065, Note_on_c, 2, 74, 100
3, 24068, Note_on_c, 2, 76, 0
3, 24085, Note_on_c, 2, 65, 0
3, 24086, Note_on_c, 2, 69, 100
3, 24119, Note_on_c, 2, 59, 100
3, 24120, Note_on_c, 2, 69, 0
3, 24125, Note_on_c, 2, 77, 0
3, 24126, Note_on_c, 2, 74, 0
3, 24150, Note_on_c, 2, 59, 0
3, 24150, Note_on_c, 2, 69, 100
3, 24175, Note_on_c, 2, 86, 100
3, 24175, Note_on_c, 2, 83, 100
3, 24179, Note_on_c, 2, 68, 100
3, 24183, Note_on_c, 2, 69, 0
3, 24189, Note_on_c, 2, 86, 0
3, 24190, Note_on_c, 2, 83, 0
3, 24205, Note_on_c, 2, 66, 100
3, 24211, Note_on_c, 2, 68, 0
3, 24224, Note_on_c, 2, 66, 0
3, 24233, Note_on_c, 2, 64, 100
3, 24234, Note_on_c, 2, 86, 100
3, 24235, Note_on_c, 2, 83, 100
3, 24262, Note_on_c, 2, 60, 100
3, 24263, Note_on_c, 2, 64, 0
3, 24288, Note_on_c, 2, 64, 100
3, 24290, Note_on_c, 2, 60, 0
3, 24294, Note_on_c, 2, 86, 0
3, 24297, Note_on_c, 2, 84, 100
3, 24320, Note_on_c, 2, 83, 0
3, 24322, Note_on_c, 2, 68, 100
3, 24326, Note_on_c, 2, 64, 0
3, 24341, Note_on_c, 2, 68, 0
3, 24354, Note_on_c, 2, 81, 100
3, 24356, Note_on_c, 2, 72, 100
3, 24381, Note_on_c, 2, 69, 100
3, 24384, Note_on_c, 2, 72, 0
3, 24409, Note_on_c, 2, 69, 0
3, 24410, Note_on_c, 2, 72, 100
3, 24413, Note_on_c, 2, 79, 100
3, 24414, Note_on_c, 2, 81, 0
3, 24438, Note_on_c, 2, 75, 100
3, 24439, Note_on_c, 2, 72, 0
3, 24461, Note_on_c, 2, 75, 0
3, 24467, Note_on_c, 2, 66, 100
3, 24474, Note_on_c, 2, 79, 0
3, 24475, Note_on_c, 2, 81, 100
3, 24497, Note_on_c, 2, 62, 100
3, 24498, Note_on_c, 2, 66, 0
3, 24530, Note_on_c, 2, 66, 100
3, 24532, Note_on_c, 2, 84, 0
3, 24534, Note_on_c, 2, 62, 0
3, 24534, Note_on_c, 2, 86, 100
3, 24558, Note_on_c, 2, 66, 0
3, 24558, Note_on_c, 2, 69, 100
3, 24564, Note_on_c, 2, 84, 100
3, 24568, Note_on_c, 2, 86, 0
3, 24590, Note_on_c, 2, 74, 100
3, 24591, Note_on_c, 2, 69, 0
3, 24598, Note_on_c, 2, 82, 100
3, 24601, Note_on_c, 2, 84, 0
3, 24621, Note_on_c, 2, 70, 100
3, 24623, Note_on_c, 2, 74, 0
3, 24652, Note_on_c, 2, 67, 100
3, 24654, Note_on_c, 2, 70, 0
3, 24660, Note_on_c, 2, 79, 100
3, 24663, Note_on_c, 2, 81, 0
3, 24681, Note_on_c, 2, 67, 0
3, 24681, Note_on_c, 2, 70, 100
3, 24691, Note_on_c, 2, 77, 100
3, 24692, Note_on_c, 2, 79, 0
3, 24703, Note_on_c, 2, 70, 0
3, 24717, Note_on_c, 2, 64, 100
3, 24721, Note_on_c, 2, 77, 0
3, 24721, Note_on_c, 2, 79, 100
3, 24748, Note_on_c, 2, 60, 100
3, 24749, Note_on_c, 2, 64, 0
3, 24774, Note_on_c, 2, 64, 100
3, 24776, Note_on_c, 2, 60, 0
3, 24785, Note_on_c, 2, 82, 0
3, 24786, Note_on_c, 2, 84, 100
3, 24803, Note_on_c, 2, 64, 0
3, 24803, Note_on_c, 2, 67, 100
3, 24817, Note_on_c, 2, 84, 0
3, 24817, Note_on_c, 2, 82, 100
3, 24842, Note_on_c, 2, 67, 0
3, 24842, Note_on_c, 2, 72, 100
3, 24846, Note_on_c, 2, 82, 0
3, 24848, Note_on_c, 2, 81, 100
3, 24873, Note_on_c, 2, 69, 100
3, 24875, Note_on_c, 2, 77, 100
3, 24876, Note_on_c, 2, 72, 0
3, 24877, Note_on_c, 2, 79, 0
3, 24889, Note_on_c, 2, 81, 0
3, 24905, Note_on_c, 2, 65, 100
3, 24906, Note_on_c, 2, 86, 100
3, 24907, Note_on_c, 2, 69, 0
3, 24910, Note_on_c, 2, 77, 0
3, 24931, Note_on_c, 2, 65, 0
3, 24931, Note_on_c, 2, 69, 100
3, 24935, Note_on_c, 2, 77, 100
3, 24947, Note_on_c, 2, 77, 0
3, 24960, Note_on_c, 2, 69, 0
3, 24962, Note_on_c, 2, 67, 100
3, 24968, Note_on_c, 2, 76, 100
3, 24999, Note_on_c, 2, 76, 0
3, 24999, Note_on_c, 2, 77, 100
3, 25027, Note_on_c, 2, 65, 100
3, 25028, Note_on_c, 2, 67, 0
3, 25028, Note_on_c, 2, 74, 100
3, 25030, Note_on_c, 2, 77, 0
3, 25056, Note_on_c, 2, 67, 100
3, 25057, Note_on_c, 2, 76, 100
3, 25058, Note_on_c, 2, 65, 0
3, 25059, Note_on_c, 2, 74, 0
3, 25082, Note_on_c, 2, 67, 0
3, 25083, Note_on_c, 2, 69, 100
3, 25086, Note_on_c, 2, 84, 100
3, 25087, Note_on_c, 2, 86, 0
3, 25087, Note_on_c, 2, 77, 100
3, 25089, Note_on_c, 2, 76, 0
3, 25117, Note_on_c, 2, 76, 100
3, 25118, Note_on_c, 2, 77, 0
3, 25144, Note_on_c, 2, 74, 100
3, 25146, Note_on_c, 2, 74, 100
3, 25147, Note_on_c, 2, 76, 0
3, 25171, Note_on_c, 2, 74, 0
3, 25171, Note_on_c, 2, 72, 100
3, 25177, Note_on_c, 2, 72, 100
3, 25181, Note_on_c, 2, 74, 0
3, 25197, Note_on_c, 2, 72, 0
3, 25199, Note_on_c, 2, 72, 0
3, 25201, Note_on_c, 2, 71, 100
3, 25222, Note_on_c, 2, 69, 0
3, 25235, Note_on_c, 2, 89, 100
3, 25236, Note_on_c, 2, 84, 0
3, 25256, Note_on_c, 2, 67, 100
3, 25264, Note_on_c, 2, 89, 0
3, 25264, Note_on_c, 2, 88, 100
3, 25293, Note_on_c, 2, 89, 100
3, 25294, Note_on_c, 2, 88, 0
3, 25320, Note_on_c, 2, 65, 100
3, 25321, Note_on_c, 2, 67, 0
3, 25321, Note_on_c, 2, 91, 100
3, 25323, Note_on_c, 2, 89, 0
3, 25324, Note_on_c, 2, 71, 0
3, 25351, Note_on_c, 2, 89, 100
3, 25353, Note_on_c, 2, 91, 0
3, 25379, Note_on_c, 2, 71, 100
3, 25382, Note_on_c, 2, 88, 100
3, 25384, Note_on_c, 2, 89, 0
3, 25409, Note_on_c, 2, 71, 0
3, 25410, Note_on_c, 2, 88, 0
3, 25410, Note_on_c, 2, 86, 100
3, 25435, Note_on_c, 2, 65, 0
3, 25436, Note_on_c, 2, 86, 0
3, 25436, Note_on_c, 2, 72, 100
3, 25437, Note_on_c, 2, 67, 100
3, 25439, Note_on_c, 2, 88, 100
3, 25464, Note_on_c, 2, 79, 100
3, 25473, Note_on_c, 2, 88, 0
3, 25494, Note_on_c, 2, 86, 100
3, 25495, Note_on_c, 2, 77, 100
3, 25497, Note_on_c, 2, 79, 0
3, 25523, Note_on_c, 2, 77, 0
3, 25524, Note_on_c, 2, 79, 100
3, 25538, Note_on_c, 2, 86, 0
3, 25551, Note_on_c, 2, 84, 100
3, 25553, Note_on_c, 2, 81, 100
3, 25554, Note_on_c, 2, 72, 0
3, 25555, Note_on_c, 2, 67, 0
3, 25555, Note_on_c, 2, 79, 0
3, 25584, Note_on_c, 2, 79, 100
3, 25586, Note_on_c, 2, 81, 0
3, 25615, Note_on_c, 2, 77, 100
3, 25616, Note_on_c, 2, 79, 0
3, 25642, Note_on_c, 2, 77, 0
3, 25642, Note_on_c, 2, 76, 100
3, 25658, Note_on_c, 2, 76, 0
3, 25673, Note_on_c, 2, 74, 100
3, 25702, Note_on_c, 2, 65, 100
3, 25732, Note_on_c, 2, 64, 100
3, 25737, Note_on_c, 2, 65, 0
3, 25752, Note_on_c, 2, 64, 0
3, 25761, Note_on_c, 2, 65, 100
3, 25778, Note_on_c, 2, 65, 0
3, 25791, Note_on_c, 2, 83, 100
3, 25792, Note_on_c, 2, 67, 100
3, 25793, Note_on_c, 2, 84, 0
3, 25795, Note_on_c, 2, 74, 0
3, 25820, Note_on_c, 2, 65, 100
3, 25822, Note_on_c, 2, 81, 100
3, 25824, Note_on_c, 2, 67, 0
3, 25841, Note_on_c, 2, 81, 0
3, 25850, Note_on_c, 2, 64, 100
3, 25853, Note_on_c, 2, 79, 100
3, 25854, Note_on_c, 2, 65, 0
3, 25875, Note_on_c, 2, 79, 0
3, 25880, Note_on_c, 2, 77, 100
3, 25880, Note_on_c, 2, 62, 100
3, 25881, Note_on_c, 2, 64, 0
3, 25892, Note_on_c, 2, 77, 0
3, 25909, Note_on_c, 2, 83, 0
3, 25909, Note_on_c, 2, 62, 0
3, 25909, Note_on_c, 2, 69, 100
3, 25913, Note_on_c, 2, 76, 100
3, 25913, Note_on_c, 2, 84, 100
3, 25940, Note_on_c, 2, 60, 100
3, 25943, Note_on_c, 2, 69, 0
3, 25944, Note_on_c, 2, 76, 0
3, 25972, Note_on_c, 2, 64, 100
3, 25974, Note_on_c, 2, 60, 0
3, 25975, Note_on_c, 2, 79, 100
3, 25976, Note_on_c, 2, 82, 100
3, 25979, Note_on_c, 2, 84, 0
3, 25999, Note_on_c, 2, 67, 100
3, 26000, Note_on_c, 2, 64, 0
3, 26029, Note_on_c, 2, 67, 0
3, 26030, Note_on_c, 2, 72, 100
3, 26038, Note_on_c, 2, 82, 0
3, 26039, Note_on_c, 2, 77, 100
3, 26039, Note_on_c, 2, 81, 100
3, 26044, Note_on_c, 2, 79, 0
3, 26059, Note_on_c, 2, 72, 0
3, 26067, Note_on_c, 2, 65, 100
3, 26097, Note_on_c, 2, 69, 100
3, 26098, Note_on_c, 2, 65, 0
3, 26127, Note_on_c, 2, 69, 0
3, 26127, Note_on_c, 2, 72, 100
3, 26157, Note_on_c, 2, 81, 0
3, 26157, Note_on_c, 2, 79, 100
3, 26158, Note_on_c, 2, 74, 100
3, 26159, Note_on_c, 2, 72, 0
3, 26188, Note_on_c, 2, 71, 100
3, 26190, Note_on_c, 2, 74, 0
3, 26217, Note_on_c, 2, 67, 100
3, 26220, Note_on_c, 2, 71, 0
3, 26247, Note_on_c, 2, 71, 100
3, 26248, Note_on_c, 2, 67, 0
3, 26272, Note_on_c, 2, 71, 0
3, 26274, Note_on_c, 2, 62, 100
3, 26279, Note_on_c, 2, 77, 0
3, 26305, Note_on_c, 2, 69, 100
3, 26308, Note_on_c, 2, 62, 0
3, 26310, Note_on_c, 2, 77, 100
3, 26334, Note_on_c, 2, 69, 0
3, 26334, Note_on_c, 2, 67, 100
3, 26341, Note_on_c, 2, 76, 100
3, 26345, Note_on_c, 2, 77, 0
3, 26365, Note_on_c, 2, 67, 0
3, 26366, Note_on_c, 2, 65, 100
3, 26369, Note_on_c, 2, 74, 100
3, 26370, Note_on_c, 2, 76, 0
3, 26385, Note_on_c, 2, 65, 0
3, 26396, Note_on_c, 2, 64, 100
3, 26399, Note_on_c, 2, 74, 0
3, 26400, Note_on_c, 2, 76, 100
3, 26422, Note_on_c, 2, 79, 0
3, 26423, Note_on_c, 2, 76, 0
3, 26431, Note_on_c, 2, 67, 100
3, 26458, Note_on_c, 2, 67, 0
3, 26462, Note_on_c, 2, 72, 100
3, 26466, Note_on_c, 2, 64, 0
3, 26490, Note_on_c, 2, 76, 100
3, 26497, Note_on_c, 2, 72, 0
3, 26521, Note_on_c, 2, 76, 0
3, 26521, Note_on_c, 2, 79, 100
3, 26545, Note_on_c, 2, 79, 0
3, 26551, Note_on_c, 2, 72, 100
3, 26579, Note_on_c, 2, 67, 100
3, 26581, Note_on_c, 2, 76, 100
3, 26583, Note_on_c, 2, 72, 0
3, 26609, Note_on_c, 2, 79, 100
3, 26611, Note_on_c, 2, 76, 0
3, 26638, Note_on_c, 2, 81, 100
3, 26642, Note_on_c, 2, 79, 0
3, 26669, Note_on_c, 2, 81, 0
3, 26669, Note_on_c, 2, 77, 100
3, 26692, Note_on_c, 2, 67, 0
3, 26697, Note_on_c, 2, 65, 100
3, 26700, Note_on_c, 2, 74, 100
3, 26701, Note_on_c, 2, 77, 0
3, 26723, Note_on_c, 2, 65, 0
3, 26725, Note_on_c, 2, 64, 100
3, 26729, Note_on_c, 2, 77, 100
3, 26732, Note_on_c, 2, 74, 0
3, 26743, Note_on_c, 2, 64, 0
3, 26754, Note_on_c, 2, 77, 0
3, 26757, Note_on_c, 2, 62, 100
3, 26757, Note_on_c, 2, 71, 100
3, 26788, Note_on_c, 2, 71, 0
3, 26788, Note_on_c, 2, 81, 100
3, 26790, Note_on_c, 2, 62, 0
3, 26815, Note_on_c, 2, 79, 100
3, 26817, Note_on_c, 2, 81, 0
3, 26817, Note_on_c, 2, 71, 100
3, 26845, Note_on_c, 2, 77, 100
3, 26847, Note_on_c, 2, 71, 0
3, 26848, Note_on_c, 2, 79, 0
3, 26872, Note_on_c, 2, 77, 0
3, 26874, Note_on_c, 2, 72, 100
3, 26878, Note_on_c, 2, 76, 100
3, 26896, Note_on_c, 2, 72, 0
3, 26906, Note_on_c, 2, 60, 100
3, 26912, Note_on_c, 2, 76, 0
3, 26936, Note_on_c, 2, 64, 100
3, 26937, Note_on_c, 2, 60, 0
3, 26938, Note_on_c, 2, 84, 100
3, 26964, Note_on_c, 2, 67, 100
3, 26965, Note_on_c, 2, 64, 0
3, 26994, Note_on_c, 2, 67, 0
3, 26994, Note_on_c, 2, 72, 100
3, 27022, Note_on_c, 2, 72, 0
3, 27024, Note_on_c, 2, 84, 0
3, 27025, Note_on_c, 2, 64, 100
3, 27052, Note_on_c, 2, 67, 100
3, 27053, Note_on_c, 2, 64, 0
3, 27057, Note_on_c, 2, 83, 100
3, 27078, Note_on_c, 2, 67, 0
3, 27079, Note_on_c, 2, 72, 100
3, 27087, Note_on_c, 2, 81, 100
3, 27090, Note_on_c, 2, 83, 0
3, 27116, Note_on_c, 2, 79, 100
3, 27116, Note_on_c, 2, 76, 100
3, 27117, Note_on_c, 2, 72, 0
3, 27117, Note_on_c, 2, 81, 0
3, 27144, Note_on_c, 2, 72, 100
3, 27146, Note_on_c, 2, 79, 0
3, 27147, Note_on_c, 2, 81, 100
3, 27148, Note_on_c, 2, 76, 0
3, 27174, Note_on_c, 2, 77, 100
3, 27174, Note_on_c, 2, 69, 100
3, 27175, Note_on_c, 2, 81, 0
3, 27176, Note_on_c, 2, 72, 0
3, 27200, Note_on_c, 2, 72, 100
3, 27201, Note_on_c, 2, 69, 0
3, 27204, Note_on_c, 2, 79, 100
3, 27206, Note_on_c, 2, 77, 0
3, 27229, Note_on_c, 2, 65, 100
3, 27231, Note_on_c, 2, 72, 0
3, 27234, Note_on_c, 2, 81, 100
3, 27237, Note_on_c, 2, 79, 0
3, 27260, Note_on_c, 2, 76, 100
3, 27262, Note_on_c, 2, 65, 0
3, 27267, Note_on_c, 2, 79, 100
3, 27270, Note_on_c, 2, 81, 0
3, 27290, Note_on_c, 2, 74, 100
3, 27293, Note_on_c, 2, 76, 0
3, 27298, Note_on_c, 2, 77, 100
3, 27299, Note_on_c, 2, 79, 0
3, 27323, Note_on_c, 2, 72, 100
3, 27325, Note_on_c, 2, 74, 0
3, 27328, Note_on_c, 2, 76, 100
3, 27329, Note_on_c, 2, 77, 0
3, 27346, Note_on_c, 2, 76, 0
3, 27355, Note_on_c, 2, 71, 100
3, 27356, Note_on_c, 2, 72, 0
3, 27358, Note_on_c, 2, 74, 100
3, 27385, Note_on_c, 2, 72, 100
3, 27386, Note_on_c, 2, 71, 0
3, 27386, Note_on_c, 2, 74, 0
3, 27387, Note_on_c, 2, 76, 100
3, 27406, Note_on_c, 2, 76, 0
3, 27414, Note_on_c, 2, 69, 100
3, 27415, Note_on_c, 2, 72, 0
3, 27420, Note_on_c, 2, 77, 100
3, 27445, Note_on_c, 2, 71, 100
3, 27446, Note_on_c, 2, 69, 0
3, 27476, Note_on_c, 2, 72, 100
3, 27477, Note_on_c, 2, 71, 0
3, 27503, Note_on_c, 2, 69, 100
3, 27504, Note_on_c, 2, 72, 0
3, 27534, Note_on_c, 2, 67, 100
3, 27536, Note_on_c, 2, 77, 0
3, 27537, Note_on_c, 2, 76, 100
3, 27539, Note_on_c, 2, 69, 0
3, 27563, Note_on_c, 2, 65, 100
3, 27564, Note_on_c, 2, 67, 0
3, 27568, Note_on_c, 2, 74, 100
3, 27569, Note_on_c, 2, 76, 0
3, 27595, Note_on_c, 2, 65, 0
3, 27595, Note_on_c, 2, 64, 100
3, 27595, Note_on_c, 2, 72, 100
3, 27601, Note_on_c, 2, 74, 0
3, 27628, Note_on_c, 2, 72, 0
3, 27628, Note_on_c, 2, 79, 100
3, 27654, Note_on_c, 2, 67, 100
3, 27655, Note_on_c, 2, 79, 0
3, 27656, Note_on_c, 2, 84, 100
3, 27678, Note_on_c, 2, 67, 0
3, 27682, Note_on_c, 2, 84, 0
3, 27684, Note_on_c, 2, 88, 100
3, 27714, Note_on_c, 2, 88, 0
3, 27715, Note_on_c, 2, 72, 100
3, 27715, Note_on_c, 2, 91, 100
3, 27723, Note_on_c, 2, 64, 0
3, 27742, Note_on_c, 2, 91, 0
3, 27743, Note_on_c, 2, 84, 100
3, 27772, Note_on_c, 2, 64, 100
3, 27775, Note_on_c, 2, 88, 100
3, 27777, Note_on_c, 2, 84, 0
3, 27801, Note_on_c, 2, 64, 0
3, 27804, Note_on_c, 2, 91, 100
3, 27805, Note_on_c, 2, 88, 0
3, 27831, Note_on_c, 2, 65, 100
3, 27837, Note_on_c, 2, 93, 100
3, 27840, Note_on_c, 2, 91, 0
3, 27865, Note_on_c, 2, 72, 0
3, 27869, Note_on_c, 2, 93, 0
3, 27869, Note_on_c, 2, 89, 100
3, 27895, Note_on_c, 2, 69, 100
3, 27900, Note_on_c, 2, 86, 100
3, 27901, Note_on_c, 2, 89, 0
3, 27924, Note_on_c, 2, 69, 0
3, 27927, Note_on_c, 2, 86, 0
3, 27928, Note_on_c, 2, 89, 100
3, 27956, Note_on_c, 2, 89, 0
3, 27957, Note_on_c, 2, 83, 100
3, 27961, Note_on_c, 2, 74, 100
3, 27971, Note_on_c, 2, 65, 0
3, 27988, Note_on_c, 2, 93, 100
3, 27991, Note_on_c, 2, 83, 0
3, 28017, Note_on_c, 2, 65, 100
3, 28018, Note_on_c, 2, 91, 100
3, 28019, Note_on_c, 2, 93, 0
3, 28037, Note_on_c, 2, 65, 0
3, 28045, Note_on_c, 2, 89, 100
3, 28046, Note_on_c, 2, 91, 0
3, 28071, Note_on_c, 2, 74, 0
3, 28072, Note_on_c, 2, 89, 0
3, 28074, Note_on_c, 2, 67, 100
3, 28077, Note_on_c, 2, 88, 100
3, 28106, Note_on_c, 2, 72, 100
3, 28111, Note_on_c, 2, 88, 0
3, 28134, Note_on_c, 2, 72, 0
3, 28137, Note_on_c, 2, 84, 100
3, 28137, Note_on_c, 2, 76, 100
3, 28167, Note_on_c, 2, 76, 0
3, 28167, Note_on_c, 2, 79, 100
3, 28168, Note_on_c, 2, 88, 100
3, 28173, Note_on_c, 2, 84, 0
3, 28192, Note_on_c, 2, 79, 0
3, 28192, Note_on_c, 2, 88, 0
3, 28199, Note_on_c, 2, 93, 100
3, 28201, Note_on_c, 2, 84, 100
3, 28211, Note_on_c, 2, 67, 0
3, 28229, Note_on_c, 2, 81, 100
3, 28230, Note_on_c, 2, 84, 0
3, 28259, Note_on_c, 2, 84, 100
3, 28260, Note_on_c, 2, 81, 0
3, 28260, Note_on_c, 2, 76, 100
3, 28281, Note_on_c, 2, 76, 0
3, 28286, Note_on_c, 2, 84, 0
3, 28287, Note_on_c, 2, 88, 100
3, 28298, Note_on_c, 2, 88, 0
3, 28317, Note_on_c, 2, 74, 100
3, 28319, Note_on_c, 2, 89, 100
3, 28346, Note_on_c, 2, 89, 0
3, 28347, Note_on_c, 2, 86, 100
3, 28375, Note_on_c, 2, 86, 0
3, 28377, Note_on_c, 2, 91, 100
3, 28377, Note_on_c, 2, 83, 100
3, 28378, Note_on_c, 2, 93, 0
3, 28406, Note_on_c, 2, 89, 100
3, 28407, Note_on_c, 2, 91, 0
3, 28407, Note_on_c, 2, 86, 100
3, 28408, Note_on_c, 2, 74, 0
3, 28408, Note_on_c, 2, 83, 0
3, 28421, Note_on_c, 2, 86, 0
3, 28432, Note_on_c, 2, 89, 0
3, 28434, Note_on_c, 2, 95, 100
3, 28437, Note_on_c, 2, 77, 100
3, 28453, Note_on_c, 2, 77, 0
3, 28466, Note_on_c, 2, 93, 100
3, 28493, Note_on_c, 2, 77, 100
3, 28497, Note_on_c, 2, 93, 0
3, 28497, Note_on_c, 2, 91, 100
3, 28522, Note_on_c, 2, 91, 0
3, 28523, Note_on_c, 2, 89, 100
3, 28551, Note_on_c, 2, 77, 0
3, 28551, Note_on_c, 2, 79, 100
3, 28552, Note_on_c, 2, 89, 0
3, 28556, Note_on_c, 2, 96, 100
3, 28556, Note_on_c, 2, 88, 100
3, 28557, Note_on_c, 2, 95, 0
3, 28579, Note_on_c, 2, 79, 0
3, 28581, Note_on_c, 2, 67, 100
3, 28595, Note_on_c, 2, 96, 0
3, 28610, Note_on_c, 2, 72, 100
3, 28612, Note_on_c, 2, 67, 0
3, 28616, Note_on_c, 2, 91, 100
3, 28640, Note_on_c, 2, 72, 0
3, 28640, Note_on_c, 2, 76, 100
3, 28653, Note_on_c, 2, 88, 0
3, 28657, Note_on_c, 2, 91, 0
3, 28673, Note_on_c, 2, 79, 100
3, 28673, Note_on_c, 2, 94, 100
3, 28674, Note_on_c, 2, 76, 0
3, 28704, Note_on_c, 2, 72, 100
3, 28709, Note_on_c, 2, 79, 0
3, 28719, Note_on_c, 2, 94, 0
3, 28734, Note_on_c, 2, 87, 100
3, 28736, Note_on_c, 2, 93, 100
3, 28737, Note_on_c, 2, 78, 100
3, 28740, Note_on_c, 2, 72, 0
3, 28762, Note_on_c, 2, 81, 100
3, 28764, Note_on_c, 2, 78, 0
3, 28770, Note_on_c, 2, 87, 0
3, 28774, Note_on_c, 2, 81, 0
3, 28791, Note_on_c, 2, 82, 100
3, 28796, Note_on_c, 2, 86, 100
3, 28822, Note_on_c, 2, 79, 100
3, 28825, Note_on_c, 2, 82, 0
3, 28851, Note_on_c, 2, 79, 0
3, 28853, Note_on_c, 2, 76, 100
3, 28854, Note_on_c, 2, 93, 0
3, 28854, Note_on_c, 2, 86, 0
3, 28855, Note_on_c, 2, 91, 100
3, 28856, Note_on_c, 2, 88, 100
3, 28882, Note_on_c, 2, 79, 100
3, 28883, Note_on_c, 2, 76, 0
3, 28900, Note_on_c, 2, 79, 0
3, 28912, Note_on_c, 2, 72, 100
3, 28948, Note_on_c, 2, 84, 100
3, 28951, Note_on_c, 2, 88, 0
3, 28976, Note_on_c, 2, 81, 100
3, 28977, Note_on_c, 2, 89, 100
3, 28978, Note_on_c, 2, 91, 0
3, 28978, Note_on_c, 2, 84, 0
3, 29005, Note_on_c, 2, 84, 100
3, 29007, Note_on_c, 2, 81, 0
3, 29007, Note_on_c, 2, 87, 100
3, 29009, Note_on_c, 2, 89, 0
3, 29033, Note_on_c, 2, 87, 0
3, 29034, Note_on_c, 2, 84, 0
3, 29034, Note_on_c, 2, 86, 100
3, 29037, Note_on_c, 2, 77, 100
3, 29065, Note_on_c, 2, 86, 0
3, 29068, Note_on_c, 2, 81, 100
3, 29070, Note_on_c, 2, 72, 0
3, 29092, Note_on_c, 2, 74, 100
3, 29098, Note_on_c, 2, 82, 100
3, 29099, Note_on_c, 2, 81, 0
3, 29122, Note_on_c, 2, 72, 100
3, 29125, Note_on_c, 2, 74, 0
3, 29125, Note_on_c, 2, 86, 100
3, 29126, Note_on_c, 2, 82, 0
3, 29152, Note_on_c, 2, 72, 0
3, 29152, Note_on_c, 2, 70, 100
3, 29153, Note_on_c, 2, 77, 0
3, 29154, Note_on_c, 2, 91, 100
3, 29155, Note_on_c, 2, 86, 0
3, 29182, Note_on_c, 2, 74, 100
3, 29203, Note_on_c, 2, 74, 0
3, 29214, Note_on_c, 2, 79, 100
3, 29240, Note_on_c, 2, 82, 100
3, 29241, Note_on_c, 2, 79, 0
3, 29250, Note_on_c, 2, 82, 0
3, 29271, Note_on_c, 2, 84, 100
3, 29284, Note_on_c, 2, 70, 0
3, 29302, Note_on_c, 2, 79, 100
3, 29304, Note_on_c, 2, 60, 100
3, 29327, Note_on_c, 2, 91, 0
3, 29330, Note_on_c, 2, 60, 0
3, 29330, Note_on_c, 2, 64, 100
3, 29332, Note_on_c, 2, 79, 0
3, 29333, Note_on_c, 2, 81, 100
3, 29341, Note_on_c, 2, 84, 0
3, 29358, Note_on_c, 2, 69, 100
3, 29359, Note_on_c, 2, 64, 0
3, 29360, Note_on_c, 2, 84, 100
3, 29364, Note_on_c, 2, 81, 0
3, 29386, Note_on_c, 2, 69, 0
3, 29388, Note_on_c, 2, 72, 100
3, 29391, Note_on_c, 2, 89, 100
3, 29415, Note_on_c, 2, 60, 100
3, 29417, Note_on_c, 2, 72, 0
3, 29448, Note_on_c, 2, 65, 100
3, 29450, Note_on_c, 2, 60, 0
3, 29478, Note_on_c, 2, 69, 100
3, 29481, Note_on_c, 2, 65, 0
3, 29503, Note_on_c, 2, 69, 0
3, 29508, Note_on_c, 2, 70, 100
3, 29520, Note_on_c, 2, 82, 100
3, 29522, Note_on_c, 2, 84, 0
3, 29538, Note_on_c, 2, 70, 0
3, 29539, Note_on_c, 2, 67, 100
3, 29552, Note_on_c, 2, 89, 0
3, 29573, Note_on_c, 2, 67, 0
3, 29573, Note_on_c, 2, 70, 100
3, 29578, Note_on_c, 2, 87, 100
3, 29604, Note_on_c, 2, 74, 100
3, 29606, Note_on_c, 2, 70, 0
3, 29609, Note_on_c, 2, 86, 100
3, 29610, Note_on_c, 2, 87, 0
3, 29634, Note_on_c, 2, 86, 0
3, 29635, Note_on_c, 2, 74, 0
3, 29637, Note_on_c, 2, 79, 100
3, 29641, Note_on_c, 2, 87, 100
3, 29669, Note_on_c, 2, 79, 0
3, 29669, Note_on_c, 2, 75, 100
3, 29698, Note_on_c, 2, 75, 0
3, 29698, Note_on_c, 2, 70, 100
3, 29725, Note_on_c, 2, 70, 0
3, 29726, Note_on_c, 2, 75, 100
3, 29737, Note_on_c, 2, 82, 0
3, 29747, Note_on_c, 2, 75, 0
3, 29756, Note_on_c, 2, 69, 100
3, 29758, Note_on_c, 2, 84, 100
3, 29786, Note_on_c, 2, 77, 100
3, 29787, Note_on_c, 2, 69, 0
3, 29818, Note_on_c, 2, 86, 100
3, 29818, Note_on_c, 2, 75, 100
3, 29820, Note_on_c, 2, 87, 0
3, 29820, Note_on_c, 2, 77, 0
3, 29843, Note_on_c, 2, 84, 0
3, 29843, Note_on_c, 2, 75, 0
3, 29845, Note_on_c, 2, 74, 100
3, 29848, Note_on_c, 2, 86, 0
3, 29849, Note_on_c, 2, 84, 100
3, 29867, Note_on_c, 2, 74, 0
3, 29876, Note_on_c, 2, 74, 100
3, 29878, Note_on_c, 2, 86, 100
3, 29879, Note_on_c, 2, 84, 0
3, 29905, Note_on_c, 2, 74, 0
3, 29906, Note_on_c, 2, 72, 100
3, 29935, Note_on_c, 2, 72, 0
3, 29935, Note_on_c, 2, 74, 100
3, 29939, Note_on_c, 2, 82, 100
3, 29965, Note_on_c, 2, 74, 0
3, 29965, Note_on_c, 2, 76, 100
3, 29976, Note_on_c, 2, 76, 0
3, 29997, Note_on_c, 2, 77, 100
3, 30001, Note_on_c, 2, 84, 100
3, 30003, Note_on_c, 2, 86, 0
3, 30029, Note_on_c, 2, 82, 0
3, 30029, Note_on_c, 2, 79, 100
3, 30046, Note_on_c, 2, 79, 0
3, 30060, Note_on_c, 2, 81, 100
3, 30086, Note_on_c, 2, 75, 100
3, 30087, Note_on_c, 2, 77, 0
3, 30116, Note_on_c, 2, 75, 0
3, 30117, Note_on_c, 2, 74, 100
3, 30130, Note_on_c, 2, 81, 0
3, 30147, Note_on_c, 2, 77, 100
3, 30175, Note_on_c, 2, 84, 0
3, 30175, Note_on_c, 2, 74, 0
3, 30175, Note_on_c, 2, 73, 100
3, 30176, Note_on_c, 2, 82, 100
3, 30205, Note_on_c, 2, 77, 0
3, 30206, Note_on_c, 2, 76, 100
3, 30219, Note_on_c, 2, 76, 0
3, 30233, Note_on_c, 2, 72, 100
3, 30234, Note_on_c, 2, 73, 0
3, 30238, Note_on_c, 2, 77, 100
3, 30254, Note_on_c, 2, 72, 0
3, 30263, Note_on_c, 2, 60, 100
3, 30267, Note_on_c, 2, 82, 0
3, 30292, Note_on_c, 2, 65, 100
3, 30294, Note_on_c, 2, 60, 0
3, 30296, Note_on_c, 2, 81, 100
3, 30321, Note_on_c, 2, 69, 100
3, 30322, Note_on_c, 2, 65, 0
3, 30326, Note_on_c, 2, 79, 100
3, 30327, Note_on_c, 2, 81, 0
3, 30352, Note_on_c, 2, 69, 0
3, 30352, Note_on_c, 2, 79, 0
3, 30352, Note_on_c, 2, 72, 100
3, 30356, Note_on_c, 2, 81, 100
3, 30377, Note_on_c, 2, 72, 0
3, 30380, Note_on_c, 2, 81, 0
3, 30385, Note_on_c, 2, 65, 100
3, 30411, Note_on_c, 2, 84, 100
3, 30413, Note_on_c, 2, 69, 100
3, 30415, Note_on_c, 2, 65, 0
3, 30438, Note_on_c, 2, 72, 100
3, 30443, Note_on_c, 2, 69, 0
3, 30465, Note_on_c, 2, 72, 0
3, 30466, Note_on_c, 2, 74, 100
3, 30498, Note_on_c, 2, 70, 100
3, 30501, Note_on_c, 2, 74, 0
3, 30526, Note_on_c, 2, 70, 0
3, 30526, Note_on_c, 2, 67, 100
3, 30530, Note_on_c, 2, 77, 0
3, 30536, Note_on_c, 2, 82, 100
3, 30538, Note_on_c, 2, 84, 0
3, 30558, Note_on_c, 2, 70, 100
3, 30560, Note_on_c, 2, 67, 0
3, 30565, Note_on_c, 2, 82, 0
3, 30565, Note_on_c, 2, 81, 100
3, 30590, Note_on_c, 2, 64, 100
3, 30591, Note_on_c, 2, 70, 0
3, 30595, Note_on_c, 2, 79, 100
3, 30597, Note_on_c, 2, 81, 0
3, 30623, Note_on_c, 2, 64, 0
3, 30623, Note_on_c, 2, 74, 100
3, 30626, Note_on_c, 2, 81, 100
3, 30629, Note_on_c, 2, 79, 0
3, 30640, Note_on_c, 2, 81, 0
3, 30652, Note_on_c, 2, 72, 100
3, 30653, Note_on_c, 2, 74, 0
3, 30656, Note_on_c, 2, 79, 100
3, 30657, Note_on_c, 2, 82, 100
3, 30681, Note_on_c, 2, 70, 100
3, 30685, Note_on_c, 2, 72, 0
3, 30711, Note_on_c, 2, 69, 100
3, 30712, Note_on_c, 2, 70, 0
3, 30741, Note_on_c, 2, 67, 100
3, 30747, Note_on_c, 2, 69, 0
3, 30773, Note_on_c, 2, 69, 100
3, 30775, Note_on_c, 2, 67, 0
3, 30777, Note_on_c, 2, 79, 0
3, 30777, Note_on_c, 2, 82, 0
3, 30777, Note_on_c, 2, 81, 100
3, 30778, Note_on_c, 2, 77, 100
3, 30804, Note_on_c, 2, 71, 100
3, 30806, Note_on_c, 2, 69, 0
3, 30813, Note_on_c, 2, 81, 0
3, 30835, Note_on_c, 2, 71, 0
3, 30835, Note_on_c, 2, 72, 100
3, 30839, Note_on_c, 2, 79, 100
3, 30865, Note_on_c, 2, 67, 100
3, 30867, Note_on_c, 2, 72, 0
3, 30881, Note_on_c, 2, 67, 0
3, 30896, Note_on_c, 2, 77, 0
3, 30897, Note_on_c, 2, 72, 100
3, 30900, Note_on_c, 2, 76, 100
3, 30926, Note_on_c, 2, 81, 100
3, 30928, Note_on_c, 2, 79, 0
3, 30956, Note_on_c, 2, 81, 0
3, 30956, Note_on_c, 2, 74, 100
3, 30958, Note_on_c, 2, 77, 100
3, 30959, Note_on_c, 2, 76, 0
3, 30960, Note_on_c, 2, 72, 0
3, 30986, Note_on_c, 2, 72, 100
3, 31016, Note_on_c, 2, 71, 100
3, 31018, Note_on_c, 2, 72, 0
3, 31043, Note_on_c, 2, 71, 0
3, 31043, Note_on_c, 2, 69, 100
3, 31072, Note_on_c, 2, 69, 0
3, 31072, Note_on_c, 2, 72, 100
3, 31081, Note_on_c, 2, 71, 100
3, 31082, Note_on_c, 2, 72, 0
3, 31089, Note_on_c, 2, 72, 100
3, 31090, Note_on_c, 2, 71, 0
3, 31096, Note_on_c, 2, 71, 100
3, 31103, Note_on_c, 2, 72, 0
3, 31104, Note_on_c, 2, 71, 0
3, 31105, Note_on_c, 2, 72, 100
3, 31109, Note_on_c, 2, 71, 100
3, 31109, Note_on_c, 2, 81, 100
3, 31110, Note_on_c, 2, 77, 0
3, 31111, Note_on_c, 2, 72, 0
3, 31138, Note_on_c, 2, 81, 0
3, 31138, Note_on_c, 2, 79, 100
3, 31166, Note_on_c, 2, 77, 100
3, 31169, Note_on_c, 2, 79, 0
3, 31178, Note_on_c, 2, 77, 0
3, 31193, Note_on_c, 2, 71, 0
3, 31193, Note_on_c, 2, 72, 100
3, 31194, Note_on_c, 2, 74, 0
3, 31194, Note_on_c, 2, 76, 100
3, 31226, Note_on_c, 2, 79, 100
3, 31227, Note_on_c, 2, 76, 0
3, 31244, Note_on_c, 2, 79, 0
3, 31253, Note_on_c, 2, 76, 100
3, 31255, Note_on_c, 2, 84, 100
3, 31278, Note_on_c, 2, 84, 0
3, 31281, Note_on_c, 2, 76, 0
3, 31281, Note_on_c, 2, 74, 100
3, 31283, Note_on_c, 2, 88, 100
3, 31298, Note_on_c, 2, 88, 0
3, 31309, Note_on_c, 2, 74, 0
3, 31309, Note_on_c, 2, 76, 100
3, 31311, Note_on_c, 2, 72, 0
3, 31313, Note_on_c, 2, 91, 100
3, 31324, Note_on_c, 2, 76, 0
3, 31337, Note_on_c, 2, 91, 0
3, 31346, Note_on_c, 2, 84, 100
3, 31370, Note_on_c, 2, 84, 0
3, 31370, Note_on_c, 2, 72, 100
3, 31372, Note_on_c, 2, 79, 100
3, 31375, Note_on_c, 2, 88, 100
3, 31394, Note_on_c, 2, 88, 0
3, 31400, Note_on_c, 2, 79, 0
3, 31403, Note_on_c, 2, 91, 100
3, 31417, Note_on_c, 2, 91, 0
3, 31431, Note_on_c, 2, 77, 100
3, 31433, Note_on_c, 2, 93, 100
3, 31451, Note_on_c, 2, 72, 0
3, 31468, Note_on_c, 2, 93, 0
3, 31468, Note_on_c, 2, 89, 100
3, 31491, Note_on_c, 2, 71, 100
3, 31497, Note_on_c, 2, 86, 100
3, 31498, Note_on_c, 2, 89, 0
3, 31521, Note_on_c, 2, 72, 100
3, 31524, Note_on_c, 2, 77, 0
3, 31524, Note_on_c, 2, 71, 0
3, 31526, Note_on_c, 2, 86, 0
3, 31527, Note_on_c, 2, 89, 100
3, 31539, Note_on_c, 2, 89, 0
3, 31553, Note_on_c, 2, 72, 0
3, 31553, Note_on_c, 2, 74, 100
3, 31556, Note_on_c, 2, 83, 100
3, 31586, Note_on_c, 2, 93, 100
3, 31587, Note_on_c, 2, 83, 0
3, 31597, Note_on_c, 2, 74, 0
3, 31610, Note_on_c, 2, 71, 100
3, 31611, Note_on_c, 2, 67, 100
3, 31614, Note_on_c, 2, 93, 0
3, 31616, Note_on_c, 2, 91, 100
3, 31644, Note_on_c, 2, 91, 0
3, 31645, Note_on_c, 2, 89, 100
3, 31649, Note_on_c, 2, 67, 0
3, 31671, Note_on_c, 2, 71, 0
3, 31671, Note_on_c, 2, 72, 100
3, 31674, Note_on_c, 2, 89, 0
3, 31676, Note_on_c, 2, 88, 100
3, 31701, Note_on_c, 2, 76, 100
3, 31716, Note_on_c, 2, 72, 0
3, 31722, Note_on_c, 2, 88, 0
3, 31733, Note_on_c, 2, 81, 100
3, 31733, Note_on_c, 2, 69, 100
3, 31734, Note_on_c, 2, 90, 100
3, 31737, Note_on_c, 2, 76, 0
3, 31761, Note_on_c, 2, 81, 0
3, 31762, Note_on_c, 2, 84, 100
3, 31770, Note_on_c, 2, 69, 0
3, 31791, Note_on_c, 2, 70, 100
3, 31792, Note_on_c, 2, 91, 100
3, 31792, Note_on_c, 2, 86, 100
3, 31794, Note_on_c, 2, 84, 0
3, 31795, Note_on_c, 2, 90, 0
3, 31824, Note_on_c, 2, 79, 100
3, 31828, Note_on_c, 2, 86, 0
3, 31832, Note_on_c, 2, 70, 0
3, 31854, Note_on_c, 2, 82, 100
3, 31854, Note_on_c, 2, 67, 100
3, 31856, Note_on_c, 2, 79, 0
3, 31884, Note_on_c, 2, 86, 100
3, 31885, Note_on_c, 2, 82, 0
3, 31885, Note_on_c, 2, 67, 0
3, 31909, Note_on_c, 2, 86, 0
3, 31912, Note_on_c, 2, 72, 100
3, 31914, Note_on_c, 2, 87, 100
3, 31944, Note_on_c, 2, 84, 100
3, 31945, Note_on_c, 2, 87, 0
3, 31950, Note_on_c, 2, 72, 0
3, 31969, Note_on_c, 2, 84, 0
3, 31971, Note_on_c, 2, 75, 100
3, 31972, Note_on_c, 2, 81, 100
3, 31973, Note_on_c, 2, 90, 100
3, 31974, Note_on_c, 2, 91, 0
3, 31997, Note_on_c, 2, 75, 0
3, 32002, Note_on_c, 2, 81, 0
3, 32002, Note_on_c, 2, 84, 100
3, 32003, Note_on_c, 2, 91, 100
3, 32004, Note_on_c, 2, 90, 0
3, 32022, Note_on_c, 2, 84, 0
3, 32030, Note_on_c, 2, 78, 100
3, 32030, Note_on_c, 2, 74, 100
3, 32031, Note_on_c, 2, 93, 100
3, 32033, Note_on_c, 2, 91, 0
3, 32056, Note_on_c, 2, 78, 0
3, 32057, Note_on_c, 2, 74, 0
3, 32061, Note_on_c, 2, 87, 100
3, 32089, Note_on_c, 2, 78, 100
3, 32091, Note_on_c, 2, 87, 0
3, 32092, Note_on_c, 2, 86, 100
3, 32116, Note_on_c, 2, 78, 0
3, 32119, Note_on_c, 2, 86, 0
3, 32120, Note_on_c, 2, 84, 100
3, 32131, Note_on_c, 2, 84, 0
3, 32148, Note_on_c, 2, 79, 100
3, 32153, Note_on_c, 2, 82, 100
3, 32177, Note_on_c, 2, 79, 0
3, 32179, Note_on_c, 2, 67, 100
3, 32203, Note_on_c, 2, 67, 0
3, 32209, Note_on_c, 2, 70, 100
3, 32216, Note_on_c, 2, 93, 0
3, 32219, Note_on_c, 2, 91, 100
3, 32240, Note_on_c, 2, 74, 100
3, 32241, Note_on_c, 2, 70, 0
3, 32243, Note_on_c, 2, 82, 0
3, 32274, Note_on_c, 2, 74, 0
3, 32274, Note_on_c, 2, 77, 100
3, 32276, Note_on_c, 2, 81, 100
3, 32303, Note_on_c, 2, 77, 0
3, 32304, Note_on_c, 2, 74, 100
3, 32305, Note_on_c, 2, 81, 0
3, 32334, Note_on_c, 2, 74, 0
3, 32334, Note_on_c, 2, 77, 100
3, 32338, Note_on_c, 2, 86, 100
3, 32338, Note_on_c, 2, 89, 100
3, 32341, Note_on_c, 2, 91, 0
3, 32362, Note_on_c, 2, 81, 100
3, 32363, Note_on_c, 2, 77, 0
3, 32373, Note_on_c, 2, 89, 0
3, 32389, Note_on_c, 2, 81, 0
3, 32394, Note_on_c, 2, 82, 100
3, 32401, Note_on_c, 2, 88, 100
3, 32427, Note_on_c, 2, 82, 0
3, 32427, Note_on_c, 2, 79, 100
3, 32433, Note_on_c, 2, 89, 100
3, 32437, Note_on_c, 2, 88, 0
3, 32458, Note_on_c, 2, 76, 100
3, 32460, Note_on_c, 2, 79, 0
3, 32462, Note_on_c, 2, 85, 100
3, 32463, Note_on_c, 2, 89, 0
3, 32464, Note_on_c, 2, 86, 0
3, 32464, Note_on_c, 2, 91, 100
3, 32489, Note_on_c, 2, 79, 100
3, 32491, Note_on_c, 2, 85, 0
3, 32491, Note_on_c, 2, 86, 100
3, 32493, Note_on_c, 2, 76, 0
3, 32503, Note_on_c, 2, 86, 0
3, 32504, Note_on_c, 2, 79, 0
3, 32519, Note_on_c, 2, 73, 100
3, 32523, Note_on_c, 2, 88, 100
3, 32548, Note_on_c, 2, 82, 100
3, 32550, Note_on_c, 2, 73, 0
3, 32578, Note_on_c, 2, 82, 0
3, 32580, Note_on_c, 2, 81, 100
3, 32609, Note_on_c, 2, 79, 100
3, 32610, Note_on_c, 2, 81, 0
3, 32631, Note_on_c, 2, 79, 0
3, 32636, Note_on_c, 2, 77, 100
3, 32666, Note_on_c, 2, 74, 100
3, 32670, Note_on_c, 2, 77, 0
3, 32695, Note_on_c, 2, 74, 0
3, 32695, Note_on_c, 2, 77, 100
3, 32701, Note_on_c, 2, 86, 100
3, 32701, Note_on_c, 2, 89, 100
3, 32705, Note_on_c, 2, 91, 0
3, 32705, Note_on_c, 2, 88, 0
3, 32724, Note_on_c, 2, 81, 100
3, 32725, Note_on_c, 2, 77, 0
3, 32748, Note_on_c, 2, 81, 0
3, 32757, Note_on_c, 2, 71, 100
3, 32760, Note_on_c, 2, 86, 0
3, 32766, Note_on_c, 2, 89, 0
3, 32786, Note_on_c, 2, 71, 0
3, 32789, Note_on_c, 2, 81, 100
3, 32815, Note_on_c, 2, 86, 100
3, 32816, Note_on_c, 2, 89, 100
3, 32819, Note_on_c, 2, 79, 100
3, 32820, Note_on_c, 2, 81, 0
3, 32832, Note_on_c, 2, 86, 0
3, 32832, Note_on_c, 2, 89, 0
3, 32845, Note_on_c, 2, 77, 100
3, 32846, Note_on_c, 2, 79, 0
3, 32863, Note_on_c, 2, 77, 0
3, 32873, Note_on_c, 2, 76, 100
3, 32877, Note_on_c, 2, 89, 100
3, 32878, Note_on_c, 2, 86, 100
3, 32906, Note_on_c, 2, 76, 0
3, 32906, Note_on_c, 2, 72, 100
3, 32933, Note_on_c, 2, 72, 0
3, 32935, Note_on_c, 2, 76, 100
3, 32936, Note_on_c, 2, 88, 100
3, 32937, Note_on_c, 2, 84, 100
3, 32938, Note_on_c, 2, 86, 0
3, 32939, Note_on_c, 2, 89, 0
3, 32963, Note_on_c, 2, 79, 100
3, 32967, Note_on_c, 2, 76, 0
3, 32978, Note_on_c, 2, 79, 0
3, 32993, Note_on_c, 2, 69, 100
3, 32998, Note_on_c, 2, 84, 0
3, 33000, Note_on_c, 2, 88, 0
3, 33023, Note_on_c, 2, 79, 100
3, 33026, Note_on_c, 2, 69, 0
3, 33055, Note_on_c, 2, 79, 0
3, 33055, Note_on_c, 2, 84, 100
3, 33055, Note_on_c, 2, 77, 100
3, 33056, Note_on_c, 2, 88, 100
3, 33068, Note_on_c, 2, 84, 0
3, 33070, Note_on_c, 2, 88, 0
3, 33083, Note_on_c, 2, 77, 0
3, 33083, Note_on_c, 2, 76, 100
3, 33113, Note_on_c, 2, 74, 100
3, 33116, Note_on_c, 2, 76, 0
3, 33119, Note_on_c, 2, 88, 100
3, 33120, Note_on_c, 2, 84, 100
3, 33145, Note_on_c, 2, 74, 0
3, 33145, Note_on_c, 2, 71, 100
3, 33176, Note_on_c, 2, 74, 100
3, 33178, Note_on_c, 2, 71, 0
3, 33181, Note_on_c, 2, 88, 0
3, 33181, Note_on_c, 2, 83, 100
3, 33181, Note_on_c, 2, 86, 100
3, 33185, Note_on_c, 2, 84, 0
3, 33207, Note_on_c, 2, 77, 100
3, 33210, Note_on_c, 2, 74, 0
3, 33224, Note_on_c, 2, 77, 0
3, 33239, Note_on_c, 2, 68, 100
3, 33245, Note_on_c, 2, 83, 0
3, 33245, Note_on_c, 2, 86, 0
3, 33263, Note_on_c, 2, 68, 0
3, 33268, Note_on_c, 2, 77, 100
3, 33296, Note_on_c, 2, 86, 100
3, 33296, Note_on_c, 2, 83, 100
3, 33296, Note_on_c, 2, 76, 100
3, 33298, Note_on_c, 2, 77, 0
3, 33310, Note_on_c, 2, 83, 0
3, 33312, Note_on_c, 2, 86, 0
3, 33323, Note_on_c, 2, 74, 100
3, 33325, Note_on_c, 2, 76, 0
3, 33341, Note_on_c, 2, 74, 0
3, 33356, Note_on_c, 2, 72, 100
3, 33357, Note_on_c, 2, 83, 100
3, 33358, Note_on_c, 2, 86, 100
3, 33385, Note_on_c, 2, 69, 100
3, 33388, Note_on_c, 2, 72, 0
3, 33400, Note_on_c, 2, 69, 0
3, 33416, Note_on_c, 2, 72, 100
3, 33417, Note_on_c, 2, 84, 100
3, 33418, Note_on_c, 2, 86, 0
3, 33418, Note_on_c, 2, 81, 100
3, 33419, Note_on_c, 2, 83, 0
3, 33444, Note_on_c, 2, 72, 0
3, 33445, Note_on_c, 2, 76, 100
3, 33450, Note_on_c, 2, 84, 0
3, 33460, Note_on_c, 2, 76, 0
3, 33478, Note_on_c, 2, 65, 100
3, 33488, Note_on_c, 2, 81, 0
3, 33497, Note_on_c, 2, 65, 0
3, 33506, Note_on_c, 2, 86, 100
3, 33535, Note_on_c, 2, 86, 0
3, 33538, Note_on_c, 2, 89, 100
3, 33538, Note_on_c, 2, 81, 100
3, 33539, Note_on_c, 2, 77, 100
3, 33564, Note_on_c, 2, 93, 100
3, 33565, Note_on_c, 2, 89, 0
3, 33574, Note_on_c, 2, 81, 0
3, 33581, Note_on_c, 2, 93, 0
3, 33595, Note_on_c, 2, 79, 100
3, 33595, Note_on_c, 2, 83, 100
3, 33627, Note_on_c, 2, 86, 100
3, 33632, Note_on_c, 2, 83, 0
3, 33644, Note_on_c, 2, 77, 0
3, 33647, Note_on_c, 2, 86, 0
3, 33656, Note_on_c, 2, 76, 100
3, 33660, Note_on_c, 2, 91, 100
3, 33676, Note_on_c, 2, 76, 0
3, 33684, Note_on_c, 2, 74, 100
3, 33697, Note_on_c, 2, 74, 0
3, 33716, Note_on_c, 2, 76, 100
3, 33722, Note_on_c, 2, 91, 0
3, 33723, Note_on_c, 2, 79, 0
3, 33748, Note_on_c, 2, 88, 100
3, 33780, Note_on_c, 2, 84, 100
3, 33780, Note_on_c, 2, 79, 100
3, 33782, Note_on_c, 2, 88, 0
3, 33803, Note_on_c, 2, 79, 0
3, 33807, Note_on_c, 2, 88, 100
3, 33809, Note_on_c, 2, 84, 0
3, 33816, Note_on_c, 2, 88, 0
3, 33837, Note_on_c, 2, 77, 100
3, 33839, Note_on_c, 2, 81, 100
3, 33869, Note_on_c, 2, 84, 100
3, 33874, Note_on_c, 2, 81, 0
3, 33881, Note_on_c, 2, 84, 0
3, 33897, Note_on_c, 2, 74, 100
3, 33899, Note_on_c, 2, 89, 100
3, 33900, Note_on_c, 2, 76, 0
3, 33927, Note_on_c, 2, 72, 100
3, 33928, Note_on_c, 2, 74, 0
3, 33929, Note_on_c, 2, 88, 100
3, 33930, Note_on_c, 2, 89, 0
3, 33958, Note_on_c, 2, 72, 0
3, 33958, Note_on_c, 2, 89, 100
3, 33959, Note_on_c, 2, 88, 0
3, 33959, Note_on_c, 2, 74, 100
3, 33989, Note_on_c, 2, 89, 0
3, 33989, Note_on_c, 2, 84, 100
3, 34013, Note_on_c, 2, 67, 100
3, 34014, Note_on_c, 2, 74, 0
3, 34018, Note_on_c, 2, 83, 100
3, 34020, Note_on_c, 2, 84, 0
3, 34038, Note_on_c, 2, 83, 0
3, 34046, Note_on_c, 2, 89, 100
3, 34052, Note_on_c, 2, 67, 0
3, 34058, Note_on_c, 2, 77, 0
3, 34072, Note_on_c, 2, 72, 100
3, 34078, Note_on_c, 2, 88, 100
3, 34081, Note_on_c, 2, 89, 0
3, 34092, Note_on_c, 2, 88, 0
3, 34104, Note_on_c, 2, 72, 0
3, 34111, Note_on_c, 2, 91, 100
3, 34136, Note_on_c, 2, 60, 100
3, 34141, Note_on_c, 2, 91, 0
3, 34141, Note_on_c, 2, 88, 100
3, 34165, Note_on_c, 2, 60, 0
3, 34168, Note_on_c, 2, 88, 0
3, 34168, Note_on_c, 2, 84, 100
3, 34195, Note_on_c, 2, 72, 100
3, 34197, Note_on_c, 2, 84, 0
3, 34197, Note_on_c, 2, 81, 100
3, 34228, Note_on_c, 2, 88, 100
3, 34232, Note_on_c, 2, 81, 0
3, 34247, Note_on_c, 2, 88, 0
3, 34258, Note_on_c, 2, 84, 100
3, 34284, Note_on_c, 2, 84, 0
3, 34285, Note_on_c, 2, 81, 100
3, 34300, Note_on_c, 2, 81, 0
3, 34317, Note_on_c, 2, 77, 100
3, 34349, Note_on_c, 2, 81, 100
3, 34356, Note_on_c, 2, 77, 0
3, 34364, Note_on_c, 2, 81, 0
3, 34370, Note_on_c, 2, 72, 0
3, 34376, Note_on_c, 2, 70, 100
3, 34380, Note_on_c, 2, 86, 100
3, 34390, Note_on_c, 2, 70, 0
3, 34404, Note_on_c, 2, 69, 100
3, 34409, Note_on_c, 2, 84, 100
3, 34410, Note_on_c, 2, 86, 0
3, 34419, Note_on_c, 2, 69, 0
3, 34438, Note_on_c, 2, 70, 100
3, 34440, Note_on_c, 2, 86, 100
3, 34442, Note_on_c, 2, 84, 0
3, 34468, Note_on_c, 2, 82, 100
3, 34471, Note_on_c, 2, 86, 0
3, 34499, Note_on_c, 2, 79, 100
3, 34500, Note_on_c, 2, 82, 0
3, 34528, Note_on_c, 2, 82, 100
3, 34530, Note_on_c, 2, 79, 0
3, 34556, Note_on_c, 2, 82, 0
3, 34558, Note_on_c, 2, 76, 100
3, 34583, Note_on_c, 2, 70, 0
3, 34584, Note_on_c, 2, 72, 100
3, 34599, Note_on_c, 2, 76, 0
3, 34611, Note_on_c, 2, 72, 0
3, 34616, Note_on_c, 2, 69, 100
3, 34621, Note_on_c, 2, 76, 100
3, 34646, Note_on_c, 2, 67, 100
3, 34649, Note_on_c, 2, 69, 0
3, 34649, Note_on_c, 2, 76, 0
3, 34650, Note_on_c, 2, 79, 100
3, 34677, Note_on_c, 2, 69, 100
3, 34678, Note_on_c, 2, 79, 0
3, 34679, Note_on_c, 2, 67, 0
3, 34679, Note_on_c, 2, 84, 100
3, 34700, Note_on_c, 2, 84, 0
3, 34707, Note_on_c, 2, 77, 100
3, 34735, Note_on_c, 2, 81, 100
3, 34736, Note_on_c, 2, 77, 0
3, 34737, Note_on_c, 2, 69, 0
3, 34737, Note_on_c, 2, 89, 100
3, 34737, Note_on_c, 2, 65, 100
3, 34764, Note_on_c, 2, 84, 100
3, 34765, Note_on_c, 2, 81, 0
3, 34786, Note_on_c, 2, 84, 0
3, 34792, Note_on_c, 2, 70, 100
3, 34794, Note_on_c, 2, 65, 0
3, 34796, Note_on_c, 2, 86, 100
3, 34798, Note_on_c, 2, 89, 0
3, 34824, Note_on_c, 2, 82, 100
3, 34826, Note_on_c, 2, 86, 0
3, 34844, Note_on_c, 2, 82, 0
3, 34852, Note_on_c, 2, 79, 100
3, 34853, Note_on_c, 2, 94, 100
3, 34871, Note_on_c, 2, 79, 0
3, 34882, Note_on_c, 2, 82, 100
3, 34903, Note_on_c, 2, 82, 0
3, 34911, Note_on_c, 2, 70, 0
3, 34913, Note_on_c, 2, 72, 100
3, 34913, Note_on_c, 2, 76, 100
3, 34943, Note_on_c, 2, 86, 100
3, 34967, Note_on_c, 2, 94, 0
3, 34972, Note_on_c, 2, 86, 0
3, 34973, Note_on_c, 2, 93, 100
3, 34973, Note_on_c, 2, 84, 100
3, 35000, Note_on_c, 2, 84, 0
3, 35001, Note_on_c, 2, 82, 100
3, 35001, Note_on_c, 2, 91, 100
3, 35003, Note_on_c, 2, 93, 0
3, 35027, Note_on_c, 2, 82, 0
3, 35031, Note_on_c, 2, 76, 0
3, 35032, Note_on_c, 2, 91, 0
3, 35034, Note_on_c, 2, 89, 100
3, 35034, Note_on_c, 2, 81, 100
3, 35066, Note_on_c, 2, 91, 100
3, 35069, Note_on_c, 2, 89, 0
3, 35090, Note_on_c, 2, 70, 100
3, 35091, Note_on_c, 2, 79, 100
3, 35093, Note_on_c, 2, 72, 0
3, 35095, Note_on_c, 2, 91, 0
3, 35096, Note_on_c, 2, 88, 100
3, 35106, Note_on_c, 2, 79, 0
3, 35119, Note_on_c, 2, 69, 100
3, 35120, Note_on_c, 2, 70, 0
3, 35121, Note_on_c, 2, 77, 100
3, 35124, Note_on_c, 2, 88, 0
3, 35125, Note_on_c, 2, 89, 100
3, 35132, Note_on_c, 2, 77, 0
3, 35154, Note_on_c, 2, 81, 0
3, 35154, Note_on_c, 2, 69, 0
3, 35154, Note_on_c, 2, 70, 100
3, 35155, Note_on_c, 2, 76, 100
3, 35155, Note_on_c, 2, 91, 100
3, 35156, Note_on_c, 2, 89, 0
3, 35187, Note_on_c, 2, 91, 0
3, 35187, Note_on_c, 2, 89, 100
3, 35193, Note_on_c, 2, 76, 0
3, 35216, Note_on_c, 2, 88, 100
3, 35218, Note_on_c, 2, 89, 0
3, 35218, Note_on_c, 2, 72, 100
3, 35244, Note_on_c, 2, 86, 100
3, 35245, Note_on_c, 2, 88, 0
3, 35252, Note_on_c, 2, 72, 0
3, 35260, Note_on_c, 2, 86, 0
3, 35273, Note_on_c, 2, 77, 100
3, 35275, Note_on_c, 2, 84, 100
3, 35306, Note_on_c, 2, 86, 100
3, 35307, Note_on_c, 2, 84, 0
3, 35316, Note_on_c, 2, 86, 0
3, 35333, Note_on_c, 2, 69, 100
3, 35334, Note_on_c, 2, 70, 0
3, 35339, Note_on_c, 2, 87, 100
3, 35366, Note_on_c, 2, 67, 100
3, 35368, Note_on_c, 2, 69, 0
3, 35396, Note_on_c, 2, 69, 100
3, 35400, Note_on_c, 2, 67, 0
3, 35401, Note_on_c, 2, 77, 0
3, 35429, Note_on_c, 2, 79, 100
3, 35453, Note_on_c, 2, 79, 0
3, 35459, Note_on_c, 2, 77, 100
3, 35459, Note_on_c, 2, 86, 100
3, 35460, Note_on_c, 2, 87, 0
3, 35486, Note_on_c, 2, 77, 0
3, 35488, Note_on_c, 2, 86, 0
3, 35488, Note_on_c, 2, 84, 100
3, 35488, Note_on_c, 2, 75, 100
3, 35504, Note_on_c, 2, 75, 0
3, 35514, Note_on_c, 2, 84, 0
3, 35518, Note_on_c, 2, 74, 100
3, 35519, Note_on_c, 2, 82, 100
3, 35547, Note_on_c, 2, 82, 0
3, 35548, Note_on_c, 2, 84, 100
3, 35551, Note_on_c, 2, 74, 0
3, 35552, Note_on_c, 2, 69, 0
3, 35576, Note_on_c, 2, 67, 100
3, 35577, Note_on_c, 2, 84, 0
3, 35579, Note_on_c, 2, 75, 100
3, 35580, Note_on_c, 2, 81, 100
3, 35610, Note_on_c, 2, 81, 0
3, 35610, Note_on_c, 2, 82, 100
3, 35637, Note_on_c, 2, 82, 0
3, 35639, Note_on_c, 2, 84, 100
3, 35668, Note_on_c, 2, 75, 0
3, 35669, Note_on_c, 2, 84, 0
3, 35669, Note_on_c, 2, 82, 100
3, 35689, Note_on_c, 2, 67, 0
3, 35696, Note_on_c, 2, 82, 0
3, 35696, Note_on_c, 2, 65, 100
3, 35698, Note_on_c, 2, 77, 100
3, 35698, Note_on_c, 2, 81, 100
3, 35711, Note_on_c, 2, 77, 0
3, 35725, Note_on_c, 2, 75, 100
3, 35727, Note_on_c, 2, 79, 100
3, 35729, Note_on_c, 2, 81, 0
3, 35746, Note_on_c, 2, 75, 0
3, 35751, Note_on_c, 2, 79, 0
3, 35759, Note_on_c, 2, 77, 100
3, 35759, Note_on_c, 2, 74, 100
3, 35766, Note_on_c, 2, 65, 0
3, 35785, Note_on_c, 2, 77, 0
3, 35787, Note_on_c, 2, 67, 100
3, 35791, Note_on_c, 2, 74, 0
3, 35816, Note_on_c, 2, 67, 0
3, 35817, Note_on_c, 2, 64, 100
3, 35819, Note_on_c, 2, 82, 100
3, 35820, Note_on_c, 2, 79, 100
3, 35847, Note_on_c, 2, 65, 100
3, 35848, Note_on_c, 2, 64, 0
3, 35862, Note_on_c, 2, 79, 0
3, 35862, Note_on_c, 2, 65, 0
3, 35864, Note_on_c, 2, 82, 0
3, 35878, Note_on_c, 2, 67, 100
3, 35880, Note_on_c, 2, 76, 100
3, 35881, Note_on_c, 2, 72, 100
3, 35907, Note_on_c, 2, 65, 100
3, 35911, Note_on_c, 2, 67, 0
3, 35914, Note_on_c, 2, 76, 0
3, 35938, Note_on_c, 2, 64, 100
3, 35941, Note_on_c, 2, 65, 0
3, 35941, Note_on_c, 2, 79, 100
3, 35969, Note_on_c, 2, 62, 100
3, 35970, Note_on_c, 2, 64, 0
3, 35999, Note_on_c, 2, 60, 100
3, 36002, Note_on_c, 2, 62, 0
3, 36003, Note_on_c, 2, 79, 0
3, 36005, Note_on_c, 2, 77, 100
3, 36027, Note_on_c, 2, 60, 0
3, 36034, Note_on_c, 2, 74, 100
3, 36037, Note_on_c, 2, 72, 0
3, 36037, Note_on_c, 2, 77, 0
3, 36054, Note_on_c, 2, 74, 0
3, 36063, Note_on_c, 2, 65, 100
3, 36066, Note_on_c, 2, 81, 100
3, 36066, Note_on_c, 2, 70, 100
3, 36094, Note_on_c, 2, 72, 100
3, 36095, Note_on_c, 2, 70, 0
3, 36126, Note_on_c, 2, 74, 100
3, 36128, Note_on_c, 2, 72, 0
3, 36152, Note_on_c, 2, 72, 100
3, 36154, Note_on_c, 2, 74, 0
3, 36174, Note_on_c, 2, 72, 0
3, 36179, Note_on_c, 2, 65, 0
3, 36179, Note_on_c, 2, 62, 100
3, 36180, Note_on_c, 2, 70, 100
3, 36181, Note_on_c, 2, 81, 0
3, 36181, Note_on_c, 2, 79, 100
3, 36196, Note_on_c, 2, 70, 0
3, 36210, Note_on_c, 2, 77, 100
3, 36210, Note_on_c, 2, 69, 100
3, 36212, Note_on_c, 2, 79, 0
3, 36221, Note_on_c, 2, 69, 0
3, 36237, Note_on_c, 2, 77, 0
3, 36239, Note_on_c, 2, 67, 100
3, 36240, Note_on_c, 2, 62, 0
3, 36240, Note_on_c, 2, 64, 100
3, 36241, Note_on_c, 2, 76, 100
3, 36258, Note_on_c, 2, 76, 0
3, 36269, Note_on_c, 2, 72, 100
3, 36296, Note_on_c, 2, 72, 0
3, 36298, Note_on_c, 2, 76, 100
3, 36325, Note_on_c, 2, 76, 0
3, 36325, Note_on_c, 2, 79, 100
3, 36348, Note_on_c, 2, 67, 0
3, 36351, Note_on_c, 2, 64, 0
3, 36353, Note_on_c, 2, 84, 100
3, 36354, Note_on_c, 2, 79, 0
3, 36377, Note_on_c, 2, 84, 0
3, 36381, Note_on_c, 2, 60, 100
3, 36382, Note_on_c, 2, 79, 100
3, 36405, Note_on_c, 2, 79, 0
3, 36406, Note_on_c, 2, 60, 0
3, 36409, Note_on_c, 2, 64, 100
3, 36412, Note_on_c, 2, 84, 100
3, 36435, Note_on_c, 2, 64, 0
3, 36435, Note_on_c, 2, 67, 100
3, 36442, Note_on_c, 2, 86, 100
3, 36443, Note_on_c, 2, 84, 0
3, 36447, Note_on_c, 2, 67, 0
3, 36454, Note_on_c, 2, 86, 0
3, 36468, Note_on_c, 2, 72, 100
3, 36472, Note_on_c, 2, 87, 100
3, 36504, Note_on_c, 2, 87, 0
3, 36504, Note_on_c, 2, 84, 100
3, 36530, Note_on_c, 2, 75, 100
3, 36533, Note_on_c, 2, 81, 100
3, 36534, Note_on_c, 2, 84, 0
3, 36560, Note_on_c, 2, 84, 100
3, 36561, Note_on_c, 2, 81, 0
3, 36569, Note_on_c, 2, 75, 0
3, 36571, Note_on_c, 2, 84, 0
3, 36572, Note_on_c, 2, 72, 0
3, 36587, Note_on_c, 2, 69, 100
3, 36588, Note_on_c, 2, 72, 100
3, 36591, Note_on_c, 2, 78, 100
3, 36616, Note_on_c, 2, 69, 0
3, 36618, Note_on_c, 2, 72, 0
3, 36623, Note_on_c, 2, 87, 100
3, 36625, Note_on_c, 2, 78, 0
3, 36645, Note_on_c, 2, 87, 0
3, 36648, Note_on_c, 2, 69, 100
3, 36649, Note_on_c, 2, 66, 100
3, 36653, Note_on_c, 2, 86, 100
3, 36671, Note_on_c, 2, 86, 0
3, 36681, Note_on_c, 2, 69, 0
3, 36681, Note_on_c, 2, 84, 100
3, 36682, Note_on_c, 2, 66, 0
3, 36700, Note_on_c, 2, 84, 0
3, 36707, Note_on_c, 2, 67, 100
3, 36708, Note_on_c, 2, 74, 100
3, 36712, Note_on_c, 2, 83, 100
3, 36732, Note_on_c, 2, 83, 0
3, 36735, Note_on_c, 2, 74, 0
3, 36744, Note_on_c, 2, 79, 100
3, 36746, Note_on_c, 2, 67, 0
3, 36760, Note_on_c, 2, 79, 0
3, 36770, Note_on_c, 2, 74, 100
3, 36774, Note_on_c, 2, 83, 100
3, 36775, Note_on_c, 2, 79, 100
3, 36800, Note_on_c, 2, 83, 0
3, 36803, Note_on_c, 2, 86, 100
3, 36816, Note_on_c, 2, 86, 0
3, 36836, Note_on_c, 2, 88, 100
3, 36839, Note_on_c, 2, 74, 0
3, 36860, Note_on_c, 2, 71, 100
3, 36886, Note_on_c, 2, 71, 0
3, 36891, Note_on_c, 2, 79, 0
3, 36891, Note_on_c, 2, 72, 100
3, 36911, Note_on_c, 2, 72, 0
3, 36920, Note_on_c, 2, 76, 100
3, 36928, Note_on_c, 2, 76, 0
3, 36952, Note_on_c, 2, 81, 100
3, 36978, Note_on_c, 2, 81, 0
3, 36982, Note_on_c, 2, 69, 100
3, 37012, Note_on_c, 2, 74, 100
3, 37013, Note_on_c, 2, 69, 0
3, 37020, Note_on_c, 2, 86, 100
3, 37024, Note_on_c, 2, 88, 0
3, 37045, Note_on_c, 2, 77, 100
3, 37047, Note_on_c, 2, 74, 0
3, 37061, Note_on_c, 2, 77, 0
3, 37076, Note_on_c, 2, 79, 100
3, 37104, Note_on_c, 2, 79, 0
3, 37106, Note_on_c, 2, 72, 100
3, 37128, Note_on_c, 2, 86, 0
3, 37135, Note_on_c, 2, 84, 100
3, 37137, Note_on_c, 2, 72, 0
3, 37137, Note_on_c, 2, 76, 100
3, 37156, Note_on_c, 2, 76, 0
3, 37162, Note_on_c, 2, 79, 100
3, 37174, Note_on_c, 2, 79, 0
3, 37192, Note_on_c, 2, 81, 100
3, 37202, Note_on_c, 2, 84, 0
3, 37224, Note_on_c, 2, 81, 0
3, 37224, Note_on_c, 2, 77, 100
3, 37229, Note_on_c, 2, 81, 100
3, 37253, Note_on_c, 2, 74, 100
3, 37254, Note_on_c, 2, 77, 0
3, 37257, Note_on_c, 2, 83, 100
3, 37261, Note_on_c, 2, 81, 0
3, 37271, Note_on_c, 2, 83, 0
3, 37282, Note_on_c, 2, 77, 100
3, 37286, Note_on_c, 2, 86, 100
3, 37288, Note_on_c, 2, 74, 0
3, 37294, Note_on_c, 2, 77, 0
3, 37297, Note_on_c, 2, 86, 0
3, 37313, Note_on_c, 2, 71, 100
3, 37318, Note_on_c, 2, 89, 100
3, 37342, Note_on_c, 2, 81, 100
3, 37345, Note_on_c, 2, 71, 0
3, 37355, Note_on_c, 2, 89, 0
3, 37355, Note_on_c, 2, 81, 0
3, 37373, Note_on_c, 2, 79, 100
3, 37381, Note_on_c, 2, 83, 100
3, 37399, Note_on_c, 2, 79, 0
3, 37403, Note_on_c, 2, 77, 100
3, 37404, Note_on_c, 2, 83, 0
3, 37417, Note_on_c, 2, 77, 0
3, 37435, Note_on_c, 2, 76, 100
3, 37439, Note_on_c, 2, 84, 100
3, 37465, Note_on_c, 2, 77, 100
3, 37469, Note_on_c, 2, 76, 0
3, 37491, Note_on_c, 2, 77, 0
3, 37496, Note_on_c, 2, 74, 100
3, 37496, Note_on_c, 2, 72, 100
3, 37527, Note_on_c, 2, 74, 0
3, 37527, Note_on_c, 2, 76, 100
3, 37547, Note_on_c, 2, 76, 0
3, 37552, Note_on_c, 2, 84, 0
3, 37553, Note_on_c, 2, 86, 100
3, 37586, Note_on_c, 2, 79, 100
3, 37612, Note_on_c, 2, 72, 0
3, 37612, Note_on_c, 2, 71, 100
3, 37615, Note_on_c, 2, 76, 100
3, 37617, Note_on_c, 2, 79, 0
3, 37641, Note_on_c, 2, 71, 0
3, 37641, Note_on_c, 2, 69, 100
3, 37645, Note_on_c, 2, 79, 100
3, 37647, Note_on_c, 2, 76, 0
3, 37670, Note_on_c, 2, 69, 0
3, 37670, Note_on_c, 2, 67, 100
3, 37675, Note_on_c, 2, 79, 0
3, 37682, Note_on_c, 2, 79, 100
3, 37701, Note_on_c, 2, 67, 0
3, 37701, Note_on_c, 2, 69, 100
3, 37709, Note_on_c, 2, 84, 100
3, 37711, Note_on_c, 2, 86, 0
3, 37714, Note_on_c, 2, 79, 0
3, 37733, Note_on_c, 2, 65, 100
3, 37735, Note_on_c, 2, 69, 0
3, 37740, Note_on_c, 2, 84, 0
3, 37740, Note_on_c, 2, 81, 100
3, 37764, Note_on_c, 2, 65, 0
3, 37764, Note_on_c, 2, 67, 100
3, 37768, Note_on_c, 2, 84, 100
3, 37769, Note_on_c, 2, 81, 0
3, 37781, Note_on_c, 2, 67, 0
3, 37794, Note_on_c, 2, 69, 100
3, 37797, Note_on_c, 2, 84, 0
3, 37797, Note_on_c, 2, 77, 100
3, 37824, Note_on_c, 2, 67, 100
3, 37828, Note_on_c, 2, 69, 0
3, 37829, Note_on_c, 2, 88, 100
3, 37830, Note_on_c, 2, 77, 0
3, 37853, Note_on_c, 2, 65, 100
3, 37857, Note_on_c, 2, 67, 0
3, 37858, Note_on_c, 2, 86, 100
3, 37862, Note_on_c, 2, 88, 0
3, 37884, Note_on_c, 2, 64, 100
3, 37885, Note_on_c, 2, 65, 0
3, 37887, Note_on_c, 2, 84, 100
3, 37891, Note_on_c, 2, 86, 0
3, 37902, Note_on_c, 2, 84, 0
3, 37915, Note_on_c, 2, 62, 100
3, 37916, Note_on_c, 2, 83, 100
3, 37919, Note_on_c, 2, 64, 0
3, 37938, Note_on_c, 2, 62, 0
3, 37941, Note_on_c, 2, 64, 100
3, 37949, Note_on_c, 2, 84, 100
3, 37953, Note_on_c, 2, 83, 0
3, 37970, Note_on_c, 2, 64, 0
3, 37975, Note_on_c, 2, 65, 100
3, 37978, Note_on_c, 2, 84, 0
3, 37978, Note_on_c, 2, 81, 100
3, 38006, Note_on_c, 2, 83, 100
3, 38008, Note_on_c, 2, 81, 0
3, 38025, Note_on_c, 2, 83, 0
3, 38038, Note_on_c, 2, 84, 100
3, 38070, Note_on_c, 2, 81, 100
3, 38071, Note_on_c, 2, 84, 0
3, 38094, Note_on_c, 2, 65, 0
3, 38099, Note_on_c, 2, 81, 0
3, 38100, Note_on_c, 2, 64, 100
3, 38100, Note_on_c, 2, 79, 100
3, 38127, Note_on_c, 2, 62, 100
3, 38129, Note_on_c, 2, 64, 0
3, 38129, Note_on_c, 2, 77, 100
3, 38131, Note_on_c, 2, 79, 0
3, 38149, Note_on_c, 2, 77, 0
3, 38158, Note_on_c, 2, 62, 0
3, 38158, Note_on_c, 2, 60, 100
3, 38160, Note_on_c, 2, 76, 100
3, 38187, Note_on_c, 2, 76, 0
3, 38188, Note_on_c, 2, 79, 100
3, 38189, Note_on_c, 2, 60, 0
3, 38216, Note_on_c, 2, 79, 0
3, 38217, Note_on_c, 2, 64, 100
3, 38218, Note_on_c, 2, 76, 100
3, 38218, Note_on_c, 2, 84, 100
3, 38247, Note_on_c, 2, 72, 100
3, 38249, Note_on_c, 2, 76, 0
3, 38268, Note_on_c, 2, 72, 0
3, 38273, Note_on_c, 2, 64, 0
3, 38275, Note_on_c, 2, 65, 100
3, 38278, Note_on_c, 2, 74, 100
3, 38308, Note_on_c, 2, 76, 100
3, 38311, Note_on_c, 2, 74, 0
3, 38318, Note_on_c, 2, 65, 0
3, 38325, Note_on_c, 2, 76, 0
3, 38336, Note_on_c, 2, 67, 100
3, 38338, Note_on_c, 2, 82, 100
3, 38339, Note_on_c, 2, 77, 100
3, 38340, Note_on_c, 2, 84, 0
3, 38370, Note_on_c, 2, 82, 0
3, 38370, Note_on_c, 2, 81, 100
3, 38379, Note_on_c, 2, 77, 0
3, 38397, Note_on_c, 2, 67, 0
3, 38397, Note_on_c, 2, 60, 100
3, 38400, Note_on_c, 2, 76, 100
3, 38401, Note_on_c, 2, 79, 100
3, 38402, Note_on_c, 2, 81, 0
3, 38427, Note_on_c, 2, 79, 0
3, 38428, Note_on_c, 2, 72, 100
3, 38429, Note_on_c, 2, 81, 100
3, 38434, Note_on_c, 2, 76, 0
3, 38436, Note_on_c, 2, 60, 0
3, 38459, Note_on_c, 2, 72, 0
3, 38459, Note_on_c, 2, 69, 100
3, 38460, Note_on_c, 2, 77, 100
3, 38461, Note_on_c, 2, 81, 0
3, 38487, Note_on_c, 2, 72, 100
3, 38490, Note_on_c, 2, 79, 100
3, 38491, Note_on_c, 2, 77, 0
3, 38492, Note_on_c, 2, 69, 0
3, 38507, Note_on_c, 2, 72, 0
3, 38513, Note_on_c, 2, 79, 0
3, 38517, Note_on_c, 2, 65, 100
3, 38520, Note_on_c, 2, 81, 100
3, 38547, Note_on_c, 2, 76, 100
3, 38549, Note_on_c, 2, 65, 0
3, 38549, Note_on_c, 2, 79, 100
3, 38550, Note_on_c, 2, 81, 0
3, 38576, Note_on_c, 2, 74, 100
3, 38577, Note_on_c, 2, 76, 0
3, 38579, Note_on_c, 2, 77, 100
3, 38580, Note_on_c, 2, 79, 0
3, 38606, Note_on_c, 2, 72, 100
3, 38610, Note_on_c, 2, 74, 0
3, 38610, Note_on_c, 2, 76, 100
3, 38613, Note_on_c, 2, 77, 0
3, 38623, Note_on_c, 2, 76, 0
3, 38626, Note_on_c, 2, 72, 0
3, 38637, Note_on_c, 2, 71, 100
3, 38639, Note_on_c, 2, 74, 100
3, 38666, Note_on_c, 2, 71, 0
3, 38666, Note_on_c, 2, 72, 100
3, 38667, Note_on_c, 2, 74, 0
3, 38667, Note_on_c, 2, 76, 100
3, 38684, Note_on_c, 2, 76, 0
3, 38696, Note_on_c, 2, 69, 100
3, 38697, Note_on_c, 2, 72, 0
3, 38699, Note_on_c, 2, 77, 100
3, 38726, Note_on_c, 2, 71, 100
3, 38727, Note_on_c, 2, 69, 0
3, 38754, Note_on_c, 2, 71, 0
3, 38755, Note_on_c, 2, 72, 100
3, 38784, Note_on_c, 2, 69, 100
3, 38786, Note_on_c, 2, 72, 0
3, 38815, Note_on_c, 2, 76, 100
3, 38815, Note_on_c, 2, 67, 100
3, 38817, Note_on_c, 2, 77, 0
3, 38817, Note_on_c, 2, 69, 0
3, 38841, Note_on_c, 2, 65, 100
3, 38842, Note_on_c, 2, 67, 0
3, 38843, Note_on_c, 2, 74, 100
3, 38848, Note_on_c, 2, 76, 0
3, 38864, Note_on_c, 2, 74, 0
3, 38867, Note_on_c, 2, 65, 0
3, 38870, Note_on_c, 2, 67, 100
3, 38876, Note_on_c, 2, 76, 100
3, 38909, Note_on_c, 2, 72, 100
3, 38910, Note_on_c, 2, 76, 0
3, 38934, Note_on_c, 2, 70, 100
3, 38939, Note_on_c, 2, 76, 100
3, 38942, Note_on_c, 2, 72, 0
3, 38968, Note_on_c, 2, 79, 100
3, 38973, Note_on_c, 2, 67, 0
3, 38974, Note_on_c, 2, 76, 0
3, 38992, Note_on_c, 2, 69, 100
3, 38995, Note_on_c, 2, 79, 0
3, 38998, Note_on_c, 2, 84, 100
3, 39010, Note_on_c, 2, 70, 0
3, 39015, Note_on_c, 2, 84, 0
3, 39029, Note_on_c, 2, 77, 100
3, 39054, Note_on_c, 2, 72, 100
3, 39058, Note_on_c, 2, 81, 100
3, 39062, Note_on_c, 2, 77, 0
3, 39079, Note_on_c, 2, 69, 0
3, 39086, Note_on_c, 2, 84, 100
3, 39088, Note_on_c, 2, 81, 0
3, 39092, Note_on_c, 2, 69, 100
3, 39102, Note_on_c, 2, 84, 0
3, 39110, Note_on_c, 2, 69, 0
3, 39112, Note_on_c, 2, 70, 100
3, 39116, Note_on_c, 2, 72, 0
3, 39117, Note_on_c, 2, 86, 100
3, 39149, Note_on_c, 2, 70, 0
3, 39149, Note_on_c, 2, 82, 100
3, 39150, Note_on_c, 2, 86, 0
3, 39173, Note_on_c, 2, 70, 100
3, 39174, Note_on_c, 2, 74, 100
3, 39182, Note_on_c, 2, 79, 100
3, 39185, Note_on_c, 2, 82, 0
3, 39201, Note_on_c, 2, 70, 0
3, 39205, Note_on_c, 2, 69, 100
3, 39209, Note_on_c, 2, 82, 100
3, 39210, Note_on_c, 2, 79, 0
3, 39214, Note_on_c, 2, 69, 0
3, 39234, Note_on_c, 2, 82, 0
3, 39238, Note_on_c, 2, 67, 100
3, 39241, Note_on_c, 2, 76, 100
3, 39271, Note_on_c, 2, 86, 100
3, 39272, Note_on_c, 2, 74, 0
3, 39289, Note_on_c, 2, 86, 0
3, 39302, Note_on_c, 2, 84, 100
3, 39315, Note_on_c, 2, 84, 0
3, 39334, Note_on_c, 2, 82, 100
3, 39342, Note_on_c, 2, 82, 0
3, 39364, Note_on_c, 2, 81, 100
3, 39367, Note_on_c, 2, 76, 0
3, 39391, Note_on_c, 2, 67, 0
3, 39391, Note_on_c, 2, 69, 100
3, 39419, Note_on_c, 2, 65, 100
3, 39421, Note_on_c, 2, 69, 0
3, 39421, Note_on_c, 2, 72, 100
3, 39445, Note_on_c, 2, 72, 100
3, 39446, Note_on_c, 2, 72, 0
3, 39447, Note_on_c, 2, 65, 0
3, 39447, Note_on_c, 2, 64, 100
3, 39451, Note_on_c, 2, 72, 0
3, 39452, Note_on_c, 2, 81, 0
3, 39477, Note_on_c, 2, 64, 0
3, 39477, Note_on_c, 2, 86, 100
3, 39477, Note_on_c, 2, 65, 100
3, 39501, Note_on_c, 2, 65, 0
3, 39507, Note_on_c, 2, 74, 100
3, 39533, Note_on_c, 2, 69, 100
3, 39535, Note_on_c, 2, 74, 0
3, 39538, Note_on_c, 2, 77, 100
3, 39565, Note_on_c, 2, 81, 100
3, 39567, Note_on_c, 2, 77, 0
3, 39580, Note_on_c, 2, 81, 0
3, 39595, Note_on_c, 2, 82, 100
3, 39625, Note_on_c, 2, 82, 0
3, 39627, Note_on_c, 2, 79, 100
3, 39652, Note_on_c, 2, 67, 100
3, 39655, Note_on_c, 2, 69, 0
3, 39656, Note_on_c, 2, 79, 0
3, 39656, Note_on_c, 2, 76, 100
3, 39680, Note_on_c, 2, 67, 0
3, 39680, Note_on_c, 2, 65, 100
3, 39685, Note_on_c, 2, 79, 100
3, 39686, Note_on_c, 2, 76, 0
3, 39700, Note_on_c, 2, 79, 0
3, 39710, Note_on_c, 2, 65, 0
3, 39711, Note_on_c, 2, 67, 100
3, 39712, Note_on_c, 2, 72, 100
3, 39714, Note_on_c, 2, 88, 100
3, 39715, Note_on_c, 2, 86, 0
3, 39726, Note_on_c, 2, 72, 0
3, 39745, Note_on_c, 2, 82, 100
3, 39765, Note_on_c, 2, 67, 0
3, 39771, Note_on_c, 2, 70, 100
3, 39775, Note_on_c, 2, 82, 0
3, 39776, Note_on_c, 2, 81, 100
3, 39803, Note_on_c, 2, 81, 0
3, 39804, Note_on_c, 2, 79, 100
3, 39827, Note_on_c, 2, 89, 100
3, 39828, Note_on_c, 2, 88, 0
3, 39828, Note_on_c, 2, 84, 100
3, 39832, Note_on_c, 2, 79, 0
3, 39867, Note_on_c, 2, 70, 0
3, 39871, Note_on_c, 2, 81, 100
3, 39873, Note_on_c, 2, 84, 0
3, 39890, Note_on_c, 2, 69, 100
3, 39900, Note_on_c, 2, 84, 100
3, 39902, Note_on_c, 2, 81, 0
3, 39930, Note_on_c, 2, 77, 100
3, 39931, Note_on_c, 2, 84, 0
3, 39946, Note_on_c, 2, 77, 0
3, 39956, Note_on_c, 2, 74, 100
3, 39960, Note_on_c, 2, 74, 100
3, 39978, Note_on_c, 2, 69, 0
3, 39985, Note_on_c, 2, 74, 0
3, 39990, Note_on_c, 2, 84, 100
3, 39999, Note_on_c, 2, 74, 0
3, 40015, Note_on_c, 2, 67, 100
3, 40019, Note_on_c, 2, 84, 0
3, 40019, Note_on_c, 2, 82, 100
3, 40043, Note_on_c, 2, 67, 0
3, 40043, Note_on_c, 2, 65, 100
3, 40046, Note_on_c, 2, 82, 0
3, 40047, Note_on_c, 2, 81, 100
3, 40066, Note_on_c, 2, 89, 0
3, 40071, Note_on_c, 2, 81, 0
3, 40073, Note_on_c, 2, 64, 100
3, 40074, Note_on_c, 2, 65, 0
3, 40079, Note_on_c, 2, 79, 100
3, 40105, Note_on_c, 2, 65, 100
3, 40106, Note_on_c, 2, 64, 0
3, 40134, Note_on_c, 2, 65, 0
3, 40135, Note_on_c, 2, 62, 100
3, 40137, Note_on_c, 2, 91, 100
3, 40163, Note_on_c, 2, 64, 100
3, 40167, Note_on_c, 2, 62, 0
3, 40195, Note_on_c, 2, 65, 100
3, 40196, Note_on_c, 2, 64, 0
3, 40196, Note_on_c, 2, 81, 100
3, 40197, Note_on_c, 2, 79, 0
3, 40222, Note_on_c, 2, 64, 100
3, 40223, Note_on_c, 2, 65, 0
3, 40251, Note_on_c, 2, 64, 0
3, 40253, Note_on_c, 2, 62, 100
3, 40257, Note_on_c, 2, 89, 100
3, 40258, Note_on_c, 2, 91, 0
3, 40258, Note_on_c, 2, 81, 0
3, 40258, Note_on_c, 2, 83, 100
3, 40284, Note_on_c, 2, 60, 100
3, 40286, Note_on_c, 2, 62, 0
3, 40288, Note_on_c, 2, 83, 0
3, 40304, Note_on_c, 2, 60, 0
3, 40314, Note_on_c, 2, 67, 100
3, 40318, Note_on_c, 2, 88, 100
3, 40318, Note_on_c, 2, 84, 100
3, 40321, Note_on_c, 2, 89, 0
3, 40355, Note_on_c, 2, 89, 100
3, 40357, Note_on_c, 2, 67, 0
3, 40357, Note_on_c, 2, 88, 0
3, 40381, Note_on_c, 2, 65, 100
3, 40383, Note_on_c, 2, 89, 0
3, 40384, Note_on_c, 2, 86, 100
3, 40402, Note_on_c, 2, 86, 0
3, 40403, Note_on_c, 2, 65, 0
3, 40409, Note_on_c, 2, 67, 100
3, 40412, Note_on_c, 2, 88, 100
3, 40424, Note_on_c, 2, 88, 0
3, 40425, Note_on_c, 2, 67, 0
3, 40440, Note_on_c, 2, 89, 100
3, 40440, Note_on_c, 2, 69, 100
3, 40441, Note_on_c, 2, 84, 0
3, 40471, Note_on_c, 2, 87, 100
3, 40473, Note_on_c, 2, 89, 0
3, 40501, Note_on_c, 2, 87, 0
3, 40502, Note_on_c, 2, 86, 100
3, 40529, Note_on_c, 2, 84, 100
3, 40530, Note_on_c, 2, 86, 0
3, 40552, Note_on_c, 2, 84, 0
3, 40558, Note_on_c, 2, 86, 100
3, 40588, Note_on_c, 2, 74, 100
3, 40595, Note_on_c, 2, 69, 0
3, 40615, Note_on_c, 2, 74, 0
3, 40615, Note_on_c, 2, 67, 100
3, 40618, Note_on_c, 2, 79, 100
3, 40632, Note_on_c, 2, 67, 0
3, 40639, Note_on_c, 2, 79, 0
3, 40643, Note_on_c, 2, 66, 100
3, 40647, Note_on_c, 2, 86, 0
3, 40647, Note_on_c, 2, 82, 100
3, 40653, Note_on_c, 2, 66, 0
3, 40673, Note_on_c, 2, 82, 0
3, 40676, Note_on_c, 2, 67, 100
3, 40676, Note_on_c, 2, 86, 100
3, 40705, Note_on_c, 2, 86, 0
3, 40706, Note_on_c, 2, 79, 100
3, 40727, Note_on_c, 2, 79, 0
3, 40735, Note_on_c, 2, 82, 100
3, 40759, Note_on_c, 2, 82, 0
3, 40764, Note_on_c, 2, 86, 100
3, 40780, Note_on_c, 2, 86, 0
3, 40795, Note_on_c, 2, 87, 100
3, 40812, Note_on_c, 2, 67, 0
3, 40824, Note_on_c, 2, 87, 0
3, 40825, Note_on_c, 2, 84, 100
3, 40852, Note_on_c, 2, 66, 100
3, 40856, Note_on_c, 2, 84, 0
3, 40856, Note_on_c, 2, 81, 100
3, 40868, Note_on_c, 2, 66, 0
3, 40880, Note_on_c, 2, 67, 100
3, 40885, Note_on_c, 2, 84, 100
3, 40891, Note_on_c, 2, 81, 0
3, 40895, Note_on_c, 2, 67, 0
3, 40902, Note_on_c, 2, 84, 0
3, 40913, Note_on_c, 2, 69, 100
3, 40915, Note_on_c, 2, 78, 100
3, 40936, Note_on_c, 2, 78, 0
3, 40945, Note_on_c, 2, 87, 100
3, 40957, Note_on_c, 2, 69, 0
3, 40974, Note_on_c, 2, 87, 0
3, 40974, Note_on_c, 2, 90, 100
3, 40974, Note_on_c, 2, 62, 100
3, 40976, Note_on_c, 2, 86, 100
3, 41003, Note_on_c, 2, 86, 0
3, 41004, Note_on_c, 2, 84, 100
3, 41008, Note_on_c, 2, 90, 0
3, 41036, Note_on_c, 2, 82, 100
3, 41036, Note_on_c, 2, 91, 100
3, 41037, Note_on_c, 2, 84, 0
3, 41063, Note_on_c, 2, 91, 0
3, 41065, Note_on_c, 2, 82, 0
3, 41066, Note_on_c, 2, 81, 100
3, 41076, Note_on_c, 2, 62, 0
3, 41092, Note_on_c, 2, 81, 0
3, 41095, Note_on_c, 2, 94, 100
3, 41095, Note_on_c, 2, 79, 100
3, 41124, Note_on_c, 2, 77, 100
3, 41127, Note_on_c, 2, 79, 0
3, 41153, Note_on_c, 2, 77, 0
3, 41154, Note_on_c, 2, 76, 100
3, 41185, Note_on_c, 2, 74, 100
3, 41186, Note_on_c, 2, 76, 0
3, 41212, Note_on_c, 2, 74, 0
3, 41213, Note_on_c, 2, 94, 0
3, 41214, Note_on_c, 2, 73, 100
3, 41217, Note_on_c, 2, 93, 100
3, 41235, Note_on_c, 2, 73, 0
3, 41243, Note_on_c, 2, 76, 100
3, 41245, Note_on_c, 2, 91, 100
3, 41246, Note_on_c, 2, 93, 0
3, 41254, Note_on_c, 2, 76, 0
3, 41259, Note_on_c, 2, 91, 0
3, 41275, Note_on_c, 2, 74, 100
3, 41278, Note_on_c, 2, 89, 100
3, 41308, Note_on_c, 2, 89, 0
3, 41308, Note_on_c, 2, 91, 100
3, 41334, Note_on_c, 2, 91, 0
3, 41337, Note_on_c, 2, 88, 100
3, 41340, Note_on_c, 2, 65, 100
3, 41359, Note_on_c, 2, 74, 0
3, 41360, Note_on_c, 2, 65, 0
3, 41366, Note_on_c, 2, 88, 0
3, 41366, Note_on_c, 2, 89, 100
3, 41394, Note_on_c, 2, 70, 100
3, 41397, Note_on_c, 2, 91, 100
3, 41398, Note_on_c, 2, 89, 0
3, 41425, Note_on_c, 2, 89, 100
3, 41426, Note_on_c, 2, 91, 0
3, 41455, Note_on_c, 2, 89, 0
3, 41457, Note_on_c, 2, 88, 100
3, 41457, Note_on_c, 2, 77, 100
3, 41482, Note_on_c, 2, 77, 0
3, 41486, Note_on_c, 2, 88, 0
3, 41487, Note_on_c, 2, 86, 100
3, 41516, Note_on_c, 2, 86, 0
3, 41516, Note_on_c, 2, 84, 100
3, 41517, Note_on_c, 2, 79, 100
3, 41535, Note_on_c, 2, 70, 0
3, 41545, Note_on_c, 2, 72, 100
3, 41561, Note_on_c, 2, 72, 0
3, 41575, Note_on_c, 2, 69, 100
3, 41605, Note_on_c, 2, 69, 0
3, 41605, Note_on_c, 2, 70, 100
3, 41624, Note_on_c, 2, 70, 0
3, 41634, Note_on_c, 2, 72, 100
3, 41645, Note_on_c, 2, 79, 0
3, 41664, Note_on_c, 2, 70, 100
3, 41666, Note_on_c, 2, 72, 0
3, 41694, Note_on_c, 2, 79, 100
3, 41694, Note_on_c, 2, 69, 100
3, 41696, Note_on_c, 2, 70, 0
3, 41715, Note_on_c, 2, 79, 0
3, 41723, Note_on_c, 2, 67, 100
3, 41724, Note_on_c, 2, 69, 0
3, 41753, Note_on_c, 2, 67, 0
3, 41753, Note_on_c, 2, 69, 100
3, 41756, Note_on_c, 2, 72, 100
3, 41778, Note_on_c, 2, 69, 0
3, 41786, Note_on_c, 2, 84, 0
3, 41786, Note_on_c, 2, 86, 100
3, 41790, Note_on_c, 2, 72, 0
3, 41804, Note_on_c, 2, 86, 0
3, 41813, Note_on_c, 2, 65, 100
3, 41817, Note_on_c, 2, 82, 100
3, 41817, Note_on_c, 2, 81, 100
3, 41837, Note_on_c, 2, 65, 0
3, 41848, Note_on_c, 2, 82, 0
3, 41851, Note_on_c, 2, 84, 100
3, 41873, Note_on_c, 2, 70, 100
3, 41881, Note_on_c, 2, 86, 100
3, 41883, Note_on_c, 2, 84, 0
3, 41907, Note_on_c, 2, 81, 0
3, 41912, Note_on_c, 2, 84, 100
3, 41916, Note_on_c, 2, 86, 0
3, 41941, Note_on_c, 2, 82, 100
3, 41941, Note_on_c, 2, 79, 100
3, 41944, Note_on_c, 2, 84, 0
3, 41967, Note_on_c, 2, 79, 0
3, 41969, Note_on_c, 2, 82, 0
3, 41969, Note_on_c, 2, 77, 100
3, 41970, Note_on_c, 2, 81, 100
3, 41997, Note_on_c, 2, 77, 0
3, 41999, Note_on_c, 2, 81, 0
3, 42000, Note_on_c, 2, 79, 100
3, 42001, Note_on_c, 2, 75, 100
3, 42012, Note_on_c, 2, 70, 0
3, 42026, Note_on_c, 2, 81, 100
3, 42027, Note_on_c, 2, 79, 0
3, 42028, Note_on_c, 2, 75, 0
3, 42029, Note_on_c, 2, 77, 100
3, 42042, Note_on_c, 2, 81, 0
3, 42054, Note_on_c, 2, 58, 100
3, 42058, Note_on_c, 2, 77, 0
3, 42060, Note_on_c, 2, 74, 100
3, 42062, Note_on_c, 2, 82, 100
3, 42071, Note_on_c, 2, 58, 0
3, 42084, Note_on_c, 2, 60, 100
3, 42094, Note_on_c, 2, 76, 100
3, 42099, Note_on_c, 2, 60, 0
3, 42101, Note_on_c, 2, 74, 0
3, 42117, Note_on_c, 2, 62, 100
3, 42124, Note_on_c, 2, 77, 100
3, 42125, Note_on_c, 2, 76, 0
3, 42151, Note_on_c, 2, 74, 100
3, 42153, Note_on_c, 2, 62, 0
3, 42154, Note_on_c, 2, 77, 0
3, 42176, Note_on_c, 2, 82, 0
3, 42177, Note_on_c, 2, 64, 100
3, 42180, Note_on_c, 2, 72, 100
3, 42181, Note_on_c, 2, 81, 100
3, 42183, Note_on_c, 2, 74, 0
3, 42202, Note_on_c, 2, 64, 0
3, 42208, Note_on_c, 2, 79, 100
3, 42208, Note_on_c, 2, 70, 100
3, 42209, Note_on_c, 2, 81, 0
3, 42210, Note_on_c, 2, 72, 0
3, 42234, Note_on_c, 2, 65, 100
3, 42237, Note_on_c, 2, 70, 0
3, 42238, Note_on_c, 2, 69, 100
3, 42239, Note_on_c, 2, 79, 0
3, 42239, Note_on_c, 2, 77, 100
3, 42266, Note_on_c, 2, 72, 100
3, 42267, Note_on_c, 2, 69, 0
3, 42276, Note_on_c, 2, 65, 0
3, 42284, Note_on_c, 2, 72, 0
3, 42296, Note_on_c, 2, 70, 100
3, 42325, Note_on_c, 2, 70, 0
3, 42326, Note_on_c, 2, 72, 100
3, 42339, Note_on_c, 2, 77, 0
3, 42357, Note_on_c, 2, 72, 0
3, 42357, Note_on_c, 2, 74, 100
3, 42387, Note_on_c, 2, 72, 100
3, 42391, Note_on_c, 2, 74, 0
3, 42413, Note_on_c, 2, 65, 100
3, 42418, Note_on_c, 2, 70, 100
3, 42422, Note_on_c, 2, 72, 0
3, 42439, Note_on_c, 2, 70, 0
3, 42445, Note_on_c, 2, 69, 100
3, 42459, Note_on_c, 2, 69, 0
3, 42476, Note_on_c, 2, 67, 100
3, 42503, Note_on_c, 2, 63, 100
3, 42505, Note_on_c, 2, 65, 0
3, 42532, Note_on_c, 2, 63, 0
3, 42533, Note_on_c, 2, 62, 100
3, 42561, Note_on_c, 2, 63, 100
3, 42563, Note_on_c, 2, 62, 0
3, 42566, Note_on_c, 2, 67, 0
3, 42567, Note_on_c, 2, 69, 100
3, 42574, Note_on_c, 2, 63, 0
3, 42592, Note_on_c, 2, 65, 100
3, 42593, Note_on_c, 2, 69, 0
3, 42599, Note_on_c, 2, 70, 100
3, 42616, Note_on_c, 2, 70, 0
3, 42616, Note_on_c, 2, 69, 100
3, 42621, Note_on_c, 2, 63, 100
3, 42625, Note_on_c, 2, 65, 0
3, 42630, Note_on_c, 2, 69, 0
3, 42631, Note_on_c, 2, 70, 100
3, 42642, Note_on_c, 2, 70, 0
3, 42642, Note_on_c, 2, 69, 100
3, 42650, Note_on_c, 2, 62, 100
3, 42651, Note_on_c, 2, 63, 0
3, 42653, Note_on_c, 2, 69, 0
3, 42654, Note_on_c, 2, 70, 100
3, 42662, Note_on_c, 2, 69, 100
3, 42672, Note_on_c, 2, 70, 0
3, 42678, Note_on_c, 2, 60, 100
3, 42680, Note_on_c, 2, 62, 0
3, 42682, Note_on_c, 2, 67, 100
3, 42683, Note_on_c, 2, 69, 0
3, 42696, Note_on_c, 2, 69, 100
3, 42702, Note_on_c, 2, 60, 0
3, 42703, Note_on_c, 2, 67, 0
3, 42709, Note_on_c, 2, 62, 100
3, 42720, Note_on_c, 2, 69, 0
3, 42722, Note_on_c, 2, 70, 100
3, 42753, Note_on_c, 2, 77, 100
3, 42782, Note_on_c, 2, 77, 0
3, 42782, Note_on_c, 2, 76, 100
3, 42806, Note_on_c, 2, 76, 0
3, 42807, Note_on_c, 2, 62, 0
3, 42809, Note_on_c, 2, 64, 100
3, 42811, Note_on_c, 2, 77, 100
3, 42837, Note_on_c, 2, 77, 0
3, 42838, Note_on_c, 2, 64, 0
3, 42840, Note_on_c, 2, 79, 100
3, 42841, Note_on_c, 2, 65, 100
3, 42854, Note_on_c, 2, 64, 100
3, 42855, Note_on_c, 2, 65, 0
3, 42867, Note_on_c, 2, 64, 0
3, 42869, Note_on_c, 2, 65, 100
3, 42870, Note_on_c, 2, 79, 0
3, 42870, Note_on_c, 2, 77, 100
3, 42881, Note_on_c, 2, 64, 100
3, 42882, Note_on_c, 2, 65, 0
3, 42893, Note_on_c, 2, 64, 0
3, 42894, Note_on_c, 2, 65, 100
3, 42899, Note_on_c, 2, 77, 0
3, 42900, Note_on_c, 2, 76, 100
3, 42903, Note_on_c, 2, 64, 100
3, 42909, Note_on_c, 2, 65, 0
3, 42919, Note_on_c, 2, 64, 0
3, 42919, Note_on_c, 2, 62, 100
3, 42929, Note_on_c, 2, 74, 100
3, 42932, Note_on_c, 2, 64, 100
3, 42933, Note_on_c, 2, 76, 0
3, 42939, Note_on_c, 2, 62, 0
3, 42940, Note_on_c, 2, 74, 0
3, 42954, Note_on_c, 2, 64, 0
3, 42956, Note_on_c, 2, 65, 100
3, 42959, Note_on_c, 2, 72, 100
3, 42987, Note_on_c, 2, 70, 100
3, 42990, Note_on_c, 2, 84, 100
3, 42995, Note_on_c, 2, 72, 0
3, 42995, Note_on_c, 2, 69, 100
3, 42996, Note_on_c, 2, 70, 0
3, 43010, Note_on_c, 2, 65, 0
3, 43013, Note_on_c, 2, 65, 100
3, 43014, Note_on_c, 2, 67, 100
3, 43015, Note_on_c, 2, 69, 0
3, 43021, Note_on_c, 2, 82, 100
3, 43023, Note_on_c, 2, 84, 0
3, 43038, Note_on_c, 2, 67, 0
3, 43044, Note_on_c, 2, 69, 100
3, 43049, Note_on_c, 2, 84, 100
3, 43050, Note_on_c, 2, 82, 0
3, 43071, Note_on_c, 2, 70, 0
3, 43076, Note_on_c, 2, 69, 0
3, 43076, Note_on_c, 2, 70, 100
3, 43077, Note_on_c, 2, 86, 100
3, 43079, Note_on_c, 2, 84, 0
3, 43104, Note_on_c, 2, 69, 100
3, 43106, Note_on_c, 2, 65, 0
3, 43107, Note_on_c, 2, 84, 100
3, 43109, Note_on_c, 2, 70, 0
3, 43109, Note_on_c, 2, 86, 0
3, 43133, Note_on_c, 2, 67, 100
3, 43135, Note_on_c, 2, 69, 0
3, 43137, Note_on_c, 2, 84, 0
3, 43137, Note_on_c, 2, 82, 100
3, 43161, Note_on_c, 2, 65, 100
3, 43163, Note_on_c, 2, 82, 0
3, 43165, Note_on_c, 2, 67, 0
3, 43165, Note_on_c, 2, 81, 100
3, 43190, Note_on_c, 2, 72, 100
3, 43193, Note_on_c, 2, 65, 0
3, 43193, Note_on_c, 2, 81, 0
3, 43194, Note_on_c, 2, 79, 100
3, 43217, Note_on_c, 2, 79, 0
3, 43221, Note_on_c, 2, 64, 100
3, 43226, Note_on_c, 2, 91, 100
3, 43251, Note_on_c, 2, 62, 100
3, 43254, Note_on_c, 2, 64, 0
3, 43256, Note_on_c, 2, 91, 0
3, 43256, Note_on_c, 2, 89, 100
3, 43280, Note_on_c, 2, 64, 100
3, 43285, Note_on_c, 2, 62, 0
3, 43285, Note_on_c, 2, 91, 100
3, 43287, Note_on_c, 2, 89, 0
3, 43311, Note_on_c, 2, 65, 100
3, 43314, Note_on_c, 2, 64, 0
3, 43314, Note_on_c, 2, 91, 0
3, 43315, Note_on_c, 2, 93, 100
3, 43340, Note_on_c, 2, 64, 100
3, 43344, Note_on_c, 2, 65, 0
3, 43346, Note_on_c, 2, 91, 100
3, 43349, Note_on_c, 2, 93, 0
3, 43373, Note_on_c, 2, 62, 100
3, 43377, Note_on_c, 2, 89, 100
3, 43378, Note_on_c, 2, 64, 0
3, 43379, Note_on_c, 2, 91, 0
3, 43404, Note_on_c, 2, 89, 0
3, 43405, Note_on_c, 2, 88, 100
3, 43409, Note_on_c, 2, 62, 0
3, 43416, Note_on_c, 2, 88, 0
3, 43431, Note_on_c, 2, 67, 100
3, 43437, Note_on_c, 2, 86, 100
3, 43461, Note_on_c, 2, 70, 100
3, 43464, Note_on_c, 2, 72, 0
3, 43489, Note_on_c, 2, 70, 0
3, 43489, Note_on_c, 2, 69, 100
3, 43518, Note_on_c, 2, 70, 100
3, 43519, Note_on_c, 2, 69, 0
3, 43528, Note_on_c, 2, 88, 100
3, 43529, Note_on_c, 2, 86, 0
3, 43548, Note_on_c, 2, 88, 0
3, 43554, Note_on_c, 2, 70, 0
3, 43555, Note_on_c, 2, 72, 100
3, 43558, Note_on_c, 2, 89, 100
3, 43571, Note_on_c, 2, 88, 100
3, 43572, Note_on_c, 2, 89, 0
3, 43583, Note_on_c, 2, 88, 0
3, 43584, Note_on_c, 2, 89, 100
3, 43584, Note_on_c, 2, 70, 100
3, 43586, Note_on_c, 2, 72, 0
3, 43595, Note_on_c, 2, 89, 0
3, 43595, Note_on_c, 2, 88, 100
3, 43608, Note_on_c, 2, 89, 100
3, 43612, Note_on_c, 2, 89, 0
3, 43612, Note_on_c, 2, 69, 100
3, 43616, Note_on_c, 2, 67, 0
3, 43618, Note_on_c, 2, 70, 0
3, 43620, Note_on_c, 2, 89, 100
3, 43621, Note_on_c, 2, 88, 0
3, 43628, Note_on_c, 2, 88, 100
3, 43629, Note_on_c, 2, 89, 0
3, 43639, Note_on_c, 2, 67, 100
3, 43643, Note_on_c, 2, 86, 100
3, 43646, Note_on_c, 2, 69, 0
3, 43646, Note_on_c, 2, 88, 0
3, 43647, Note_on_c, 2, 67, 0
3, 43657, Note_on_c, 2, 86, 0
3, 43658, Note_on_c, 2, 88, 100
3, 43667, Note_on_c, 2, 69, 100
3, 43668, Note_on_c, 2, 62, 100
3, 43671, Note_on_c, 2, 88, 0
3, 43677, Note_on_c, 2, 89, 100
3, 43705, Note_on_c, 2, 69, 0
3, 43708, Note_on_c, 2, 81, 100
3, 43737, Note_on_c, 2, 79, 100
3, 43740, Note_on_c, 2, 81, 0
3, 43749, Note_on_c, 2, 62, 0
3, 43769, Note_on_c, 2, 81, 100
3, 43771, Note_on_c, 2, 79, 0
3, 43793, Note_on_c, 2, 74, 100
3, 43798, Note_on_c, 2, 82, 100
3, 43799, Note_on_c, 2, 81, 0
3, 43830, Note_on_c, 2, 81, 100
3, 43831, Note_on_c, 2, 82, 0
3, 43856, Note_on_c, 2, 79, 100
3, 43859, Note_on_c, 2, 79, 100
3, 43861, Note_on_c, 2, 81, 0
3, 43882, Note_on_c, 2, 79, 0
3, 43883, Note_on_c, 2, 77, 100
3, 43886, Note_on_c, 2, 77, 100
3, 43890, Note_on_c, 2, 74, 0
3, 43890, Note_on_c, 2, 79, 0
3, 43909, Note_on_c, 2, 77, 0
3, 43911, Note_on_c, 2, 74, 100
3, 43918, Note_on_c, 2, 77, 0
3, 43919, Note_on_c, 2, 89, 0
3, 43919, Note_on_c, 2, 79, 100
3, 43920, Note_on_c, 2, 88, 100
3, 43946, Note_on_c, 2, 74, 0
3, 43946, Note_on_c, 2, 73, 100
3, 43975, Note_on_c, 2, 73, 0
3, 43975, Note_on_c, 2, 71, 100
3, 44004, Note_on_c, 2, 73, 100
3, 44005, Note_on_c, 2, 71, 0
3, 44008, Note_on_c, 2, 82, 100
3, 44011, Note_on_c, 2, 79, 0
3, 44020, Note_on_c, 2, 82, 0
3, 44034, Note_on_c, 2, 73, 0
3, 44035, Note_on_c, 2, 74, 100
3, 44039, Note_on_c, 2, 82, 100
3, 44053, Note_on_c, 2, 81, 100
3, 44054, Note_on_c, 2, 82, 0
3, 44065, Note_on_c, 2, 73, 100
3, 44066, Note_on_c, 2, 81, 0
3, 44068, Note_on_c, 2, 74, 0
3, 44068, Note_on_c, 2, 82, 100
3, 44076, Note_on_c, 2, 81, 100
3, 44077, Note_on_c, 2, 82, 0
3, 44083, Note_on_c, 2, 81, 0
3, 44083, Note_on_c, 2, 82, 100
3, 44089, Note_on_c, 2, 81, 100
3, 44093, Note_on_c, 2, 82, 0
3, 44093, Note_on_c, 2, 71, 100
3, 44094, Note_on_c, 2, 73, 0
3, 44120, Note_on_c, 2, 69, 100
3, 44121, Note_on_c, 2, 79, 100
3, 44122, Note_on_c, 2, 81, 0
3, 44125, Note_on_c, 2, 71, 0
3, 44145, Note_on_c, 2, 69, 0
3, 44149, Note_on_c, 2, 74, 100
3, 44152, Note_on_c, 2, 77, 100
3, 44154, Note_on_c, 2, 79, 0
3, 44155, Note_on_c, 2, 88, 0
3, 44185, Note_on_c, 2, 86, 100
3, 44214, Note_on_c, 2, 85, 100
3, 44215, Note_on_c, 2, 86, 0
3, 44227, Note_on_c, 2, 77, 0
3, 44239, Note_on_c, 2, 72, 100
3, 44242, Note_on_c, 2, 74, 0
3, 44243, Note_on_c, 2, 86, 100
3, 44244, Note_on_c, 2, 79, 100
3, 44245, Note_on_c, 2, 85, 0
3, 44252, Note_on_c, 2, 72, 0
3, 44261, Note_on_c, 2, 79, 0
3, 44268, Note_on_c, 2, 86, 0
3, 44273, Note_on_c, 2, 72, 100
3, 44276, Note_on_c, 2, 81, 100
3, 44276, Note_on_c, 2, 88, 100
3, 44284, Note_on_c, 2, 72, 0
3, 44285, Note_on_c, 2, 70, 100
3, 44294, Note_on_c, 2, 70, 0
3, 44295, Note_on_c, 2, 72, 100
3, 44302, Note_on_c, 2, 70, 100
3, 44304, Note_on_c, 2, 72, 0
3, 44307, Note_on_c, 2, 86, 100
3, 44309, Note_on_c, 2, 88, 0
3, 44309, Note_on_c, 2, 70, 0
3, 44310, Note_on_c, 2, 72, 100
3, 44317, Note_on_c, 2, 70, 100
3, 44321, Note_on_c, 2, 70, 0
3, 44328, Note_on_c, 2, 70, 100
3, 44330, Note_on_c, 2, 72, 0
3, 44337, Note_on_c, 2, 72, 100
3, 44338, Note_on_c, 2, 86, 0
3, 44338, Note_on_c, 2, 85, 100
3, 44341, Note_on_c, 2, 72, 0
3, 44364, Note_on_c, 2, 70, 0
3, 44364, Note_on_c, 2, 69, 100
3, 44365, Note_on_c, 2, 86, 100
3, 44366, Note_on_c, 2, 85, 0
3, 44377, Note_on_c, 2, 86, 0
3, 44380, Note_on_c, 2, 70, 100
3, 44381, Note_on_c, 2, 69, 0
3, 44394, Note_on_c, 2, 70, 0
3, 44396, Note_on_c, 2, 85, 100
3, 44396, Note_on_c, 2, 69, 100
3, 44425, Note_on_c, 2, 69, 0
3, 44425, Note_on_c, 2, 70, 100
3, 44451, Note_on_c, 2, 70, 0
3, 44451, Note_on_c, 2, 67, 100
3, 44460, Note_on_c, 2, 81, 0
3, 44479, Note_on_c, 2, 69, 100
3, 44484, Note_on_c, 2, 67, 0
3, 44489, Note_on_c, 2, 85, 0
3, 44489, Note_on_c, 2, 81, 100
3, 44505, Note_on_c, 2, 81, 0
3, 44510, Note_on_c, 2, 69, 0
3, 44510, Note_on_c, 2, 70, 100
3, 44522, Note_on_c, 2, 86, 100
3, 44522, Note_on_c, 2, 77, 100
3, 44548, Note_on_c, 2, 69, 100
3, 44549, Note_on_c, 2, 70, 0
3, 44578, Note_on_c, 2, 67, 100
3, 44582, Note_on_c, 2, 69, 0
3, 44584, Note_on_c, 2, 77, 0
3, 44607, Note_on_c, 2, 65, 100
3, 44608, Note_on_c, 2, 67, 0
3, 44612, Note_on_c, 2, 74, 100
3, 44626, Note_on_c, 2, 74, 0
3, 44637, Note_on_c, 2, 65, 0
3, 44640, Note_on_c, 2, 67, 100
3, 44649, Note_on_c, 2, 76, 100
3, 44676, Note_on_c, 2, 69, 100
3, 44680, Note_on_c, 2, 67, 0
3, 44708, Note_on_c, 2, 65, 100
3, 44710, Note_on_c, 2, 69, 0
3, 44733, Note_on_c, 2, 88, 100
3, 44736, Note_on_c, 2, 65, 0
3, 44736, Note_on_c, 2, 67, 100
3, 44737, Note_on_c, 2, 86, 0
3, 44745, Note_on_c, 2, 88, 0
3, 44763, Note_on_c, 2, 69, 100
3, 44766, Note_on_c, 2, 67, 0
3, 44768, Note_on_c, 2, 84, 100
3, 44793, Note_on_c, 2, 67, 100
3, 44797, Note_on_c, 2, 69, 0
3, 44822, Note_on_c, 2, 66, 100
3, 44826, Note_on_c, 2, 67, 0
3, 44843, Note_on_c, 2, 76, 0
3, 44844, Note_on_c, 2, 81, 100
3, 44852, Note_on_c, 2, 66, 0
3, 44852, Note_on_c, 2, 64, 100
3, 44859, Note_on_c, 2, 81, 0
3, 44875, Note_on_c, 2, 74, 100
3, 44879, Note_on_c, 2, 66, 100
3, 44881, Note_on_c, 2, 64, 0
3, 44907, Note_on_c, 2, 74, 0
3, 44907, Note_on_c, 2, 75, 100
3, 44936, Note_on_c, 2, 75, 0
3, 44936, Note_on_c, 2, 72, 100
3, 44960, Note_on_c, 2, 66, 0
3, 44961, Note_on_c, 2, 62, 100
3, 44964, Note_on_c, 2, 72, 0
3, 44964, Note_on_c, 2, 74, 100
3, 44988, Note_on_c, 2, 62, 0
3, 44991, Note_on_c, 2, 67, 100
3, 44993, Note_on_c, 2, 84, 0
3, 44994, Note_on_c, 2, 75, 100
3, 44995, Note_on_c, 2, 82, 100
3, 44997, Note_on_c, 2, 74, 0
3, 45000, Note_on_c, 2, 75, 0
3, 45021, Note_on_c, 2, 74, 100
3, 45050, Note_on_c, 2, 72, 100
3, 45052, Note_on_c, 2, 74, 0
3, 45072, Note_on_c, 2, 82, 0
3, 45079, Note_on_c, 2, 70, 100
3, 45081, Note_on_c, 2, 72, 0
3, 45082, Note_on_c, 2, 87, 100
3, 45093, Note_on_c, 2, 87, 0
3, 45109, Note_on_c, 2, 72, 100
3, 45111, Note_on_c, 2, 70, 0
3, 45113, Note_on_c, 2, 81, 100
3, 45128, Note_on_c, 2, 72, 0
3, 45140, Note_on_c, 2, 75, 100
3, 45144, Note_on_c, 2, 84, 100
3, 45145, Note_on_c, 2, 81, 0
3, 45170, Note_on_c, 2, 74, 100
3, 45172, Note_on_c, 2, 75, 0
3, 45172, Note_on_c, 2, 84, 0
3, 45173, Note_on_c, 2, 82, 100
3, 45195, Note_on_c, 2, 82, 0
3, 45196, Note_on_c, 2, 75, 100
3, 45198, Note_on_c, 2, 67, 0
3, 45198, Note_on_c, 2, 74, 0
3, 45202, Note_on_c, 2, 84, 100
3, 45215, Note_on_c, 2, 75, 0
3, 45227, Note_on_c, 2, 69, 100
3, 45228, Note_on_c, 2, 66, 100
3, 45231, Note_on_c, 2, 84, 0
3, 45233, Note_on_c, 2, 86, 100
3, 45248, Note_on_c, 2, 69, 0
3, 45263, Note_on_c, 2, 84, 100
3, 45264, Note_on_c, 2, 86, 0
3, 45291, Note_on_c, 2, 74, 100
3, 45294, Note_on_c, 2, 84, 0
3, 45294, Note_on_c, 2, 82, 100
3, 45313, Note_on_c, 2, 66, 0
3, 45323, Note_on_c, 2, 82, 0
3, 45324, Note_on_c, 2, 81, 100
3, 45348, Note_on_c, 2, 67, 100
3, 45353, Note_on_c, 2, 82, 100
3, 45358, Note_on_c, 2, 81, 0
3, 45370, Note_on_c, 2, 82, 0
3, 45379, Note_on_c, 2, 74, 0
3, 45387, Note_on_c, 2, 89, 100
3, 45388, Note_on_c, 2, 81, 100
3, 45416, Note_on_c, 2, 89, 0
3, 45417, Note_on_c, 2, 79, 100
3, 45417, Note_on_c, 2, 88, 100
3, 45418, Note_on_c, 2, 81, 0
3, 45445, Note_on_c, 2, 81, 100
3, 45446, Note_on_c, 2, 79, 0
3, 45446, Note_on_c, 2, 88, 0
3, 45447, Note_on_c, 2, 89, 100
3, 45477, Note_on_c, 2, 81, 0
3, 45477, Note_on_c, 2, 89, 0
3, 45478, Note_on_c, 2, 91, 100
3, 45479, Note_on_c, 2, 82, 100
3, 45510, Note_on_c, 2, 91, 0
3, 45510, Note_on_c, 2, 81, 100
3, 45511, Note_on_c, 2, 82, 0
3, 45511, Note_on_c, 2, 89, 100
3, 45526, Note_on_c, 2, 81, 0
3, 45536, Note_on_c, 2, 79, 100
3, 45540, Note_on_c, 2, 88, 100
3, 45541, Note_on_c, 2, 89, 0
3, 45549, Note_on_c, 2, 79, 0
3, 45566, Note_on_c, 2, 77, 100
3, 45568, Note_on_c, 2, 88, 0
3, 45569, Note_on_c, 2, 86, 100
3, 45577, Note_on_c, 2, 77, 0
3, 45583, Note_on_c, 2, 86, 0
3, 45597, Note_on_c, 2, 67, 0
3, 45598, Note_on_c, 2, 76, 100
3, 45599, Note_on_c, 2, 85, 100
3, 45625, Note_on_c, 2, 76, 0
3, 45627, Note_on_c, 2, 77, 100
3, 45627, Note_on_c, 2, 74, 100
3, 45656, Note_on_c, 2, 74, 0
3, 45657, Note_on_c, 2, 73, 100
3, 45658, Note_on_c, 2, 77, 0
3, 45659, Note_on_c, 2, 76, 100
3, 45684, Note_on_c, 2, 73, 0
3, 45687, Note_on_c, 2, 74, 100
3, 45688, Note_on_c, 2, 85, 0
3, 45688, Note_on_c, 2, 77, 100
3, 45689, Note_on_c, 2, 76, 0
3, 45709, Note_on_c, 2, 77, 0
3, 45716, Note_on_c, 2, 74, 0
3, 45717, Note_on_c, 2, 76, 100
3, 45718, Note_on_c, 2, 79, 100
3, 45743, Note_on_c, 2, 76, 0
3, 45745, Note_on_c, 2, 74, 100
3, 45745, Note_on_c, 2, 77, 100
3, 45747, Note_on_c, 2, 79, 0
3, 45759, Note_on_c, 2, 77, 0
3, 45772, Note_on_c, 2, 74, 0
3, 45773, Note_on_c, 2, 73, 100
3, 45780, Note_on_c, 2, 76, 100
3, 45803, Note_on_c, 2, 71, 100
3, 45804, Note_on_c, 2, 73, 0
3, 45833, Note_on_c, 2, 71, 0
3, 45833, Note_on_c, 2, 69, 100
3, 45867, Note_on_c, 2, 81, 100
3, 45893, Note_on_c, 2, 81, 0
3, 45894, Note_on_c, 2, 76, 0
3, 45894, Note_on_c, 2, 69, 0
3, 45894, Note_on_c, 2, 65, 100
3, 45897, Note_on_c, 2, 82, 100
3, 45897, Note_on_c, 2, 74, 100
3, 45926, Note_on_c, 2, 82, 0
3, 45926, Note_on_c, 2, 81, 100
3, 45934, Note_on_c, 2, 74, 0
3, 45950, Note_on_c, 2, 81, 0
3, 45952, Note_on_c, 2, 65, 0
3, 45952, Note_on_c, 2, 70, 100
3, 45955, Note_on_c, 2, 79, 100
3, 45986, Note_on_c, 2, 81, 100
3, 46014, Note_on_c, 2, 69, 100
3, 46015, Note_on_c, 2, 81, 0
3, 46016, Note_on_c, 2, 83, 100
3, 46040, Note_on_c, 2, 69, 0
3, 46041, Note_on_c, 2, 67, 100
3, 46047, Note_on_c, 2, 83, 0
3, 46047, Note_on_c, 2, 85, 100
3, 46050, Note_on_c, 2, 67, 0
3, 46055, Note_on_c, 2, 70, 0
3, 46072, Note_on_c, 2, 69, 100
3, 46075, Note_on_c, 2, 85, 0
3, 46077, Note_on_c, 2, 86, 100
3, 46079, Note_on_c, 2, 79, 0
3, 46103, Note_on_c, 2, 70, 100
3, 46106, Note_on_c, 2, 69, 0
3, 46106, Note_on_c, 2, 79, 100
3, 46131, Note_on_c, 2, 70, 0
3, 46133, Note_on_c, 2, 67, 100
3, 46138, Note_on_c, 2, 81, 100
3, 46141, Note_on_c, 2, 79, 0
3, 46164, Note_on_c, 2, 69, 100
3, 46165, Note_on_c, 2, 79, 100
3, 46167, Note_on_c, 2, 67, 0
3, 46168, Note_on_c, 2, 81, 0
3, 46192, Note_on_c, 2, 69, 0
3, 46193, Note_on_c, 2, 72, 100
3, 46195, Note_on_c, 2, 78, 100
3, 46196, Note_on_c, 2, 79, 0
3, 46224, Note_on_c, 2, 70, 100
3, 46226, Note_on_c, 2, 79, 100
3, 46227, Note_on_c, 2, 78, 0
3, 46228, Note_on_c, 2, 72, 0
3, 46254, Note_on_c, 2, 69, 100
3, 46257, Note_on_c, 2, 70, 0
3, 46257, Note_on_c, 2, 79, 0
3, 46257, Note_on_c, 2, 81, 100
3, 46283, Note_on_c, 2, 67, 100
3, 46284, Note_on_c, 2, 69, 0
3, 46286, Note_on_c, 2, 81, 0
3, 46287, Note_on_c, 2, 82, 100
3, 46313, Note_on_c, 2, 66, 100
3, 46315, Note_on_c, 2, 67, 0
3, 46316, Note_on_c, 2, 82, 0
3, 46318, Note_on_c, 2, 84, 100
3, 46339, Note_on_c, 2, 86, 0
3, 46341, Note_on_c, 2, 84, 0
3, 46344, Note_on_c, 2, 74, 100
3, 46362, Note_on_c, 2, 74, 0
3, 46371, Note_on_c, 2, 66, 0
3, 46372, Note_on_c, 2, 82, 100
3, 46372, Note_on_c, 2, 91, 100
3, 46373, Note_on_c, 2, 67, 100
3, 46375, Note_on_c, 2, 75, 100
3, 46401, Note_on_c, 2, 75, 0
3, 46403, Note_on_c, 2, 74, 100
3, 46418, Note_on_c, 2, 91, 0
3, 46419, Note_on_c, 2, 82, 0
3, 46426, Note_on_c, 2, 74, 0
3, 46432, Note_on_c, 2, 69, 100
3, 46432, Note_on_c, 2, 81, 100
3, 46432, Note_on_c, 2, 90, 100
3, 46432, Note_on_c, 2, 72, 100
3, 46434, Note_on_c, 2, 67, 0
3, 46461, Note_on_c, 2, 90, 0
3, 46462, Note_on_c, 2, 72, 0
3, 46463, Note_on_c, 2, 74, 100
3, 46465, Note_on_c, 2, 81, 0
3, 46484, Note_on_c, 2, 74, 0
3, 46490, Note_on_c, 2, 76, 100
3, 46491, Note_on_c, 2, 69, 0
3, 46491, Note_on_c, 2, 84, 100
3, 46491, Note_on_c, 2, 93, 100
3, 46507, Note_on_c, 2, 93, 0
3, 46513, Note_on_c, 2, 84, 0
3, 46518, Note_on_c, 2, 76, 0
3, 46519, Note_on_c, 2, 78, 100
3, 46547, Note_on_c, 2, 78, 0
3, 46549, Note_on_c, 2, 79, 100
3, 46552, Note_on_c, 2, 82, 100
3, 46552, Note_on_c, 2, 86, 100
3, 46575, Note_on_c, 2, 79, 0
3, 46578, Note_on_c, 2, 67, 100
3, 46611, Note_on_c, 2, 76, 100
3, 46612, Note_on_c, 2, 67, 0
3, 46612, Note_on_c, 2, 70, 100
3, 46615, Note_on_c, 2, 86, 0
3, 46615, Note_on_c, 2, 85, 100
3, 46616, Note_on_c, 2, 82, 0
3, 46616, Note_on_c, 2, 79, 100
3, 46642, Note_on_c, 2, 69, 100
3, 46643, Note_on_c, 2, 70, 0
3, 46648, Note_on_c, 2, 76, 0
3, 46653, Note_on_c, 2, 85, 0
3, 46654, Note_on_c, 2, 79, 0
3, 46672, Note_on_c, 2, 67, 100
3, 46674, Note_on_c, 2, 69, 0
3, 46702, Note_on_c, 2, 69, 100
3, 46704, Note_on_c, 2, 67, 0
3, 46732, Note_on_c, 2, 71, 100
3, 46733, Note_on_c, 2, 69, 0
3, 46740, Note_on_c, 2, 88, 100
3, 46740, Note_on_c, 2, 79, 100
3, 46740, Note_on_c, 2, 81, 100
3, 46761, Note_on_c, 2, 71, 0
3, 46761, Note_on_c, 2, 88, 0
3, 46761, Note_on_c, 2, 81, 0
3, 46762, Note_on_c, 2, 79, 0
3, 46763, Note_on_c, 2, 73, 100
3, 46778, Note_on_c, 2, 73, 0
3, 46800, Note_on_c, 2, 74, 100
3, 46803, Note_on_c, 2, 81, 100
3, 46804, Note_on_c, 2, 79, 100
3, 46804, Note_on_c, 2, 88, 100
3, 46832, Note_on_c, 2, 74, 0
3, 46832, Note_on_c, 2, 57, 100
3, 46856, Note_on_c, 2, 57, 0
3, 46859, Note_on_c, 2, 62, 100
3, 46862, Note_on_c, 2, 86, 100
3, 46862, Note_on_c, 2, 77, 100
3, 46863, Note_on_c, 2, 88, 0
3, 46864, Note_on_c, 2, 79, 0
3, 46890, Note_on_c, 2, 62, 0
3, 46890, Note_on_c, 2, 65, 100
3, 46892, Note_on_c, 2, 86, 0
3, 46894, Note_on_c, 2, 81, 0
3, 46894, Note_on_c, 2, 77, 0
3, 46921, Note_on_c, 2, 69, 100
3, 46922, Note_on_c, 2, 65, 0
3, 46943, Note_on_c, 2, 69, 0
3, 46951, Note_on_c, 2, 62, 100
3, 46977, Note_on_c, 2, 81, 100
3, 46977, Note_on_c, 2, 93, 100
3, 46977, Note_on_c, 2, 86, 100
3, 46979, Note_on_c, 2, 65, 100
3, 46981, Note_on_c, 2, 62, 0
3, 46995, Note_on_c, 2, 93, 0
3, 46996, Note_on_c, 2, 86, 0
3, 46997, Note_on_c, 2, 81, 0
3, 47005, Note_on_c, 2, 69, 100
3, 47006, Note_on_c, 2, 65, 0
3, 47032, Note_on_c, 2, 69, 0
3, 47035, Note_on_c, 2, 70, 100
3, 47039, Note_on_c, 2, 86, 100
3, 47040, Note_on_c, 2, 93, 100
3, 47040, Note_on_c, 2, 89, 100
3, 47066, Note_on_c, 2, 67, 100
3, 47067, Note_on_c, 2, 70, 0
3, 47093, Note_on_c, 2, 93, 0
3, 47094, Note_on_c, 2, 89, 0
3, 47098, Note_on_c, 2, 91, 100
3, 47098, Note_on_c, 2, 64, 100
3, 47099, Note_on_c, 2, 88, 100
3, 47102, Note_on_c, 2, 67, 0
3, 47124, Note_on_c, 2, 88, 0
3, 47125, Note_on_c, 2, 91, 0
3, 47126, Note_on_c, 2, 67, 100
3, 47127, Note_on_c, 2, 64, 0
3, 47130, Note_on_c, 2, 86, 0
3, 47157, Note_on_c, 2, 61, 100
3, 47160, Note_on_c, 2, 67, 0
3, 47188, Note_on_c, 2, 61, 0
3, 47188, Note_on_c, 2, 70, 100
3, 47215, Note_on_c, 2, 69, 100
3, 47217, Note_on_c, 2, 70, 0
3, 47218, Note_on_c, 2, 81, 100
3, 47219, Note_on_c, 2, 88, 100
3, 47219, Note_on_c, 2, 85, 100
3, 47219, Note_on_c, 2, 91, 100
3, 47233, Note_on_c, 2, 85, 0
3, 47234, Note_on_c, 2, 81, 0
3, 47234, Note_on_c, 2, 91, 0
3, 47235, Note_on_c, 2, 88, 0
3, 47244, Note_on_c, 2, 67, 100
3, 47247, Note_on_c, 2, 69, 0
3, 47257, Note_on_c, 2, 67, 0
3, 47275, Note_on_c, 2, 65, 100
3, 47279, Note_on_c, 2, 88, 100
3, 47279, Note_on_c, 2, 91, 100
3, 47279, Note_on_c, 2, 81, 100
3, 47306, Note_on_c, 2, 62, 100
3, 47308, Note_on_c, 2, 65, 0
3, 47321, Note_on_c, 2, 91, 0
3, 47326, Note_on_c, 2, 88, 0
3, 47335, Note_on_c, 2, 65, 100
3, 47336, Note_on_c, 2, 62, 0
3, 47338, Note_on_c, 2, 86, 100
3, 47339, Note_on_c, 2, 89, 100
3, 47354, Note_on_c, 2, 89, 0
3, 47355, Note_on_c, 2, 86, 0
3, 47362, Note_on_c, 2, 69, 100
3, 47363, Note_on_c, 2, 65, 0
3, 47368, Note_on_c, 2, 84, 100
3, 47369, Note_on_c, 2, 88, 100
3, 47370, Note_on_c, 2, 69, 0
3, 47377, Note_on_c, 2, 84, 0
3, 47383, Note_on_c, 2, 88, 0
3, 47392, Note_on_c, 2, 81, 0
3, 47396, Note_on_c, 2, 74, 100
3, 47400, Note_on_c, 2, 86, 100
3, 47401, Note_on_c, 2, 89, 100
3, 47430, Note_on_c, 2, 81, 100
3, 47460, Note_on_c, 2, 81, 0
3, 47460, Note_on_c, 2, 82, 100
3, 47485, Note_on_c, 2, 81, 100
3, 47487, Note_on_c, 2, 86, 0
3, 47487, Note_on_c, 2, 84, 100
3, 47488, Note_on_c, 2, 82, 0
3, 47493, Note_on_c, 2, 81, 0
3, 47514, Note_on_c, 2, 84, 0
3, 47516, Note_on_c, 2, 82, 100
3, 47517, Note_on_c, 2, 88, 100
3, 47518, Note_on_c, 2, 79, 100
3, 47520, Note_on_c, 2, 89, 0
3, 47544, Note_on_c, 2, 81, 100
3, 47545, Note_on_c, 2, 82, 0
3, 47545, Note_on_c, 2, 79, 0
3, 47546, Note_on_c, 2, 84, 100
3, 47572, Note_on_c, 2, 81, 0
3, 47574, Note_on_c, 2, 77, 100
3, 47577, Note_on_c, 2, 81, 100
3, 47578, Note_on_c, 2, 84, 0
3, 47601, Note_on_c, 2, 79, 100
3, 47605, Note_on_c, 2, 82, 100
3, 47606, Note_on_c, 2, 77, 0
3, 47606, Note_on_c, 2, 81, 0
3, 47630, Note_on_c, 2, 79, 0
3, 47631, Note_on_c, 2, 74, 0
3, 47631, Note_on_c, 2, 81, 100
3, 47631, Note_on_c, 2, 72, 100
3, 47634, Note_on_c, 2, 82, 0
3, 47635, Note_on_c, 2, 84, 100
3, 47663, Note_on_c, 2, 79, 100
3, 47663, Note_on_c, 2, 82, 100
3, 47667, Note_on_c, 2, 84, 0
3, 47671, Note_on_c, 2, 81, 0
3, 47690, Note_on_c, 2, 78, 100
3, 47692, Note_on_c, 2, 79, 0
3, 47693, Note_on_c, 2, 81, 100
3, 47694, Note_on_c, 2, 82, 0
3, 47718, Note_on_c, 2, 78, 0
3, 47719, Note_on_c, 2, 76, 100
3, 47724, Note_on_c, 2, 79, 100
3, 47726, Note_on_c, 2, 81, 0
3, 47749, Note_on_c, 2, 88, 0
3, 47750, Note_on_c, 2, 79, 0
3, 47751, Note_on_c, 2, 76, 0
3, 47751, Note_on_c, 2, 78, 100
3, 47752, Note_on_c, 2, 86, 100
3, 47778, Note_on_c, 2, 78, 0
3, 47779, Note_on_c, 2, 74, 100
3, 47781, Note_on_c, 2, 93, 100
3, 47810, Note_on_c, 2, 76, 100
3, 47811, Note_on_c, 2, 74, 0
3, 47812, Note_on_c, 2, 93, 0
3, 47812, Note_on_c, 2, 91, 100
3, 47838, Note_on_c, 2, 78, 100
3, 47840, Note_on_c, 2, 76, 0
3, 47841, Note_on_c, 2, 93, 100
3, 47842, Note_on_c, 2, 91, 0
3, 47865, Note_on_c, 2, 78, 0
3, 47868, Note_on_c, 2, 79, 100
3, 47869, Note_on_c, 2, 72, 0
3, 47872, Note_on_c, 2, 70, 100
3, 47872, Note_on_c, 2, 94, 100
3, 47875, Note_on_c, 2, 93, 0
3, 47897, Note_on_c, 2, 94, 0
3, 47899, Note_on_c, 2, 77, 100
3, 47902, Note_on_c, 2, 79, 0
3, 47902, Note_on_c, 2, 93, 100
3, 47928, Note_on_c, 2, 75, 100
3, 47931, Note_on_c, 2, 77, 0
3, 47932, Note_on_c, 2, 91, 100
3, 47933, Note_on_c, 2, 93, 0
3, 47954, Note_on_c, 2, 75, 0
3, 47957, Note_on_c, 2, 74, 100
3, 47960, Note_on_c, 2, 91, 0
3, 47960, Note_on_c, 2, 89, 100
3, 47966, Note_on_c, 2, 86, 0
3, 47981, Note_on_c, 2, 89, 0
3, 47986, Note_on_c, 2, 72, 100
3, 47987, Note_on_c, 2, 74, 0
3, 47988, Note_on_c, 2, 70, 0
3, 47992, Note_on_c, 2, 88, 100
3, 47993, Note_on_c, 2, 84, 100
3, 47994, Note_on_c, 2, 79, 100
3, 48014, Note_on_c, 2, 72, 0
3, 48017, Note_on_c, 2, 60, 100
3, 48050, Note_on_c, 2, 64, 100
3, 48053, Note_on_c, 2, 60, 0
3, 48077, Note_on_c, 2, 67, 100
3, 48078, Note_on_c, 2, 64, 0
3, 48088, Note_on_c, 2, 88, 0
3, 48089, Note_on_c, 2, 79, 0
3, 48107, Note_on_c, 2, 67, 0
3, 48108, Note_on_c, 2, 72, 100
3, 48114, Note_on_c, 2, 81, 100
3, 48114, Note_on_c, 2, 89, 100
3, 48140, Note_on_c, 2, 65, 100
3, 48142, Note_on_c, 2, 72, 0
3, 48169, Note_on_c, 2, 69, 100
3, 48170, Note_on_c, 2, 65, 0
3, 48198, Note_on_c, 2, 72, 100
3, 48202, Note_on_c, 2, 69, 0
3, 48204, Note_on_c, 2, 81, 0
3, 48229, Note_on_c, 2, 72, 0
3, 48230, Note_on_c, 2, 74, 100
3, 48238, Note_on_c, 2, 82, 100
3, 48238, Note_on_c, 2, 79, 100
3, 48242, Note_on_c, 2, 84, 0
3, 48265, Note_on_c, 2, 70, 100
3, 48266, Note_on_c, 2, 74, 0
3, 48295, Note_on_c, 2, 74, 100
3, 48296, Note_on_c, 2, 70, 0
3, 48296, Note_on_c, 2, 88, 100
3, 48298, Note_on_c, 2, 89, 0
3, 48324, Note_on_c, 2, 70, 100
3, 48326, Note_on_c, 2, 74, 0
3, 48326, Note_on_c, 2, 88, 0
3, 48327, Note_on_c, 2, 86, 100
3, 48337, Note_on_c, 2, 86, 0
3, 48338, Note_on_c, 2, 70, 0
3, 48354, Note_on_c, 2, 64, 100
3, 48360, Note_on_c, 2, 88, 100
3, 48384, Note_on_c, 2, 74, 100
3, 48393, Note_on_c, 2, 64, 0
3, 48414, Note_on_c, 2, 72, 100
3, 48417, Note_on_c, 2, 74, 0
3, 48445, Note_on_c, 2, 72, 0
3, 48445, Note_on_c, 2, 70, 100
3, 48467, Note_on_c, 2, 88, 0
3, 48467, Note_on_c, 2, 89, 100
3, 48468, Note_on_c, 2, 82, 0
3, 48468, Note_on_c, 2, 77, 100
3, 48469, Note_on_c, 2, 79, 0
3, 48469, Note_on_c, 2, 70, 0
3, 48475, Note_on_c, 2, 69, 100
3, 48498, Note_on_c, 2, 86, 100
3, 48499, Note_on_c, 2, 69, 0
3, 48528, Note_on_c, 2, 86, 0
3, 48529, Note_on_c, 2, 65, 100
3, 48529, Note_on_c, 2, 82, 100
3, 48553, Note_on_c, 2, 65, 0
3, 48557, Note_on_c, 2, 84, 100
3, 48558, Note_on_c, 2, 82, 0
3, 48560, Note_on_c, 2, 89, 0
3, 48566, Note_on_c, 2, 77, 0
3, 48584, Note_on_c, 2, 84, 0
3, 48586, Note_on_c, 2, 70, 100
3, 48586, Note_on_c, 2, 86, 100
3, 48619, Note_on_c, 2, 84, 100
3, 48620, Note_on_c, 2, 86, 0
3, 48645, Note_on_c, 2, 77, 100
3, 48650, Note_on_c, 2, 84, 0
3, 48651, Note_on_c, 2, 82, 100
3, 48669, Note_on_c, 2, 77, 0
3, 48682, Note_on_c, 2, 81, 100
3, 48686, Note_on_c, 2, 82, 0
3, 48704, Note_on_c, 2, 81, 0
3, 48709, Note_on_c, 2, 72, 100
3, 48716, Note_on_c, 2, 79, 100
3, 48739, Note_on_c, 2, 76, 100
3, 48741, Note_on_c, 2, 72, 0
3, 48749, Note_on_c, 2, 91, 100
3, 48753, Note_on_c, 2, 76, 0
3, 48773, Note_on_c, 2, 70, 0
3, 48773, Note_on_c, 2, 67, 100
3, 48775, Note_on_c, 2, 72, 100
3, 48779, Note_on_c, 2, 88, 100
3, 48780, Note_on_c, 2, 91, 0
3, 48806, Note_on_c, 2, 74, 100
3, 48808, Note_on_c, 2, 89, 100
3, 48810, Note_on_c, 2, 72, 0
3, 48813, Note_on_c, 2, 88, 0
3, 48825, Note_on_c, 2, 89, 0
3, 48834, Note_on_c, 2, 74, 0
3, 48836, Note_on_c, 2, 76, 100
3, 48839, Note_on_c, 2, 91, 100
3, 48864, Note_on_c, 2, 76, 0
3, 48866, Note_on_c, 2, 74, 100
3, 48870, Note_on_c, 2, 89, 100
3, 48871, Note_on_c, 2, 91, 0
3, 48896, Note_on_c, 2, 74, 0
3, 48896, Note_on_c, 2, 72, 100
3, 48900, Note_on_c, 2, 89, 0
3, 48900, Note_on_c, 2, 88, 100
3, 48927, Note_on_c, 2, 72, 0
3, 48927, Note_on_c, 2, 70, 100
3, 48929, Note_on_c, 2, 88, 0
3, 48929, Note_on_c, 2, 86, 100
3, 48932, Note_on_c, 2, 67, 0
3, 48953, Note_on_c, 2, 86, 0
3, 48955, Note_on_c, 2, 70, 0
3, 48957, Note_on_c, 2, 69, 100
3, 48959, Note_on_c, 2, 84, 100
3, 48985, Note_on_c, 2, 72, 100
3, 48988, Note_on_c, 2, 69, 0
3, 48989, Note_on_c, 2, 81, 100
3, 48993, Note_on_c, 2, 79, 0
3, 49005, Note_on_c, 2, 72, 0
3, 49015, Note_on_c, 2, 69, 100
3, 49019, Note_on_c, 2, 81, 0
3, 49020, Note_on_c, 2, 77, 100
3, 49047, Note_on_c, 2, 70, 100
3, 49048, Note_on_c, 2, 69, 0
3, 49049, Note_on_c, 2, 79, 100
3, 49050, Note_on_c, 2, 77, 0
3, 49077, Note_on_c, 2, 70, 0
3, 49078, Note_on_c, 2, 72, 100
3, 49080, Note_on_c, 2, 81, 100
3, 49082, Note_on_c, 2, 79, 0
3, 49107, Note_on_c, 2, 70, 100
3, 49108, Note_on_c, 2, 72, 0
3, 49109, Note_on_c, 2, 79, 100
3, 49112, Note_on_c, 2, 81, 0
3, 49133, Note_on_c, 2, 70, 0
3, 49135, Note_on_c, 2, 60, 100
3, 49136, Note_on_c, 2, 69, 100
3, 49141, Note_on_c, 2, 79, 0
3, 49142, Note_on_c, 2, 77, 100
3, 49166, Note_on_c, 2, 67, 100
3, 49167, Note_on_c, 2, 69, 0
3, 49169, Note_on_c, 2, 75, 100
3, 49171, Note_on_c, 2, 77, 0
3, 49178, Note_on_c, 2, 60, 0
3, 49183, Note_on_c, 2, 67, 0
3, 49196, Note_on_c, 2, 62, 100
3, 49196, Note_on_c, 2, 65, 100
3, 49199, Note_on_c, 2, 75, 0
3, 49199, Note_on_c, 2, 74, 100
3, 49228, Note_on_c, 2, 84, 0
3, 49230, Note_on_c, 2, 81, 100
3, 49231, Note_on_c, 2, 62, 0
3, 49256, Note_on_c, 2, 58, 100
3, 49259, Note_on_c, 2, 82, 100
3, 49261, Note_on_c, 2, 81, 0
3, 49286, Note_on_c, 2, 74, 0
3, 49286, Note_on_c, 2, 82, 0
3, 49286, Note_on_c, 2, 76, 100
3, 49287, Note_on_c, 2, 86, 100
3, 49305, Note_on_c, 2, 76, 0
3, 49306, Note_on_c, 2, 65, 0
3, 49311, Note_on_c, 2, 58, 0
3, 49317, Note_on_c, 2, 77, 100
3, 49318, Note_on_c, 2, 84, 100
3, 49320, Note_on_c, 2, 86, 0
3, 49333, Note_on_c, 2, 77, 0
3, 49333, Note_on_c, 2, 76, 100
3, 49347, Note_on_c, 2, 76, 0
3, 49348, Note_on_c, 2, 77, 100
3, 49351, Note_on_c, 2, 82, 100
3, 49353, Note_on_c, 2, 84, 0
3, 49359, Note_on_c, 2, 76, 100
3, 49360, Note_on_c, 2, 77, 0
3, 49369, Note_on_c, 2, 76, 0
3, 49370, Note_on_c, 2, 77, 100
3, 49375, Note_on_c, 2, 82, 0
3, 49376, Note_on_c, 2, 81, 100
3, 49378, Note_on_c, 2, 76, 100
3, 49381, Note_on_c, 2, 77, 0
3, 49401, Note_on_c, 2, 74, 100
3, 49403, Note_on_c, 2, 76, 0
3, 49404, Note_on_c, 2, 81, 0
3, 49404, Note_on_c, 2, 79, 100
3, 49417, Note_on_c, 2, 76, 100
3, 49421, Note_on_c, 2, 74, 0
3, 49434, Note_on_c, 2, 79, 0
3, 49435, Note_on_c, 2, 81, 100
3, 49437, Note_on_c, 2, 76, 0
3, 49438, Note_on_c, 2, 77, 100
3, 49449, Note_on_c, 2, 81, 0
3, 49460, Note_on_c, 2, 77, 0
3, 49464, Note_on_c, 2, 69, 100
3, 49469, Note_on_c, 2, 77, 100
3, 49488, Note_on_c, 2, 69, 0
3, 49494, Note_on_c, 2, 77, 0
3, 49494, Note_on_c, 2, 72, 100
3, 49496, Note_on_c, 2, 81, 100
3, 49514, Note_on_c, 2, 72, 0
3, 49521, Note_on_c, 2, 76, 100
3, 49525, Note_on_c, 2, 81, 0
3, 49525, Note_on_c, 2, 84, 100
3, 49542, Note_on_c, 2, 76, 0
3, 49552, Note_on_c, 2, 81, 100
3, 49554, Note_on_c, 2, 84, 0
3, 49556, Note_on_c, 2, 89, 100
3, 49577, Note_on_c, 2, 89, 0
3, 49581, Note_on_c, 2, 81, 0
3, 49583, Note_on_c, 2, 77, 100
3, 49586, Note_on_c, 2, 84, 100
3, 49606, Note_on_c, 2, 77, 0
3, 49613, Note_on_c, 2, 72, 100
3, 49614, Note_on_c, 2, 84, 0
3, 49619, Note_on_c, 2, 89, 100
3, 49639, Note_on_c, 2, 89, 0
3, 49642, Note_on_c, 2, 69, 100
3, 49647, Note_on_c, 2, 91, 100
3, 49663, Note_on_c, 2, 69, 0
3, 49665, Note_on_c, 2, 91, 0
3, 49676, Note_on_c, 2, 65, 100
3, 49678, Note_on_c, 2, 92, 100
3, 49710, Note_on_c, 2, 92, 0
3, 49710, Note_on_c, 2, 89, 100
3, 49738, Note_on_c, 2, 71, 100
3, 49739, Note_on_c, 2, 72, 0
3, 49740, Note_on_c, 2, 86, 100
3, 49743, Note_on_c, 2, 89, 0
3, 49767, Note_on_c, 2, 89, 100
3, 49771, Note_on_c, 2, 86, 0
3, 49775, Note_on_c, 2, 71, 0
3, 49777, Note_on_c, 2, 65, 0
3, 49800, Note_on_c, 2, 89, 0
3, 49801, Note_on_c, 2, 83, 100
3, 49833, Note_on_c, 2, 92, 100
3, 49834, Note_on_c, 2, 83, 0
3, 49857, Note_on_c, 2, 92, 0
3, 49860, Note_on_c, 2, 62, 100
3, 49861, Note_on_c, 2, 67, 100
3, 49861, Note_on_c, 2, 71, 100
3, 49864, Note_on_c, 2, 91, 100
3, 49886, Note_on_c, 2, 71, 0
3, 49888, Note_on_c, 2, 62, 0
3, 49888, Note_on_c, 2, 67, 0
3, 49892, Note_on_c, 2, 89, 100
3, 49897, Note_on_c, 2, 91, 0
3, 49922, Note_on_c, 2, 89, 0
3, 49924, Note_on_c, 2, 72, 100
3, 49924, Note_on_c, 2, 67, 100
3, 49926, Note_on_c, 2, 88, 100
3, 49926, Note_on_c, 2, 60, 100
3, 49957, Note_on_c, 2, 86, 100
3, 49986, Note_on_c, 2, 86, 0
3, 49986, Note_on_c, 2, 84, 100
3, 50015, Note_on_c, 2, 84, 0
3, 50016, Note_on_c, 2, 82, 100
3, 50044, Note_on_c, 2, 88, 0
3, 50044, Note_on_c, 2, 82, 0
3, 50045, Note_on_c, 2, 81, 100
3, 50074, Note_on_c, 2, 84, 100
3, 50102, Note_on_c, 2, 65, 100
3, 50103, Note_on_c, 2, 84, 0
3, 50103, Note_on_c, 2, 89, 100
3, 50106, Note_on_c, 2, 67, 0
3, 50131, Note_on_c, 2, 71, 100
3, 50132, Note_on_c, 2, 81, 0
3, 50132, Note_on_c, 2, 80, 100
3, 50134, Note_on_c, 2, 72, 0
3, 50154, Note_on_c, 2, 80, 0
3, 50161, Note_on_c, 2, 67, 100
3, 50162, Note_on_c, 2, 71, 0
3, 50162, Note_on_c, 2, 72, 100
3, 50163, Note_on_c, 2, 79, 100
3, 50164, Note_on_c, 2, 65, 0
3, 50167, Note_on_c, 2, 89, 0
3, 50193, Note_on_c, 2, 89, 100
3, 50226, Note_on_c, 2, 88, 100
3, 50228, Note_on_c, 2, 89, 0
3, 50256, Note_on_c, 2, 86, 100
3, 50258, Note_on_c, 2, 88, 0
3, 50275, Note_on_c, 2, 86, 0
3, 50287, Note_on_c, 2, 88, 100
3, 50316, Note_on_c, 2, 81, 100
3, 50317, Note_on_c, 2, 79, 0
3, 50338, Note_on_c, 2, 81, 0
3, 50345, Note_on_c, 2, 82, 100
3, 50352, Note_on_c, 2, 88, 0
3, 50380, Note_on_c, 2, 88, 100
3, 50409, Note_on_c, 2, 72, 0
3, 50411, Note_on_c, 2, 67, 0
3, 50411, Note_on_c, 2, 88, 0
3, 50413, Note_on_c, 2, 82, 0
3, 50435, Note_on_c, 2, 65, 100
3, 50435, Note_on_c, 2, 89, 100
3, 50435, Note_on_c, 2, 81, 100
3, 50436, Note_on_c, 2, 72, 100
3, 50881, Note_on_c, 2, 60, 0
3, 50881, Note_on_c, 2, 81, 0
3, 50881, Note_on_c, 2, 72, 0
3, 50882, Note_on_c, 2, 65, 0
3, 50882, Note_on_c, 2, 89, 0
3, 50882, End_track
4, 0, Start_track
4, 0, Title_t, "Man 2"
4, 0, MIDI_port, 0
4, 0, Control_c, 3, 7, 56
4, 0, Control_c, 3, 10, 102
4, 0, Control_c, 3, 91, 100
4, 0, Program_c, 3, 73
4, 30, Note_on_c, 3, 84, 100
4, 60, Note_on_c, 3, 84, 0
4, 60, Note_on_c, 3, 89, 100
4, 88, Note_on_c, 3, 89, 0
4, 88, Note_on_c, 3, 93, 100
4, 120, Note_on_c, 3, 93, 0
4, 120, Note_on_c, 3, 96, 100
4, 153, Note_on_c, 3, 96, 0
4, 153, Note_on_c, 3, 89, 100
4, 183, Note_on_c, 3, 89, 0
4, 183, Note_on_c, 3, 93, 100
4, 211, Note_on_c, 3, 96, 100
4, 214, Note_on_c, 3, 93, 0
4, 234, Note_on_c, 3, 96, 0
4, 244, Note_on_c, 3, 98, 100
4, 273, Note_on_c, 3, 94, 100
4, 275, Note_on_c, 3, 98, 0
4, 303, Note_on_c, 3, 94, 0
4, 303, Note_on_c, 3, 91, 100
4, 334, Note_on_c, 3, 94, 100
4, 335, Note_on_c, 3, 91, 0
4, 364, Note_on_c, 3, 94, 0
4, 364, Note_on_c, 3, 88, 100
4, 394, Note_on_c, 3, 98, 100
4, 395, Note_on_c, 3, 88, 0
4, 423, Note_on_c, 3, 96, 100
4, 424, Note_on_c, 3, 98, 0
4, 453, Note_on_c, 3, 94, 100
4, 454, Note_on_c, 3, 96, 0
4, 482, Note_on_c, 3, 94, 0
4, 482, Note_on_c, 3, 93, 100
4, 515, Note_on_c, 3, 77, 100
4, 517, Note_on_c, 3, 93, 0
4, 545, Note_on_c, 3, 101, 100
4, 545, Note_on_c, 3, 81, 100
4, 546, Note_on_c, 3, 77, 0
4, 574, Note_on_c, 3, 84, 100
4, 576, Note_on_c, 3, 81, 0
4, 605, Note_on_c, 3, 84, 0
4, 605, Note_on_c, 3, 89, 100
4, 632, Note_on_c, 3, 89, 0
4, 634, Note_on_c, 3, 81, 100
4, 664, Note_on_c, 3, 84, 100
4, 665, Note_on_c, 3, 100, 100
4, 668, Note_on_c, 3, 81, 0
4, 670, Note_on_c, 3, 101, 0
4, 691, Note_on_c, 3, 88, 100
4, 692, Note_on_c, 3, 84, 0
4, 695, Note_on_c, 3, 98, 100
4, 697, Note_on_c, 3, 100, 0
4, 723, Note_on_c, 3, 88, 0
4, 724, Note_on_c, 3, 93, 100
4, 725, Note_on_c, 3, 98, 0
4, 725, Note_on_c, 3, 96, 100
4, 754, Note_on_c, 3, 89, 100
4, 755, Note_on_c, 3, 93, 0
4, 759, Note_on_c, 3, 98, 100
4, 760, Note_on_c, 3, 96, 0
4, 783, Note_on_c, 3, 86, 100
4, 784, Note_on_c, 3, 89, 0
4, 785, Note_on_c, 3, 98, 0
4, 787, Note_on_c, 3, 94, 100
4, 807, Note_on_c, 3, 94, 0
4, 810, Note_on_c, 3, 86, 0
4, 811, Note_on_c, 3, 89, 100
4, 813, Note_on_c, 3, 96, 100
4, 842, Note_on_c, 3, 98, 100
4, 843, Note_on_c, 3, 89, 0
4, 843, Note_on_c, 3, 96, 0
4, 843, Note_on_c, 3, 82, 100
4, 872, Note_on_c, 3, 82, 0
4, 872, Note_on_c, 3, 96, 100
4, 873, Note_on_c, 3, 93, 100
4, 875, Note_on_c, 3, 98, 0
4, 902, Note_on_c, 3, 93, 0
4, 903, Note_on_c, 3, 94, 100
4, 904, Note_on_c, 3, 91, 100
4, 905, Note_on_c, 3, 96, 0
4, 930, Note_on_c, 3, 94, 0
4, 932, Note_on_c, 3, 91, 0
4, 932, Note_on_c, 3, 93, 100
4, 933, Note_on_c, 3, 89, 100
4, 962, Note_on_c, 3, 89, 0
4, 963, Note_on_c, 3, 91, 100
4, 963, Note_on_c, 3, 88, 100
4, 964, Note_on_c, 3, 93, 0
4, 993, Note_on_c, 3, 93, 100
4, 994, Note_on_c, 3, 91, 0
4, 994, Note_on_c, 3, 89, 100
4, 995, Note_on_c, 3, 88, 0
4, 1022, Note_on_c, 3, 89, 0
4, 1022, Note_on_c, 3, 86, 100
4, 1023, Note_on_c, 3, 93, 0
4, 1023, Note_on_c, 3, 94, 100
4, 1052, Note_on_c, 3, 86, 0
4, 1052, Note_on_c, 3, 88, 100
4, 1085, Note_on_c, 3, 88, 0
4, 1086, Note_on_c, 3, 89, 100
4, 1110, Note_on_c, 3, 89, 0
4, 1113, Note_on_c, 3, 86, 100
4, 1142, Note_on_c, 3, 93, 100
4, 1143, Note_on_c, 3, 94, 0
4, 1143, Note_on_c, 3, 84, 100
4, 1145, Note_on_c, 3, 86, 0
4, 1172, Note_on_c, 3, 91, 100
4, 1173, Note_on_c, 3, 93, 0
4, 1173, Note_on_c, 3, 82, 100
4, 1175, Note_on_c, 3, 84, 0
4, 1203, Note_on_c, 3, 91, 0
4, 1204, Note_on_c, 3, 82, 0
4, 1204, Note_on_c, 3, 89, 100
4, 1204, Note_on_c, 3, 81, 100
4, 1231, Note_on_c, 3, 81, 0
4, 1233, Note_on_c, 3, 91, 100
4, 1234, Note_on_c, 3, 89, 0
4, 1234, Note_on_c, 3, 82, 100
4, 1261, Note_on_c, 3, 82, 0
4, 1261, Note_on_c, 3, 79, 100
4, 1262, Note_on_c, 3, 91, 0
4, 1263, Note_on_c, 3, 88, 100
4, 1280, Note_on_c, 3, 88, 0
4, 1290, Note_on_c, 3, 89, 100
4, 1291, Note_on_c, 3, 79, 0
4, 1291, Note_on_c, 3, 81, 100
4, 1306, Note_on_c, 3, 89, 0
4, 1321, Note_on_c, 3, 91, 100
4, 1322, Note_on_c, 3, 82, 100
4, 1323, Note_on_c, 3, 81, 0
4, 1352, Note_on_c, 3, 89, 100
4, 1353, Note_on_c, 3, 91, 0
4, 1378, Note_on_c, 3, 89, 0
4, 1379, Note_on_c, 3, 88, 100
4, 1410, Note_on_c, 3, 86, 100
4, 1415, Note_on_c, 3, 88, 0
4, 1422, Note_on_c, 3, 86, 0
4, 1439, Note_on_c, 3, 84, 100
4, 1441, Note_on_c, 3, 84, 100
4, 1449, Note_on_c, 3, 82, 0
4, 1474, Note_on_c, 3, 89, 100
4, 1479, Note_on_c, 3, 84, 0
4, 1503, Note_on_c, 3, 81, 100
4, 1503, Note_on_c, 3, 93, 100
4, 1504, Note_on_c, 3, 89, 0
4, 1531, Note_on_c, 3, 93, 0
4, 1531, Note_on_c, 3, 96, 100
4, 1531, Note_on_c, 3, 79, 100
4, 1533, Note_on_c, 3, 81, 0
4, 1560, Note_on_c, 3, 96, 0
4, 1562, Note_on_c, 3, 79, 0
4, 1562, Note_on_c, 3, 81, 100
4, 1562, Note_on_c, 3, 101, 100
4, 1578, Note_on_c, 3, 84, 0
4, 1580, Note_on_c, 3, 81, 0
4, 1591, Note_on_c, 3, 93, 100
4, 1592, Note_on_c, 3, 101, 0
4, 1619, Note_on_c, 3, 81, 100
4, 1620, Note_on_c, 3, 77, 100
4, 1622, Note_on_c, 3, 93, 0
4, 1622, Note_on_c, 3, 96, 100
4, 1643, Note_on_c, 3, 81, 0
4, 1646, Note_on_c, 3, 77, 0
4, 1648, Note_on_c, 3, 96, 0
4, 1650, Note_on_c, 3, 101, 100
4, 1680, Note_on_c, 3, 77, 100
4, 1681, Note_on_c, 3, 105, 100
4, 1681, Note_on_c, 3, 72, 100
4, 1682, Note_on_c, 3, 101, 0
4, 1711, Note_on_c, 3, 77, 0
4, 1712, Note_on_c, 3, 101, 100
4, 1713, Note_on_c, 3, 105, 0
4, 1716, Note_on_c, 3, 72, 0
4, 1742, Note_on_c, 3, 98, 100
4, 1743, Note_on_c, 3, 101, 0
4, 1743, Note_on_c, 3, 81, 100
4, 1743, Note_on_c, 3, 77, 100
4, 1770, Note_on_c, 3, 101, 100
4, 1774, Note_on_c, 3, 98, 0
4, 1785, Note_on_c, 3, 81, 0
4, 1802, Note_on_c, 3, 86, 100
4, 1802, Note_on_c, 3, 94, 100
4, 1805, Note_on_c, 3, 101, 0
4, 1830, Note_on_c, 3, 84, 100
4, 1832, Note_on_c, 3, 94, 0
4, 1832, Note_on_c, 3, 105, 100
4, 1835, Note_on_c, 3, 86, 0
4, 1859, Note_on_c, 3, 82, 100
4, 1862, Note_on_c, 3, 84, 0
4, 1862, Note_on_c, 3, 103, 100
4, 1863, Note_on_c, 3, 105, 0
4, 1888, Note_on_c, 3, 82, 0
4, 1889, Note_on_c, 3, 81, 100
4, 1891, Note_on_c, 3, 101, 100
4, 1892, Note_on_c, 3, 103, 0
4, 1907, Note_on_c, 3, 81, 0
4, 1920, Note_on_c, 3, 82, 100
4, 1921, Note_on_c, 3, 101, 0
4, 1922, Note_on_c, 3, 100, 100
4, 1949, Note_on_c, 3, 84, 100
4, 1950, Note_on_c, 3, 82, 0
4, 1951, Note_on_c, 3, 100, 0
4, 1964, Note_on_c, 3, 84, 0
4, 1980, Note_on_c, 3, 86, 100
4, 1987, Note_on_c, 3, 77, 0
4, 1987, Note_on_c, 3, 106, 100
4, 2008, Note_on_c, 3, 77, 100
4, 2020, Note_on_c, 3, 77, 0
4, 2038, Note_on_c, 3, 76, 100
4, 2044, Note_on_c, 3, 86, 0
4, 2069, Note_on_c, 3, 86, 100
4, 2098, Note_on_c, 3, 106, 0
4, 2099, Note_on_c, 3, 84, 100
4, 2100, Note_on_c, 3, 105, 100
4, 2104, Note_on_c, 3, 86, 0
4, 2129, Note_on_c, 3, 82, 100
4, 2130, Note_on_c, 3, 84, 0
4, 2130, Note_on_c, 3, 105, 0
4, 2130, Note_on_c, 3, 103, 100
4, 2140, Note_on_c, 3, 82, 0
4, 2157, Note_on_c, 3, 76, 0
4, 2159, Note_on_c, 3, 81, 100
4, 2159, Note_on_c, 3, 77, 100
4, 2161, Note_on_c, 3, 103, 0
4, 2161, Note_on_c, 3, 101, 100
4, 2190, Note_on_c, 3, 103, 100
4, 2191, Note_on_c, 3, 101, 0
4, 2192, Note_on_c, 3, 81, 0
4, 2194, Note_on_c, 3, 77, 0
4, 2218, Note_on_c, 3, 84, 100
4, 2219, Note_on_c, 3, 81, 100
4, 2220, Note_on_c, 3, 103, 0
4, 2220, Note_on_c, 3, 100, 100
4, 2250, Note_on_c, 3, 101, 100
4, 2254, Note_on_c, 3, 100, 0
4, 2262, Note_on_c, 3, 84, 0
4, 2264, Note_on_c, 3, 101, 0
4, 2268, Note_on_c, 3, 81, 0
4, 2277, Note_on_c, 3, 82, 100
4, 2278, Note_on_c, 3, 86, 100
4, 2281, Note_on_c, 3, 103, 100
4, 2312, Note_on_c, 3, 101, 100
4, 2314, Note_on_c, 3, 103, 0
4, 2317, Note_on_c, 3, 86, 0
4, 2320, Note_on_c, 3, 82, 0
4, 2338, Note_on_c, 3, 79, 100
4, 2338, Note_on_c, 3, 82, 100
4, 2342, Note_on_c, 3, 101, 0
4, 2342, Note_on_c, 3, 100, 100
4, 2367, Note_on_c, 3, 82, 0
4, 2372, Note_on_c, 3, 98, 100
4, 2373, Note_on_c, 3, 79, 0
4, 2373, Note_on_c, 3, 100, 0
4, 2396, Note_on_c, 3, 81, 100
4, 2397, Note_on_c, 3, 84, 100
4, 2400, Note_on_c, 3, 98, 0
4, 2405, Note_on_c, 3, 96, 100
4, 2428, Note_on_c, 3, 84, 0
4, 2430, Note_on_c, 3, 82, 100
4, 2431, Note_on_c, 3, 81, 0
4, 2434, Note_on_c, 3, 96, 0
4, 2434, Note_on_c, 3, 98, 100
4, 2443, Note_on_c, 3, 82, 0
4, 2463, Note_on_c, 3, 84, 100
4, 2464, Note_on_c, 3, 98, 0
4, 2464, Note_on_c, 3, 99, 100
4, 2495, Note_on_c, 3, 94, 100
4, 2525, Note_on_c, 3, 94, 0
4, 2525, Note_on_c, 3, 77, 100
4, 2526, Note_on_c, 3, 93, 100
4, 2542, Note_on_c, 3, 84, 0
4, 2554, Note_on_c, 3, 93, 0
4, 2557, Note_on_c, 3, 91, 100
4, 2572, Note_on_c, 3, 99, 0
4, 2577, Note_on_c, 3, 91, 0
4, 2584, Note_on_c, 3, 89, 100
4, 2585, Note_on_c, 3, 98, 100
4, 2585, Note_on_c, 3, 89, 100
4, 2598, Note_on_c, 3, 89, 0
4, 2612, Note_on_c, 3, 89, 0
4, 2613, Note_on_c, 3, 87, 100
4, 2614, Note_on_c, 3, 96, 100
4, 2617, Note_on_c, 3, 98, 0
4, 2642, Note_on_c, 3, 87, 0
4, 2643, Note_on_c, 3, 86, 100
4, 2644, Note_on_c, 3, 96, 0
4, 2644, Note_on_c, 3, 94, 100
4, 2645, Note_on_c, 3, 86, 100
4, 2670, Note_on_c, 3, 87, 100
4, 2671, Note_on_c, 3, 86, 0
4, 2671, Note_on_c, 3, 94, 0
4, 2672, Note_on_c, 3, 96, 100
4, 2673, Note_on_c, 3, 87, 100
4, 2674, Note_on_c, 3, 86, 0
4, 2687, Note_on_c, 3, 87, 0
4, 2698, Note_on_c, 3, 84, 100
4, 2701, Note_on_c, 3, 96, 0
4, 2702, Note_on_c, 3, 87, 0
4, 2702, Note_on_c, 3, 84, 100
4, 2703, Note_on_c, 3, 93, 100
4, 2727, Note_on_c, 3, 86, 100
4, 2729, Note_on_c, 3, 84, 0
4, 2731, Note_on_c, 3, 93, 0
4, 2731, Note_on_c, 3, 94, 100
4, 2732, Note_on_c, 3, 84, 0
4, 2732, Note_on_c, 3, 86, 100
4, 2757, Note_on_c, 3, 87, 100
4, 2761, Note_on_c, 3, 86, 0
4, 2762, Note_on_c, 3, 94, 0
4, 2763, Note_on_c, 3, 86, 0
4, 2763, Note_on_c, 3, 87, 100
4, 2763, Note_on_c, 3, 96, 100
4, 2770, Note_on_c, 3, 77, 0
4, 2791, Note_on_c, 3, 94, 100
4, 2792, Note_on_c, 3, 96, 0
4, 2819, Note_on_c, 3, 79, 100
4, 2821, Note_on_c, 3, 93, 100
4, 2822, Note_on_c, 3, 94, 0
4, 2850, Note_on_c, 3, 91, 100
4, 2851, Note_on_c, 3, 93, 0
4, 2854, Note_on_c, 3, 79, 0
4, 2875, Note_on_c, 3, 81, 100
4, 2876, Note_on_c, 3, 87, 0
4, 2879, Note_on_c, 3, 91, 0
4, 2880, Note_on_c, 3, 89, 100
4, 2888, Note_on_c, 3, 87, 0
4, 2911, Note_on_c, 3, 87, 100
4, 2941, Note_on_c, 3, 86, 100
4, 2942, Note_on_c, 3, 87, 0
4, 2969, Note_on_c, 3, 84, 100
4, 2972, Note_on_c, 3, 86, 0
4, 3002, Note_on_c, 3, 81, 0
4, 3003, Note_on_c, 3, 84, 0
4, 3003, Note_on_c, 3, 86, 100
4, 3023, Note_on_c, 3, 81, 100
4, 3035, Note_on_c, 3, 81, 0
4, 3058, Note_on_c, 3, 82, 100
4, 3062, Note_on_c, 3, 86, 0
4, 3085, Note_on_c, 3, 86, 100
4, 3096, Note_on_c, 3, 86, 0
4, 3117, Note_on_c, 3, 84, 100
4, 3127, Note_on_c, 3, 82, 0
4, 3145, Note_on_c, 3, 82, 100
4, 3175, Note_on_c, 3, 81, 100
4, 3176, Note_on_c, 3, 82, 0
4, 3203, Note_on_c, 3, 81, 0
4, 3203, Note_on_c, 3, 79, 100
4, 3230, Note_on_c, 3, 79, 0
4, 3233, Note_on_c, 3, 77, 100
4, 3258, Note_on_c, 3, 77, 0
4, 3260, Note_on_c, 3, 79, 100
4, 3275, Note_on_c, 3, 79, 0
4, 3292, Note_on_c, 3, 81, 100
4, 3299, Note_on_c, 3, 86, 100
4, 3301, Note_on_c, 3, 84, 0
4, 3327, Note_on_c, 3, 94, 100
4, 3328, Note_on_c, 3, 89, 0
4, 3360, Note_on_c, 3, 86, 0
4, 3360, Note_on_c, 3, 79, 100
4, 3361, Note_on_c, 3, 88, 100
4, 3363, Note_on_c, 3, 81, 0
4, 3367, Note_on_c, 3, 94, 0
4, 3388, Note_on_c, 3, 72, 100
4, 3390, Note_on_c, 3, 79, 0
4, 3390, Note_on_c, 3, 94, 100
4, 3417, Note_on_c, 3, 76, 100
4, 3419, Note_on_c, 3, 88, 0
4, 3419, Note_on_c, 3, 72, 0
4, 3419, Note_on_c, 3, 91, 100
4, 3420, Note_on_c, 3, 94, 0
4, 3444, Note_on_c, 3, 79, 100
4, 3445, Note_on_c, 3, 76, 0
4, 3449, Note_on_c, 3, 94, 100
4, 3473, Note_on_c, 3, 79, 0
4, 3475, Note_on_c, 3, 84, 100
4, 3480, Note_on_c, 3, 94, 0
4, 3482, Note_on_c, 3, 93, 100
4, 3505, Note_on_c, 3, 84, 0
4, 3505, Note_on_c, 3, 77, 100
4, 3533, Note_on_c, 3, 81, 100
4, 3536, Note_on_c, 3, 77, 0
4, 3540, Note_on_c, 3, 89, 100
4, 3541, Note_on_c, 3, 91, 0
4, 3564, Note_on_c, 3, 81, 0
4, 3564, Note_on_c, 3, 84, 100
4, 3570, Note_on_c, 3, 89, 0
4, 3571, Note_on_c, 3, 88, 100
4, 3595, Note_on_c, 3, 84, 0
4, 3595, Note_on_c, 3, 86, 100
4, 3604, Note_on_c, 3, 88, 0
4, 3604, Note_on_c, 3, 89, 100
4, 3627, Note_on_c, 3, 83, 100
4, 3629, Note_on_c, 3, 86, 0
4, 3653, Note_on_c, 3, 93, 0
4, 3656, Note_on_c, 3, 79, 100
4, 3659, Note_on_c, 3, 83, 0
4, 3662, Note_on_c, 3, 98, 100
4, 3685, Note_on_c, 3, 79, 0
4, 3685, Note_on_c, 3, 83, 100
4, 3714, Note_on_c, 3, 76, 100
4, 3716, Note_on_c, 3, 83, 0
4, 3722, Note_on_c, 3, 91, 100
4, 3723, Note_on_c, 3, 98, 0
4, 3746, Note_on_c, 3, 76, 0
4, 3747, Note_on_c, 3, 86, 100
4, 3776, Note_on_c, 3, 86, 0
4, 3777, Note_on_c, 3, 84, 100
4, 3780, Note_on_c, 3, 91, 0
4, 3781, Note_on_c, 3, 96, 100
4, 3782, Note_on_c, 3, 88, 100
4, 3783, Note_on_c, 3, 89, 0
4, 3805, Note_on_c, 3, 82, 100
4, 3806, Note_on_c, 3, 84, 0
4, 3837, Note_on_c, 3, 82, 0
4, 3839, Note_on_c, 3, 81, 100
4, 3842, Note_on_c, 3, 89, 100
4, 3843, Note_on_c, 3, 88, 0
4, 3845, Note_on_c, 3, 96, 0
4, 3873, Note_on_c, 3, 96, 100
4, 3899, Note_on_c, 3, 79, 100
4, 3900, Note_on_c, 3, 81, 0
4, 3905, Note_on_c, 3, 95, 100
4, 3906, Note_on_c, 3, 96, 0
4, 3935, Note_on_c, 3, 93, 100
4, 3939, Note_on_c, 3, 95, 0
4, 3952, Note_on_c, 3, 79, 0
4, 3959, Note_on_c, 3, 77, 100
4, 3964, Note_on_c, 3, 95, 100
4, 3966, Note_on_c, 3, 93, 0
4, 3994, Note_on_c, 3, 96, 100
4, 3996, Note_on_c, 3, 95, 0
4, 4025, Note_on_c, 3, 96, 0
4, 4025, Note_on_c, 3, 93, 100
4, 4053, Note_on_c, 3, 95, 100
4, 4056, Note_on_c, 3, 93, 0
4, 4078, Note_on_c, 3, 77, 0
4, 4082, Note_on_c, 3, 96, 100
4, 4083, Note_on_c, 3, 95, 0
4, 4083, Note_on_c, 3, 79, 100
4, 4087, Note_on_c, 3, 89, 0
4, 4093, Note_on_c, 3, 79, 0
4, 4110, Note_on_c, 3, 79, 100
4, 4112, Note_on_c, 3, 96, 0
4, 4113, Note_on_c, 3, 91, 100
4, 4141, Note_on_c, 3, 88, 100
4, 4143, Note_on_c, 3, 96, 100
4, 4144, Note_on_c, 3, 91, 0
4, 4169, Note_on_c, 3, 86, 100
4, 4170, Note_on_c, 3, 88, 0
4, 4171, Note_on_c, 3, 100, 100
4, 4173, Note_on_c, 3, 96, 0
4, 4182, Note_on_c, 3, 86, 0
4, 4199, Note_on_c, 3, 103, 100
4, 4200, Note_on_c, 3, 100, 0
4, 4201, Note_on_c, 3, 88, 100
4, 4210, Note_on_c, 3, 79, 0
4, 4228, Note_on_c, 3, 103, 0
4, 4230, Note_on_c, 3, 96, 100
4, 4255, Note_on_c, 3, 84, 100
4, 4258, Note_on_c, 3, 100, 100
4, 4259, Note_on_c, 3, 96, 0
4, 4288, Note_on_c, 3, 103, 100
4, 4289, Note_on_c, 3, 100, 0
4, 4314, Note_on_c, 3, 89, 100
4, 4320, Note_on_c, 3, 88, 0
4, 4321, Note_on_c, 3, 84, 0
4, 4323, Note_on_c, 3, 105, 100
4, 4324, Note_on_c, 3, 103, 0
4, 4348, Note_on_c, 3, 101, 100
4, 4349, Note_on_c, 3, 105, 0
4, 4375, Note_on_c, 3, 77, 100
4, 4377, Note_on_c, 3, 87, 100
4, 4378, Note_on_c, 3, 89, 0
4, 4379, Note_on_c, 3, 96, 100
4, 4380, Note_on_c, 3, 101, 0
4, 4409, Note_on_c, 3, 96, 0
4, 4410, Note_on_c, 3, 101, 100
4, 4437, Note_on_c, 3, 87, 0
4, 4437, Note_on_c, 3, 86, 100
4, 4440, Note_on_c, 3, 94, 100
4, 4442, Note_on_c, 3, 101, 0
4, 4445, Note_on_c, 3, 77, 0
4, 4470, Note_on_c, 3, 94, 0
4, 4470, Note_on_c, 3, 105, 100
4, 4496, Note_on_c, 3, 82, 100
4, 4500, Note_on_c, 3, 103, 100
4, 4505, Note_on_c, 3, 105, 0
4, 4530, Note_on_c, 3, 101, 100
4, 4533, Note_on_c, 3, 103, 0
4, 4556, Note_on_c, 3, 84, 100
4, 4558, Note_on_c, 3, 86, 0
4, 4558, Note_on_c, 3, 101, 0
4, 4559, Note_on_c, 3, 100, 100
4, 4560, Note_on_c, 3, 82, 0
4, 4588, Note_on_c, 3, 82, 100
4, 4615, Note_on_c, 3, 96, 100
4, 4616, Note_on_c, 3, 100, 0
4, 4622, Note_on_c, 3, 81, 100
4, 4624, Note_on_c, 3, 82, 0
4, 4638, Note_on_c, 3, 81, 0
4, 4645, Note_on_c, 3, 79, 100
4, 4667, Note_on_c, 3, 79, 0
4, 4674, Note_on_c, 3, 101, 100
4, 4675, Note_on_c, 3, 81, 100
4, 4676, Note_on_c, 3, 96, 0
4, 4690, Note_on_c, 3, 84, 0
4, 4700, Note_on_c, 3, 84, 100
4, 4723, Note_on_c, 3, 84, 0
4, 4735, Note_on_c, 3, 99, 100
4, 4736, Note_on_c, 3, 91, 100
4, 4741, Note_on_c, 3, 101, 0
4, 4766, Note_on_c, 3, 90, 100
4, 4767, Note_on_c, 3, 91, 0
4, 4794, Note_on_c, 3, 83, 100
4, 4797, Note_on_c, 3, 90, 0
4, 4797, Note_on_c, 3, 91, 100
4, 4798, Note_on_c, 3, 81, 0
4, 4798, Note_on_c, 3, 99, 0
4, 4824, Note_on_c, 3, 79, 100
4, 4825, Note_on_c, 3, 83, 0
4, 4829, Note_on_c, 3, 99, 100
4, 4852, Note_on_c, 3, 83, 100
4, 4855, Note_on_c, 3, 79, 0
4, 4858, Note_on_c, 3, 99, 0
4, 4860, Note_on_c, 3, 98, 100
4, 4882, Note_on_c, 3, 86, 100
4, 4883, Note_on_c, 3, 83, 0
4, 4888, Note_on_c, 3, 96, 100
4, 4889, Note_on_c, 3, 98, 0
4, 4913, Note_on_c, 3, 89, 100
4, 4916, Note_on_c, 3, 86, 0
4, 4916, Note_on_c, 3, 96, 0
4, 4920, Note_on_c, 3, 98, 100
4, 4944, Note_on_c, 3, 83, 100
4, 4949, Note_on_c, 3, 89, 0
4, 4974, Note_on_c, 3, 86, 100
4, 4977, Note_on_c, 3, 83, 0
4, 5001, Note_on_c, 3, 89, 100
4, 5002, Note_on_c, 3, 86, 0
4, 5016, Note_on_c, 3, 91, 0
4, 5029, Note_on_c, 3, 89, 0
4, 5033, Note_on_c, 3, 88, 100
4, 5063, Note_on_c, 3, 91, 100
4, 5091, Note_on_c, 3, 87, 100
4, 5094, Note_on_c, 3, 96, 100
4, 5096, Note_on_c, 3, 98, 0
4, 5096, Note_on_c, 3, 88, 0
4, 5102, Note_on_c, 3, 91, 0
4, 5124, Note_on_c, 3, 90, 100
4, 5146, Note_on_c, 3, 87, 0
4, 5148, Note_on_c, 3, 86, 100
4, 5155, Note_on_c, 3, 91, 100
4, 5156, Note_on_c, 3, 96, 0
4, 5156, Note_on_c, 3, 90, 0
4, 5186, Note_on_c, 3, 96, 100
4, 5216, Note_on_c, 3, 95, 100
4, 5217, Note_on_c, 3, 96, 0
4, 5234, Note_on_c, 3, 86, 0
4, 5246, Note_on_c, 3, 91, 0
4, 5250, Note_on_c, 3, 89, 100
4, 5275, Note_on_c, 3, 84, 100
4, 5280, Note_on_c, 3, 89, 0
4, 5280, Note_on_c, 3, 96, 100
4, 5281, Note_on_c, 3, 88, 100
4, 5283, Note_on_c, 3, 95, 0
4, 5303, Note_on_c, 3, 84, 0
4, 5308, Note_on_c, 3, 72, 100
4, 5313, Note_on_c, 3, 96, 0
4, 5324, Note_on_c, 3, 88, 0
4, 5337, Note_on_c, 3, 76, 100
4, 5338, Note_on_c, 3, 72, 0
4, 5342, Note_on_c, 3, 94, 100
4, 5343, Note_on_c, 3, 89, 100
4, 5367, Note_on_c, 3, 79, 100
4, 5368, Note_on_c, 3, 76, 0
4, 5369, Note_on_c, 3, 94, 0
4, 5375, Note_on_c, 3, 89, 0
4, 5398, Note_on_c, 3, 84, 100
4, 5399, Note_on_c, 3, 79, 0
4, 5399, Note_on_c, 3, 89, 100
4, 5400, Note_on_c, 3, 93, 100
4, 5417, Note_on_c, 3, 84, 0
4, 5428, Note_on_c, 3, 77, 100
4, 5454, Note_on_c, 3, 77, 0
4, 5457, Note_on_c, 3, 81, 100
4, 5484, Note_on_c, 3, 84, 100
4, 5486, Note_on_c, 3, 81, 0
4, 5515, Note_on_c, 3, 84, 0
4, 5515, Note_on_c, 3, 86, 100
4, 5522, Note_on_c, 3, 91, 100
4, 5527, Note_on_c, 3, 93, 0
4, 5529, Note_on_c, 3, 89, 0
4, 5535, Note_on_c, 3, 89, 100
4, 5548, Note_on_c, 3, 83, 100
4, 5551, Note_on_c, 3, 86, 0
4, 5581, Note_on_c, 3, 79, 100
4, 5585, Note_on_c, 3, 83, 0
4, 5612, Note_on_c, 3, 79, 0
4, 5612, Note_on_c, 3, 83, 100
4, 5640, Note_on_c, 3, 83, 0
4, 5641, Note_on_c, 3, 74, 100
4, 5643, Note_on_c, 3, 89, 0
4, 5671, Note_on_c, 3, 81, 100
4, 5673, Note_on_c, 3, 74, 0
4, 5673, Note_on_c, 3, 89, 100
4, 5700, Note_on_c, 3, 79, 100
4, 5702, Note_on_c, 3, 81, 0
4, 5703, Note_on_c, 3, 88, 100
4, 5704, Note_on_c, 3, 89, 0
4, 5728, Note_on_c, 3, 77, 100
4, 5729, Note_on_c, 3, 79, 0
4, 5734, Note_on_c, 3, 86, 100
4, 5735, Note_on_c, 3, 88, 0
4, 5743, Note_on_c, 3, 77, 0
4, 5757, Note_on_c, 3, 76, 100
4, 5760, Note_on_c, 3, 86, 0
4, 5762, Note_on_c, 3, 88, 100
4, 5791, Note_on_c, 3, 91, 0
4, 5791, Note_on_c, 3, 88, 0
4, 5794, Note_on_c, 3, 79, 100
4, 5823, Note_on_c, 3, 84, 100
4, 5825, Note_on_c, 3, 79, 0
4, 5851, Note_on_c, 3, 88, 100
4, 5853, Note_on_c, 3, 84, 0
4, 5879, Note_on_c, 3, 76, 0
4, 5880, Note_on_c, 3, 91, 100
4, 5882, Note_on_c, 3, 88, 0
4, 5903, Note_on_c, 3, 91, 0
4, 5911, Note_on_c, 3, 84, 100
4, 5940, Note_on_c, 3, 79, 100
4, 5941, Note_on_c, 3, 88, 100
4, 5943, Note_on_c, 3, 84, 0
4, 5968, Note_on_c, 3, 91, 100
4, 5969, Note_on_c, 3, 88, 0
4, 5999, Note_on_c, 3, 93, 100
4, 6004, Note_on_c, 3, 91, 0
4, 6030, Note_on_c, 3, 93, 0
4, 6030, Note_on_c, 3, 89, 100
4, 6037, Note_on_c, 3, 79, 0
4, 6056, Note_on_c, 3, 77, 100
4, 6060, Note_on_c, 3, 86, 100
4, 6062, Note_on_c, 3, 89, 0
4, 6085, Note_on_c, 3, 77, 0
4, 6085, Note_on_c, 3, 76, 100
4, 6089, Note_on_c, 3, 86, 0
4, 6090, Note_on_c, 3, 89, 100
4, 6117, Note_on_c, 3, 76, 0
4, 6119, Note_on_c, 3, 74, 100
4, 6119, Note_on_c, 3, 83, 100
4, 6120, Note_on_c, 3, 89, 0
4, 6151, Note_on_c, 3, 93, 100
4, 6152, Note_on_c, 3, 74, 0
4, 6153, Note_on_c, 3, 83, 0
4, 6177, Note_on_c, 3, 83, 100
4, 6180, Note_on_c, 3, 91, 100
4, 6182, Note_on_c, 3, 93, 0
4, 6208, Note_on_c, 3, 89, 100
4, 6209, Note_on_c, 3, 91, 0
4, 6210, Note_on_c, 3, 83, 0
4, 6238, Note_on_c, 3, 89, 0
4, 6239, Note_on_c, 3, 84, 100
4, 6240, Note_on_c, 3, 88, 100
4, 6260, Note_on_c, 3, 84, 0
4, 6267, Note_on_c, 3, 72, 100
4, 6283, Note_on_c, 3, 88, 0
4, 6298, Note_on_c, 3, 96, 100
4, 6298, Note_on_c, 3, 76, 100
4, 6299, Note_on_c, 3, 72, 0
4, 6326, Note_on_c, 3, 76, 0
4, 6326, Note_on_c, 3, 79, 100
4, 6356, Note_on_c, 3, 84, 100
4, 6357, Note_on_c, 3, 79, 0
4, 6378, Note_on_c, 3, 84, 0
4, 6384, Note_on_c, 3, 76, 100
4, 6408, Note_on_c, 3, 96, 0
4, 6414, Note_on_c, 3, 76, 0
4, 6415, Note_on_c, 3, 79, 100
4, 6417, Note_on_c, 3, 95, 100
4, 6439, Note_on_c, 3, 79, 0
4, 6442, Note_on_c, 3, 84, 100
4, 6444, Note_on_c, 3, 93, 100
4, 6445, Note_on_c, 3, 95, 0
4, 6473, Note_on_c, 3, 88, 100
4, 6474, Note_on_c, 3, 84, 0
4, 6474, Note_on_c, 3, 91, 100
4, 6475, Note_on_c, 3, 93, 0
4, 6503, Note_on_c, 3, 84, 100
4, 6507, Note_on_c, 3, 88, 0
4, 6507, Note_on_c, 3, 93, 100
4, 6510, Note_on_c, 3, 91, 0
4, 6531, Note_on_c, 3, 81, 100
4, 6532, Note_on_c, 3, 84, 0
4, 6537, Note_on_c, 3, 93, 0
4, 6537, Note_on_c, 3, 89, 100
4, 6561, Note_on_c, 3, 84, 100
4, 6562, Note_on_c, 3, 81, 0
4, 6562, Note_on_c, 3, 89, 0
4, 6565, Note_on_c, 3, 91, 100
4, 6582, Note_on_c, 3, 91, 0
4, 6591, Note_on_c, 3, 77, 100
4, 6593, Note_on_c, 3, 84, 0
4, 6598, Note_on_c, 3, 93, 100
4, 6624, Note_on_c, 3, 93, 0
4, 6625, Note_on_c, 3, 88, 100
4, 6626, Note_on_c, 3, 77, 0
4, 6626, Note_on_c, 3, 91, 100
4, 6651, Note_on_c, 3, 89, 100
4, 6654, Note_on_c, 3, 86, 100
4, 6655, Note_on_c, 3, 91, 0
4, 6656, Note_on_c, 3, 88, 0
4, 6681, Note_on_c, 3, 84, 100
4, 6683, Note_on_c, 3, 86, 0
4, 6686, Note_on_c, 3, 88, 100
4, 6688, Note_on_c, 3, 89, 0
4, 6706, Note_on_c, 3, 88, 0
4, 6714, Note_on_c, 3, 84, 0
4, 6714, Note_on_c, 3, 83, 100
4, 6722, Note_on_c, 3, 86, 100
4, 6744, Note_on_c, 3, 84, 100
4, 6746, Note_on_c, 3, 83, 0
4, 6753, Note_on_c, 3, 88, 100
4, 6754, Note_on_c, 3, 86, 0
4, 6767, Note_on_c, 3, 88, 0
4, 6779, Note_on_c, 3, 84, 0
4, 6779, Note_on_c, 3, 81, 100
4, 6782, Note_on_c, 3, 89, 100
4, 6808, Note_on_c, 3, 83, 100
4, 6811, Note_on_c, 3, 81, 0
4, 6838, Note_on_c, 3, 83, 0
4, 6840, Note_on_c, 3, 84, 100
4, 6865, Note_on_c, 3, 81, 100
4, 6868, Note_on_c, 3, 84, 0
4, 6897, Note_on_c, 3, 79, 100
4, 6898, Note_on_c, 3, 88, 100
4, 6899, Note_on_c, 3, 89, 0
4, 6899, Note_on_c, 3, 81, 0
4, 6925, Note_on_c, 3, 77, 100
4, 6926, Note_on_c, 3, 79, 0
4, 6928, Note_on_c, 3, 86, 100
4, 6933, Note_on_c, 3, 88, 0
4, 6940, Note_on_c, 3, 86, 0
4, 6956, Note_on_c, 3, 77, 0
4, 6956, Note_on_c, 3, 76, 100
4, 6957, Note_on_c, 3, 84, 100
4, 6960, Note_on_c, 3, 84, 100
4, 6990, Note_on_c, 3, 91, 100
4, 6994, Note_on_c, 3, 84, 0
4, 6997, Note_on_c, 3, 84, 0
4, 7018, Note_on_c, 3, 79, 100
4, 7020, Note_on_c, 3, 91, 0
4, 7020, Note_on_c, 3, 96, 100
4, 7043, Note_on_c, 3, 79, 0
4, 7046, Note_on_c, 3, 96, 0
4, 7046, Note_on_c, 3, 100, 100
4, 7076, Note_on_c, 3, 84, 100
4, 7082, Note_on_c, 3, 100, 0
4, 7082, Note_on_c, 3, 103, 100
4, 7083, Note_on_c, 3, 76, 0
4, 7112, Note_on_c, 3, 103, 0
4, 7113, Note_on_c, 3, 96, 100
4, 7138, Note_on_c, 3, 76, 100
4, 7142, Note_on_c, 3, 96, 0
4, 7143, Note_on_c, 3, 100, 100
4, 7171, Note_on_c, 3, 103, 100
4, 7172, Note_on_c, 3, 100, 0
4, 7175, Note_on_c, 3, 76, 0
4, 7197, Note_on_c, 3, 77, 100
4, 7202, Note_on_c, 3, 105, 100
4, 7206, Note_on_c, 3, 103, 0
4, 7235, Note_on_c, 3, 105, 0
4, 7235, Note_on_c, 3, 101, 100
4, 7240, Note_on_c, 3, 84, 0
4, 7259, Note_on_c, 3, 81, 100
4, 7263, Note_on_c, 3, 98, 100
4, 7264, Note_on_c, 3, 101, 0
4, 7292, Note_on_c, 3, 98, 0
4, 7292, Note_on_c, 3, 101, 100
4, 7322, Note_on_c, 3, 81, 0
4, 7322, Note_on_c, 3, 101, 0
4, 7322, Note_on_c, 3, 95, 100
4, 7323, Note_on_c, 3, 86, 100
4, 7343, Note_on_c, 3, 77, 0
4, 7352, Note_on_c, 3, 105, 100
4, 7355, Note_on_c, 3, 95, 0
4, 7378, Note_on_c, 3, 77, 100
4, 7382, Note_on_c, 3, 103, 100
4, 7383, Note_on_c, 3, 105, 0
4, 7398, Note_on_c, 3, 77, 0
4, 7411, Note_on_c, 3, 101, 100
4, 7412, Note_on_c, 3, 103, 0
4, 7440, Note_on_c, 3, 79, 100
4, 7442, Note_on_c, 3, 86, 0
4, 7443, Note_on_c, 3, 101, 0
4, 7443, Note_on_c, 3, 100, 100
4, 7472, Note_on_c, 3, 84, 100
4, 7480, Note_on_c, 3, 100, 0
4, 7502, Note_on_c, 3, 88, 100
4, 7503, Note_on_c, 3, 84, 0
4, 7504, Note_on_c, 3, 96, 100
4, 7531, Note_on_c, 3, 96, 0
4, 7532, Note_on_c, 3, 100, 100
4, 7532, Note_on_c, 3, 91, 100
4, 7535, Note_on_c, 3, 88, 0
4, 7554, Note_on_c, 3, 91, 0
4, 7561, Note_on_c, 3, 100, 0
4, 7563, Note_on_c, 3, 105, 100
4, 7564, Note_on_c, 3, 96, 100
4, 7579, Note_on_c, 3, 79, 0
4, 7592, Note_on_c, 3, 96, 0
4, 7592, Note_on_c, 3, 93, 100
4, 7622, Note_on_c, 3, 88, 100
4, 7626, Note_on_c, 3, 93, 0
4, 7626, Note_on_c, 3, 96, 100
4, 7645, Note_on_c, 3, 88, 0
4, 7655, Note_on_c, 3, 96, 0
4, 7656, Note_on_c, 3, 100, 100
4, 7682, Note_on_c, 3, 100, 0
4, 7682, Note_on_c, 3, 86, 100
4, 7686, Note_on_c, 3, 101, 100
4, 7714, Note_on_c, 3, 101, 0
4, 7715, Note_on_c, 3, 98, 100
4, 7743, Note_on_c, 3, 98, 0
4, 7743, Note_on_c, 3, 103, 100
4, 7744, Note_on_c, 3, 95, 100
4, 7748, Note_on_c, 3, 105, 0
4, 7772, Note_on_c, 3, 101, 100
4, 7773, Note_on_c, 3, 103, 0
4, 7774, Note_on_c, 3, 95, 0
4, 7775, Note_on_c, 3, 98, 100
4, 7798, Note_on_c, 3, 101, 0
4, 7803, Note_on_c, 3, 107, 100
4, 7804, Note_on_c, 3, 98, 0
4, 7804, Note_on_c, 3, 89, 100
4, 7805, Note_on_c, 3, 86, 0
4, 7832, Note_on_c, 3, 105, 100
4, 7841, Note_on_c, 3, 89, 0
4, 7860, Note_on_c, 3, 105, 0
4, 7861, Note_on_c, 3, 103, 100
4, 7888, Note_on_c, 3, 103, 0
4, 7888, Note_on_c, 3, 89, 100
4, 7890, Note_on_c, 3, 101, 100
4, 7902, Note_on_c, 3, 89, 0
4, 7918, Note_on_c, 3, 101, 0
4, 7918, Note_on_c, 3, 91, 100
4, 7921, Note_on_c, 3, 107, 0
4, 7921, Note_on_c, 3, 108, 100
4, 7923, Note_on_c, 3, 100, 100
4, 7947, Note_on_c, 3, 91, 0
4, 7948, Note_on_c, 3, 79, 100
4, 7962, Note_on_c, 3, 108, 0
4, 7977, Note_on_c, 3, 84, 100
4, 7981, Note_on_c, 3, 79, 0
4, 7982, Note_on_c, 3, 103, 100
4, 8004, Note_on_c, 3, 84, 0
4, 8005, Note_on_c, 3, 88, 100
4, 8035, Note_on_c, 3, 88, 0
4, 8035, Note_on_c, 3, 91, 100
4, 8038, Note_on_c, 3, 103, 0
4, 8041, Note_on_c, 3, 106, 100
4, 8066, Note_on_c, 3, 91, 0
4, 8067, Note_on_c, 3, 85, 100
4, 8073, Note_on_c, 3, 100, 0
4, 8081, Note_on_c, 3, 106, 0
4, 8094, Note_on_c, 3, 88, 100
4, 8095, Note_on_c, 3, 85, 0
4, 8101, Note_on_c, 3, 105, 100
4, 8102, Note_on_c, 3, 99, 100
4, 8125, Note_on_c, 3, 91, 100
4, 8127, Note_on_c, 3, 88, 0
4, 8135, Note_on_c, 3, 99, 0
4, 8158, Note_on_c, 3, 94, 100
4, 8160, Note_on_c, 3, 91, 0
4, 8162, Note_on_c, 3, 98, 100
4, 8189, Note_on_c, 3, 91, 100
4, 8193, Note_on_c, 3, 94, 0
4, 8218, Note_on_c, 3, 91, 0
4, 8219, Note_on_c, 3, 105, 0
4, 8219, Note_on_c, 3, 88, 100
4, 8219, Note_on_c, 3, 103, 100
4, 8220, Note_on_c, 3, 100, 100
4, 8247, Note_on_c, 3, 91, 100
4, 8248, Note_on_c, 3, 88, 0
4, 8251, Note_on_c, 3, 98, 0
4, 8272, Note_on_c, 3, 100, 0
4, 8272, Note_on_c, 3, 91, 0
4, 8276, Note_on_c, 3, 84, 100
4, 8311, Note_on_c, 3, 100, 100
4, 8324, Note_on_c, 3, 100, 0
4, 8338, Note_on_c, 3, 103, 0
4, 8338, Note_on_c, 3, 93, 100
4, 8339, Note_on_c, 3, 101, 100
4, 8369, Note_on_c, 3, 93, 0
4, 8370, Note_on_c, 3, 99, 100
4, 8370, Note_on_c, 3, 96, 100
4, 8372, Note_on_c, 3, 101, 0
4, 8395, Note_on_c, 3, 89, 100
4, 8396, Note_on_c, 3, 99, 0
4, 8397, Note_on_c, 3, 96, 0
4, 8399, Note_on_c, 3, 98, 100
4, 8425, Note_on_c, 3, 98, 0
4, 8430, Note_on_c, 3, 93, 100
4, 8442, Note_on_c, 3, 84, 0
4, 8455, Note_on_c, 3, 86, 100
4, 8457, Note_on_c, 3, 94, 100
4, 8458, Note_on_c, 3, 93, 0
4, 8481, Note_on_c, 3, 84, 100
4, 8486, Note_on_c, 3, 86, 0
4, 8486, Note_on_c, 3, 94, 0
4, 8487, Note_on_c, 3, 98, 100
4, 8504, Note_on_c, 3, 98, 0
4, 8513, Note_on_c, 3, 82, 100
4, 8515, Note_on_c, 3, 84, 0
4, 8516, Note_on_c, 3, 89, 0
4, 8518, Note_on_c, 3, 103, 100
4, 8543, Note_on_c, 3, 86, 100
4, 8576, Note_on_c, 3, 86, 0
4, 8576, Note_on_c, 3, 91, 100
4, 8609, Note_on_c, 3, 94, 100
4, 8622, Note_on_c, 3, 91, 0
4, 8641, Note_on_c, 3, 94, 0
4, 8642, Note_on_c, 3, 96, 100
4, 8653, Note_on_c, 3, 103, 0
4, 8670, Note_on_c, 3, 91, 100
4, 8698, Note_on_c, 3, 82, 0
4, 8698, Note_on_c, 3, 84, 100
4, 8699, Note_on_c, 3, 93, 100
4, 8700, Note_on_c, 3, 91, 0
4, 8704, Note_on_c, 3, 96, 0
4, 8724, Note_on_c, 3, 84, 0
4, 8725, Note_on_c, 3, 82, 100
4, 8729, Note_on_c, 3, 96, 100
4, 8732, Note_on_c, 3, 93, 0
4, 8755, Note_on_c, 3, 82, 0
4, 8757, Note_on_c, 3, 81, 100
4, 8760, Note_on_c, 3, 96, 0
4, 8761, Note_on_c, 3, 101, 100
4, 8782, Note_on_c, 3, 81, 0
4, 8787, Note_on_c, 3, 72, 100
4, 8815, Note_on_c, 3, 77, 100
4, 8819, Note_on_c, 3, 72, 0
4, 8844, Note_on_c, 3, 77, 0
4, 8844, Note_on_c, 3, 81, 100
4, 8875, Note_on_c, 3, 82, 100
4, 8876, Note_on_c, 3, 81, 0
4, 8878, Note_on_c, 3, 94, 100
4, 8905, Note_on_c, 3, 82, 0
4, 8905, Note_on_c, 3, 79, 100
4, 8934, Note_on_c, 3, 82, 100
4, 8937, Note_on_c, 3, 79, 0
4, 8937, Note_on_c, 3, 99, 100
4, 8939, Note_on_c, 3, 101, 0
4, 8962, Note_on_c, 3, 82, 0
4, 8962, Note_on_c, 3, 86, 100
4, 8967, Note_on_c, 3, 99, 0
4, 8967, Note_on_c, 3, 98, 100
4, 8993, Note_on_c, 3, 86, 0
4, 8993, Note_on_c, 3, 91, 100
4, 9001, Note_on_c, 3, 98, 0
4, 9001, Note_on_c, 3, 99, 100
4, 9024, Note_on_c, 3, 87, 100
4, 9028, Note_on_c, 3, 91, 0
4, 9056, Note_on_c, 3, 82, 100
4, 9057, Note_on_c, 3, 87, 0
4, 9083, Note_on_c, 3, 87, 100
4, 9085, Note_on_c, 3, 82, 0
4, 9110, Note_on_c, 3, 87, 0
4, 9111, Note_on_c, 3, 81, 100
4, 9113, Note_on_c, 3, 94, 0
4, 9114, Note_on_c, 3, 96, 100
4, 9142, Note_on_c, 3, 81, 0
4, 9142, Note_on_c, 3, 91, 100
4, 9172, Note_on_c, 3, 89, 100
4, 9174, Note_on_c, 3, 91, 0
4, 9176, Note_on_c, 3, 99, 0
4, 9178, Note_on_c, 3, 98, 100
4, 9180, Note_on_c, 3, 96, 0
4, 9202, Note_on_c, 3, 87, 100
4, 9203, Note_on_c, 3, 89, 0
4, 9207, Note_on_c, 3, 98, 0
4, 9208, Note_on_c, 3, 96, 100
4, 9234, Note_on_c, 3, 87, 0
4, 9234, Note_on_c, 3, 86, 100
4, 9239, Note_on_c, 3, 98, 100
4, 9248, Note_on_c, 3, 96, 0
4, 9263, Note_on_c, 3, 84, 100
4, 9264, Note_on_c, 3, 86, 0
4, 9295, Note_on_c, 3, 86, 100
4, 9296, Note_on_c, 3, 84, 0
4, 9299, Note_on_c, 3, 94, 100
4, 9304, Note_on_c, 3, 98, 0
4, 9323, Note_on_c, 3, 88, 100
4, 9330, Note_on_c, 3, 86, 0
4, 9351, Note_on_c, 3, 88, 0
4, 9354, Note_on_c, 3, 89, 100
4, 9356, Note_on_c, 3, 96, 100
4, 9388, Note_on_c, 3, 94, 0
4, 9388, Note_on_c, 3, 91, 100
4, 9400, Note_on_c, 3, 91, 0
4, 9419, Note_on_c, 3, 93, 100
4, 9432, Note_on_c, 3, 89, 0
4, 9445, Note_on_c, 3, 87, 100
4, 9459, Note_on_c, 3, 87, 0
4, 9483, Note_on_c, 3, 86, 100
4, 9511, Note_on_c, 3, 89, 100
4, 9512, Note_on_c, 3, 93, 0
4, 9539, Note_on_c, 3, 86, 0
4, 9540, Note_on_c, 3, 85, 100
4, 9541, Note_on_c, 3, 94, 100
4, 9542, Note_on_c, 3, 96, 0
4, 9571, Note_on_c, 3, 89, 0
4, 9571, Note_on_c, 3, 88, 100
4, 9596, Note_on_c, 3, 85, 0
4, 9596, Note_on_c, 3, 84, 100
4, 9603, Note_on_c, 3, 88, 0
4, 9604, Note_on_c, 3, 89, 100
4, 9620, Note_on_c, 3, 84, 0
4, 9629, Note_on_c, 3, 72, 100
4, 9658, Note_on_c, 3, 94, 0
4, 9658, Note_on_c, 3, 72, 0
4, 9658, Note_on_c, 3, 77, 100
4, 9661, Note_on_c, 3, 93, 100
4, 9687, Note_on_c, 3, 81, 100
4, 9688, Note_on_c, 3, 77, 0
4, 9688, Note_on_c, 3, 91, 100
4, 9692, Note_on_c, 3, 93, 0
4, 9717, Note_on_c, 3, 91, 0
4, 9718, Note_on_c, 3, 81, 0
4, 9718, Note_on_c, 3, 84, 100
4, 9719, Note_on_c, 3, 93, 100
4, 9746, Note_on_c, 3, 77, 100
4, 9747, Note_on_c, 3, 84, 0
4, 9751, Note_on_c, 3, 93, 0
4, 9775, Note_on_c, 3, 81, 100
4, 9778, Note_on_c, 3, 96, 100
4, 9779, Note_on_c, 3, 77, 0
4, 9804, Note_on_c, 3, 84, 100
4, 9813, Note_on_c, 3, 81, 0
4, 9832, Note_on_c, 3, 84, 0
4, 9833, Note_on_c, 3, 86, 100
4, 9864, Note_on_c, 3, 82, 100
4, 9869, Note_on_c, 3, 86, 0
4, 9878, Note_on_c, 3, 89, 0
4, 9895, Note_on_c, 3, 79, 100
4, 9896, Note_on_c, 3, 82, 0
4, 9897, Note_on_c, 3, 94, 100
4, 9900, Note_on_c, 3, 96, 0
4, 9923, Note_on_c, 3, 82, 100
4, 9927, Note_on_c, 3, 94, 0
4, 9928, Note_on_c, 3, 79, 0
4, 9928, Note_on_c, 3, 93, 100
4, 9952, Note_on_c, 3, 82, 0
4, 9953, Note_on_c, 3, 76, 100
4, 9959, Note_on_c, 3, 91, 100
4, 9962, Note_on_c, 3, 93, 0
4, 9987, Note_on_c, 3, 86, 100
4, 9988, Note_on_c, 3, 76, 0
4, 9989, Note_on_c, 3, 93, 100
4, 9992, Note_on_c, 3, 91, 0
4, 9998, Note_on_c, 3, 93, 0
4, 10016, Note_on_c, 3, 84, 100
4, 10017, Note_on_c, 3, 86, 0
4, 10021, Note_on_c, 3, 94, 100
4, 10021, Note_on_c, 3, 91, 100
4, 10046, Note_on_c, 3, 82, 100
4, 10047, Note_on_c, 3, 84, 0
4, 10076, Note_on_c, 3, 82, 0
4, 10076, Note_on_c, 3, 81, 100
4, 10105, Note_on_c, 3, 79, 100
4, 10111, Note_on_c, 3, 81, 0
4, 10133, Note_on_c, 3, 79, 0
4, 10135, Note_on_c, 3, 94, 0
4, 10135, Note_on_c, 3, 91, 0
4, 10135, Note_on_c, 3, 81, 100
4, 10137, Note_on_c, 3, 93, 100
4, 10137, Note_on_c, 3, 89, 100
4, 10162, Note_on_c, 3, 83, 100
4, 10165, Note_on_c, 3, 81, 0
4, 10187, Note_on_c, 3, 93, 0
4, 10192, Note_on_c, 3, 91, 100
4, 10193, Note_on_c, 3, 83, 0
4, 10195, Note_on_c, 3, 84, 100
4, 10220, Note_on_c, 3, 79, 100
4, 10223, Note_on_c, 3, 84, 0
4, 10238, Note_on_c, 3, 79, 0
4, 10247, Note_on_c, 3, 89, 0
4, 10249, Note_on_c, 3, 84, 100
4, 10251, Note_on_c, 3, 88, 100
4, 10278, Note_on_c, 3, 93, 100
4, 10281, Note_on_c, 3, 91, 0
4, 10306, Note_on_c, 3, 93, 0
4, 10308, Note_on_c, 3, 89, 100
4, 10309, Note_on_c, 3, 88, 0
4, 10311, Note_on_c, 3, 86, 100
4, 10313, Note_on_c, 3, 84, 0
4, 10338, Note_on_c, 3, 84, 100
4, 10369, Note_on_c, 3, 84, 0
4, 10370, Note_on_c, 3, 83, 100
4, 10396, Note_on_c, 3, 83, 0
4, 10399, Note_on_c, 3, 81, 100
4, 10432, Note_on_c, 3, 81, 0
4, 10437, Note_on_c, 3, 83, 100
4, 10452, Note_on_c, 3, 89, 0
4, 10467, Note_on_c, 3, 93, 100
4, 10496, Note_on_c, 3, 93, 0
4, 10501, Note_on_c, 3, 91, 100
4, 10530, Note_on_c, 3, 89, 100
4, 10534, Note_on_c, 3, 91, 0
4, 10557, Note_on_c, 3, 83, 0
4, 10559, Note_on_c, 3, 84, 100
4, 10560, Note_on_c, 3, 89, 0
4, 10561, Note_on_c, 3, 88, 100
4, 10563, Note_on_c, 3, 86, 0
4, 10580, Note_on_c, 3, 88, 0
4, 10593, Note_on_c, 3, 91, 100
4, 10598, Note_on_c, 3, 84, 0
4, 10619, Note_on_c, 3, 88, 100
4, 10620, Note_on_c, 3, 91, 0
4, 10622, Note_on_c, 3, 96, 100
4, 10649, Note_on_c, 3, 88, 0
4, 10649, Note_on_c, 3, 86, 100
4, 10650, Note_on_c, 3, 100, 100
4, 10653, Note_on_c, 3, 96, 0
4, 10680, Note_on_c, 3, 88, 100
4, 10682, Note_on_c, 3, 86, 0
4, 10682, Note_on_c, 3, 100, 0
4, 10682, Note_on_c, 3, 103, 100
4, 10697, Note_on_c, 3, 88, 0
4, 10700, Note_on_c, 3, 103, 0
4, 10711, Note_on_c, 3, 96, 100
4, 10738, Note_on_c, 3, 91, 100
4, 10738, Note_on_c, 3, 84, 100
4, 10741, Note_on_c, 3, 100, 100
4, 10742, Note_on_c, 3, 96, 0
4, 10764, Note_on_c, 3, 91, 0
4, 10770, Note_on_c, 3, 103, 100
4, 10771, Note_on_c, 3, 100, 0
4, 10784, Note_on_c, 3, 84, 0
4, 10794, Note_on_c, 3, 84, 100
4, 10798, Note_on_c, 3, 89, 100
4, 10802, Note_on_c, 3, 105, 100
4, 10805, Note_on_c, 3, 103, 0
4, 10822, Note_on_c, 3, 84, 0
4, 10832, Note_on_c, 3, 105, 0
4, 10833, Note_on_c, 3, 101, 100
4, 10840, Note_on_c, 3, 89, 0
4, 10859, Note_on_c, 3, 83, 100
4, 10862, Note_on_c, 3, 98, 100
4, 10864, Note_on_c, 3, 101, 0
4, 10889, Note_on_c, 3, 83, 0
4, 10889, Note_on_c, 3, 84, 100
4, 10890, Note_on_c, 3, 98, 0
4, 10891, Note_on_c, 3, 101, 100
4, 10919, Note_on_c, 3, 84, 0
4, 10919, Note_on_c, 3, 86, 100
4, 10921, Note_on_c, 3, 101, 0
4, 10921, Note_on_c, 3, 95, 100
4, 10951, Note_on_c, 3, 95, 0
4, 10951, Note_on_c, 3, 105, 100
4, 10957, Note_on_c, 3, 86, 0
4, 10976, Note_on_c, 3, 83, 100
4, 10977, Note_on_c, 3, 79, 100
4, 10982, Note_on_c, 3, 103, 100
4, 10984, Note_on_c, 3, 105, 0
4, 11015, Note_on_c, 3, 101, 100
4, 11016, Note_on_c, 3, 103, 0
4, 11021, Note_on_c, 3, 79, 0
4, 11042, Note_on_c, 3, 84, 100
4, 11043, Note_on_c, 3, 83, 0
4, 11043, Note_on_c, 3, 101, 0
4, 11044, Note_on_c, 3, 100, 100
4, 11070, Note_on_c, 3, 88, 100
4, 11075, Note_on_c, 3, 84, 0
4, 11092, Note_on_c, 3, 100, 0
4, 11098, Note_on_c, 3, 93, 100
4, 11101, Note_on_c, 3, 102, 100
4, 11102, Note_on_c, 3, 88, 0
4, 11102, Note_on_c, 3, 81, 100
4, 11125, Note_on_c, 3, 96, 100
4, 11128, Note_on_c, 3, 93, 0
4, 11152, Note_on_c, 3, 102, 0
4, 11156, Note_on_c, 3, 96, 0
4, 11156, Note_on_c, 3, 82, 100
4, 11157, Note_on_c, 3, 81, 0
4, 11161, Note_on_c, 3, 103, 100
4, 11161, Note_on_c, 3, 98, 100
4, 11191, Note_on_c, 3, 91, 100
4, 11194, Note_on_c, 3, 98, 0
4, 11197, Note_on_c, 3, 82, 0
4, 11218, Note_on_c, 3, 79, 100
4, 11220, Note_on_c, 3, 91, 0
4, 11221, Note_on_c, 3, 94, 100
4, 11250, Note_on_c, 3, 94, 0
4, 11250, Note_on_c, 3, 98, 100
4, 11256, Note_on_c, 3, 79, 0
4, 11274, Note_on_c, 3, 98, 0
4, 11274, Note_on_c, 3, 84, 100
4, 11281, Note_on_c, 3, 99, 100
4, 11307, Note_on_c, 3, 99, 0
4, 11307, Note_on_c, 3, 96, 100
4, 11334, Note_on_c, 3, 84, 0
4, 11334, Note_on_c, 3, 96, 0
4, 11335, Note_on_c, 3, 87, 100
4, 11336, Note_on_c, 3, 103, 0
4, 11336, Note_on_c, 3, 102, 100
4, 11336, Note_on_c, 3, 93, 100
4, 11365, Note_on_c, 3, 96, 100
4, 11366, Note_on_c, 3, 102, 0
4, 11366, Note_on_c, 3, 93, 0
4, 11367, Note_on_c, 3, 103, 100
4, 11386, Note_on_c, 3, 96, 0
4, 11390, Note_on_c, 3, 87, 0
4, 11393, Note_on_c, 3, 90, 100
4, 11394, Note_on_c, 3, 86, 100
4, 11396, Note_on_c, 3, 105, 100
4, 11397, Note_on_c, 3, 103, 0
4, 11421, Note_on_c, 3, 90, 0
4, 11426, Note_on_c, 3, 99, 100
4, 11451, Note_on_c, 3, 86, 0
4, 11452, Note_on_c, 3, 90, 100
4, 11457, Note_on_c, 3, 99, 0
4, 11457, Note_on_c, 3, 98, 100
4, 11486, Note_on_c, 3, 96, 100
4, 11487, Note_on_c, 3, 98, 0
4, 11498, Note_on_c, 3, 96, 0
4, 11515, Note_on_c, 3, 90, 0
4, 11515, Note_on_c, 3, 91, 100
4, 11517, Note_on_c, 3, 94, 100
4, 11544, Note_on_c, 3, 79, 100
4, 11545, Note_on_c, 3, 91, 0
4, 11550, Note_on_c, 3, 105, 0
4, 11573, Note_on_c, 3, 82, 100
4, 11577, Note_on_c, 3, 79, 0
4, 11578, Note_on_c, 3, 103, 100
4, 11603, Note_on_c, 3, 82, 0
4, 11603, Note_on_c, 3, 86, 100
4, 11633, Note_on_c, 3, 94, 0
4, 11633, Note_on_c, 3, 86, 0
4, 11634, Note_on_c, 3, 91, 100
4, 11636, Note_on_c, 3, 93, 100
4, 11664, Note_on_c, 3, 86, 100
4, 11666, Note_on_c, 3, 91, 0
4, 11694, Note_on_c, 3, 89, 100
4, 11695, Note_on_c, 3, 101, 100
4, 11696, Note_on_c, 3, 103, 0
4, 11696, Note_on_c, 3, 98, 100
4, 11697, Note_on_c, 3, 86, 0
4, 11701, Note_on_c, 3, 93, 0
4, 11722, Note_on_c, 3, 91, 100
4, 11725, Note_on_c, 3, 89, 0
4, 11728, Note_on_c, 3, 101, 0
4, 11742, Note_on_c, 3, 91, 0
4, 11753, Note_on_c, 3, 94, 100
4, 11754, Note_on_c, 3, 100, 100
4, 11784, Note_on_c, 3, 91, 100
4, 11786, Note_on_c, 3, 94, 0
4, 11788, Note_on_c, 3, 100, 0
4, 11789, Note_on_c, 3, 101, 100
4, 11794, Note_on_c, 3, 98, 0
4, 11813, Note_on_c, 3, 91, 0
4, 11814, Note_on_c, 3, 88, 100
4, 11818, Note_on_c, 3, 97, 100
4, 11818, Note_on_c, 3, 103, 100
4, 11820, Note_on_c, 3, 101, 0
4, 11843, Note_on_c, 3, 91, 100
4, 11844, Note_on_c, 3, 88, 0
4, 11847, Note_on_c, 3, 97, 0
4, 11847, Note_on_c, 3, 98, 100
4, 11865, Note_on_c, 3, 98, 0
4, 11873, Note_on_c, 3, 91, 0
4, 11874, Note_on_c, 3, 85, 100
4, 11878, Note_on_c, 3, 100, 100
4, 11903, Note_on_c, 3, 94, 100
4, 11906, Note_on_c, 3, 85, 0
4, 11933, Note_on_c, 3, 93, 100
4, 11934, Note_on_c, 3, 94, 0
4, 11962, Note_on_c, 3, 91, 100
4, 11966, Note_on_c, 3, 93, 0
4, 11991, Note_on_c, 3, 89, 100
4, 11992, Note_on_c, 3, 91, 0
4, 12027, Note_on_c, 3, 86, 100
4, 12028, Note_on_c, 3, 89, 0
4, 12057, Note_on_c, 3, 89, 100
4, 12058, Note_on_c, 3, 86, 0
4, 12060, Note_on_c, 3, 101, 100
4, 12061, Note_on_c, 3, 100, 0
4, 12061, Note_on_c, 3, 98, 100
4, 12062, Note_on_c, 3, 103, 0
4, 12086, Note_on_c, 3, 89, 0
4, 12087, Note_on_c, 3, 93, 100
4, 12118, Note_on_c, 3, 83, 100
4, 12119, Note_on_c, 3, 101, 0
4, 12119, Note_on_c, 3, 93, 0
4, 12121, Note_on_c, 3, 98, 0
4, 12148, Note_on_c, 3, 93, 100
4, 12149, Note_on_c, 3, 83, 0
4, 12176, Note_on_c, 3, 93, 0
4, 12177, Note_on_c, 3, 98, 100
4, 12177, Note_on_c, 3, 91, 100
4, 12178, Note_on_c, 3, 101, 100
4, 12198, Note_on_c, 3, 98, 0
4, 12198, Note_on_c, 3, 101, 0
4, 12204, Note_on_c, 3, 89, 100
4, 12209, Note_on_c, 3, 91, 0
4, 12225, Note_on_c, 3, 89, 0
4, 12235, Note_on_c, 3, 88, 100
4, 12239, Note_on_c, 3, 98, 100
4, 12240, Note_on_c, 3, 101, 100
4, 12269, Note_on_c, 3, 84, 100
4, 12270, Note_on_c, 3, 88, 0
4, 12297, Note_on_c, 3, 98, 0
4, 12298, Note_on_c, 3, 88, 100
4, 12299, Note_on_c, 3, 96, 100
4, 12300, Note_on_c, 3, 84, 0
4, 12300, Note_on_c, 3, 100, 100
4, 12301, Note_on_c, 3, 101, 0
4, 12330, Note_on_c, 3, 88, 0
4, 12330, Note_on_c, 3, 91, 100
4, 12358, Note_on_c, 3, 91, 0
4, 12358, Note_on_c, 3, 81, 100
4, 12361, Note_on_c, 3, 100, 0
4, 12362, Note_on_c, 3, 96, 0
4, 12388, Note_on_c, 3, 91, 100
4, 12389, Note_on_c, 3, 81, 0
4, 12417, Note_on_c, 3, 91, 0
4, 12417, Note_on_c, 3, 89, 100
4, 12418, Note_on_c, 3, 100, 100
4, 12418, Note_on_c, 3, 96, 100
4, 12436, Note_on_c, 3, 100, 0
4, 12436, Note_on_c, 3, 96, 0
4, 12445, Note_on_c, 3, 88, 100
4, 12450, Note_on_c, 3, 89, 0
4, 12465, Note_on_c, 3, 88, 0
4, 12477, Note_on_c, 3, 86, 100
4, 12479, Note_on_c, 3, 96, 100
4, 12480, Note_on_c, 3, 100, 100
4, 12508, Note_on_c, 3, 86, 0
4, 12508, Note_on_c, 3, 83, 100
4, 12537, Note_on_c, 3, 86, 100
4, 12538, Note_on_c, 3, 96, 0
4, 12539, Note_on_c, 3, 83, 0
4, 12540, Note_on_c, 3, 95, 100
4, 12540, Note_on_c, 3, 98, 100
4, 12544, Note_on_c, 3, 100, 0
4, 12565, Note_on_c, 3, 86, 0
4, 12567, Note_on_c, 3, 89, 100
4, 12596, Note_on_c, 3, 80, 100
4, 12598, Note_on_c, 3, 89, 0
4, 12603, Note_on_c, 3, 98, 0
4, 12604, Note_on_c, 3, 95, 0
4, 12626, Note_on_c, 3, 89, 100
4, 12628, Note_on_c, 3, 80, 0
4, 12650, Note_on_c, 3, 89, 0
4, 12658, Note_on_c, 3, 88, 100
4, 12659, Note_on_c, 3, 95, 100
4, 12659, Note_on_c, 3, 98, 100
4, 12678, Note_on_c, 3, 95, 0
4, 12678, Note_on_c, 3, 98, 0
4, 12686, Note_on_c, 3, 86, 100
4, 12690, Note_on_c, 3, 88, 0
4, 12706, Note_on_c, 3, 86, 0
4, 12716, Note_on_c, 3, 84, 100
4, 12718, Note_on_c, 3, 95, 100
4, 12719, Note_on_c, 3, 98, 100
4, 12746, Note_on_c, 3, 81, 100
4, 12748, Note_on_c, 3, 84, 0
4, 12766, Note_on_c, 3, 81, 0
4, 12773, Note_on_c, 3, 84, 100
4, 12775, Note_on_c, 3, 95, 0
4, 12776, Note_on_c, 3, 98, 0
4, 12777, Note_on_c, 3, 93, 100
4, 12777, Note_on_c, 3, 96, 100
4, 12803, Note_on_c, 3, 84, 0
4, 12804, Note_on_c, 3, 88, 100
4, 12824, Note_on_c, 3, 88, 0
4, 12828, Note_on_c, 3, 96, 0
4, 12834, Note_on_c, 3, 77, 100
4, 12859, Note_on_c, 3, 77, 0
4, 12867, Note_on_c, 3, 93, 0
4, 12870, Note_on_c, 3, 98, 100
4, 12898, Note_on_c, 3, 89, 100
4, 12900, Note_on_c, 3, 93, 100
4, 12901, Note_on_c, 3, 101, 100
4, 12902, Note_on_c, 3, 98, 0
4, 12929, Note_on_c, 3, 101, 0
4, 12929, Note_on_c, 3, 105, 100
4, 12937, Note_on_c, 3, 105, 0
4, 12957, Note_on_c, 3, 93, 0
4, 12957, Note_on_c, 3, 91, 100
4, 12960, Note_on_c, 3, 95, 100
4, 12986, Note_on_c, 3, 89, 0
4, 12990, Note_on_c, 3, 98, 100
4, 12991, Note_on_c, 3, 95, 0
4, 13001, Note_on_c, 3, 98, 0
4, 13015, Note_on_c, 3, 88, 100
4, 13022, Note_on_c, 3, 103, 100
4, 13046, Note_on_c, 3, 86, 100
4, 13047, Note_on_c, 3, 88, 0
4, 13076, Note_on_c, 3, 88, 100
4, 13080, Note_on_c, 3, 86, 0
4, 13081, Note_on_c, 3, 91, 0
4, 13089, Note_on_c, 3, 103, 0
4, 13110, Note_on_c, 3, 100, 100
4, 13138, Note_on_c, 3, 96, 100
4, 13139, Note_on_c, 3, 100, 0
4, 13140, Note_on_c, 3, 91, 100
4, 13162, Note_on_c, 3, 91, 0
4, 13166, Note_on_c, 3, 100, 100
4, 13170, Note_on_c, 3, 96, 0
4, 13196, Note_on_c, 3, 100, 0
4, 13196, Note_on_c, 3, 89, 100
4, 13197, Note_on_c, 3, 93, 100
4, 13203, Note_on_c, 3, 88, 0
4, 13228, Note_on_c, 3, 96, 100
4, 13233, Note_on_c, 3, 93, 0
4, 13241, Note_on_c, 3, 96, 0
4, 13253, Note_on_c, 3, 86, 100
4, 13259, Note_on_c, 3, 101, 100
4, 13281, Note_on_c, 3, 86, 0
4, 13283, Note_on_c, 3, 84, 100
4, 13288, Note_on_c, 3, 100, 100
4, 13289, Note_on_c, 3, 101, 0
4, 13310, Note_on_c, 3, 84, 0
4, 13317, Note_on_c, 3, 86, 100
4, 13321, Note_on_c, 3, 100, 0
4, 13321, Note_on_c, 3, 101, 100
4, 13350, Note_on_c, 3, 101, 0
4, 13351, Note_on_c, 3, 96, 100
4, 13352, Note_on_c, 3, 89, 0
4, 13352, Note_on_c, 3, 86, 0
4, 13374, Note_on_c, 3, 79, 100
4, 13381, Note_on_c, 3, 95, 100
4, 13382, Note_on_c, 3, 96, 0
4, 13396, Note_on_c, 3, 95, 0
4, 13410, Note_on_c, 3, 79, 0
4, 13410, Note_on_c, 3, 101, 100
4, 13423, Note_on_c, 3, 101, 0
4, 13436, Note_on_c, 3, 84, 100
4, 13440, Note_on_c, 3, 100, 100
4, 13462, Note_on_c, 3, 84, 0
4, 13473, Note_on_c, 3, 103, 100
4, 13474, Note_on_c, 3, 100, 0
4, 13497, Note_on_c, 3, 72, 100
4, 13501, Note_on_c, 3, 103, 0
4, 13502, Note_on_c, 3, 100, 100
4, 13525, Note_on_c, 3, 72, 0
4, 13532, Note_on_c, 3, 100, 0
4, 13532, Note_on_c, 3, 96, 100
4, 13560, Note_on_c, 3, 84, 100
4, 13564, Note_on_c, 3, 96, 0
4, 13564, Note_on_c, 3, 93, 100
4, 13585, Note_on_c, 3, 93, 0
4, 13594, Note_on_c, 3, 100, 100
4, 13625, Note_on_c, 3, 96, 100
4, 13626, Note_on_c, 3, 100, 0
4, 13652, Note_on_c, 3, 96, 0
4, 13653, Note_on_c, 3, 93, 100
4, 13683, Note_on_c, 3, 89, 100
4, 13685, Note_on_c, 3, 93, 0
4, 13714, Note_on_c, 3, 93, 100
4, 13720, Note_on_c, 3, 84, 0
4, 13720, Note_on_c, 3, 89, 0
4, 13732, Note_on_c, 3, 93, 0
4, 13741, Note_on_c, 3, 82, 100
4, 13745, Note_on_c, 3, 98, 100
4, 13757, Note_on_c, 3, 82, 0
4, 13772, Note_on_c, 3, 81, 100
4, 13773, Note_on_c, 3, 96, 100
4, 13775, Note_on_c, 3, 98, 0
4, 13790, Note_on_c, 3, 81, 0
4, 13802, Note_on_c, 3, 82, 100
4, 13806, Note_on_c, 3, 98, 100
4, 13809, Note_on_c, 3, 96, 0
4, 13835, Note_on_c, 3, 94, 100
4, 13836, Note_on_c, 3, 98, 0
4, 13863, Note_on_c, 3, 91, 100
4, 13868, Note_on_c, 3, 94, 0
4, 13896, Note_on_c, 3, 91, 0
4, 13897, Note_on_c, 3, 94, 100
4, 13934, Note_on_c, 3, 94, 0
4, 13936, Note_on_c, 3, 88, 100
4, 13956, Note_on_c, 3, 82, 0
4, 13965, Note_on_c, 3, 84, 100
4, 13966, Note_on_c, 3, 88, 0
4, 13991, Note_on_c, 3, 81, 100
4, 13994, Note_on_c, 3, 84, 0
4, 13995, Note_on_c, 3, 88, 100
4, 14019, Note_on_c, 3, 79, 100
4, 14020, Note_on_c, 3, 81, 0
4, 14024, Note_on_c, 3, 88, 0
4, 14025, Note_on_c, 3, 91, 100
4, 14051, Note_on_c, 3, 79, 0
4, 14051, Note_on_c, 3, 81, 100
4, 14055, Note_on_c, 3, 96, 100
4, 14057, Note_on_c, 3, 91, 0
4, 14071, Note_on_c, 3, 96, 0
4, 14082, Note_on_c, 3, 89, 100
4, 14110, Note_on_c, 3, 89, 0
4, 14110, Note_on_c, 3, 93, 100
4, 14112, Note_on_c, 3, 81, 0
4, 14112, Note_on_c, 3, 77, 100
4, 14114, Note_on_c, 3, 101, 100
4, 14142, Note_on_c, 3, 93, 0
4, 14142, Note_on_c, 3, 96, 100
4, 14166, Note_on_c, 3, 77, 0
4, 14166, Note_on_c, 3, 96, 0
4, 14167, Note_on_c, 3, 82, 100
4, 14170, Note_on_c, 3, 101, 0
4, 14172, Note_on_c, 3, 98, 100
4, 14206, Note_on_c, 3, 94, 100
4, 14225, Note_on_c, 3, 94, 0
4, 14227, Note_on_c, 3, 98, 0
4, 14229, Note_on_c, 3, 91, 100
4, 14230, Note_on_c, 3, 106, 100
4, 14259, Note_on_c, 3, 91, 0
4, 14259, Note_on_c, 3, 94, 100
4, 14278, Note_on_c, 3, 94, 0
4, 14288, Note_on_c, 3, 82, 0
4, 14289, Note_on_c, 3, 84, 100
4, 14290, Note_on_c, 3, 88, 100
4, 14318, Note_on_c, 3, 88, 0
4, 14321, Note_on_c, 3, 98, 100
4, 14348, Note_on_c, 3, 106, 0
4, 14349, Note_on_c, 3, 98, 0
4, 14349, Note_on_c, 3, 105, 100
4, 14350, Note_on_c, 3, 96, 100
4, 14379, Note_on_c, 3, 94, 100
4, 14380, Note_on_c, 3, 96, 0
4, 14380, Note_on_c, 3, 103, 100
4, 14381, Note_on_c, 3, 105, 0
4, 14410, Note_on_c, 3, 94, 0
4, 14410, Note_on_c, 3, 103, 0
4, 14410, Note_on_c, 3, 93, 100
4, 14410, Note_on_c, 3, 101, 100
4, 14435, Note_on_c, 3, 84, 0
4, 14438, Note_on_c, 3, 103, 100
4, 14441, Note_on_c, 3, 101, 0
4, 14448, Note_on_c, 3, 93, 0
4, 14465, Note_on_c, 3, 82, 100
4, 14466, Note_on_c, 3, 91, 100
4, 14469, Note_on_c, 3, 103, 0
4, 14469, Note_on_c, 3, 100, 100
4, 14485, Note_on_c, 3, 91, 0
4, 14495, Note_on_c, 3, 89, 100
4, 14495, Note_on_c, 3, 81, 100
4, 14498, Note_on_c, 3, 100, 0
4, 14498, Note_on_c, 3, 101, 100
4, 14500, Note_on_c, 3, 82, 0
4, 14514, Note_on_c, 3, 89, 0
4, 14523, Note_on_c, 3, 81, 0
4, 14527, Note_on_c, 3, 79, 100
4, 14528, Note_on_c, 3, 88, 100
4, 14529, Note_on_c, 3, 101, 0
4, 14529, Note_on_c, 3, 103, 100
4, 14558, Note_on_c, 3, 79, 0
4, 14558, Note_on_c, 3, 101, 100
4, 14560, Note_on_c, 3, 103, 0
4, 14585, Note_on_c, 3, 84, 100
4, 14587, Note_on_c, 3, 100, 100
4, 14589, Note_on_c, 3, 101, 0
4, 14606, Note_on_c, 3, 88, 0
4, 14613, Note_on_c, 3, 100, 0
4, 14615, Note_on_c, 3, 98, 100
4, 14643, Note_on_c, 3, 89, 100
4, 14645, Note_on_c, 3, 96, 100
4, 14646, Note_on_c, 3, 98, 0
4, 14673, Note_on_c, 3, 96, 0
4, 14675, Note_on_c, 3, 98, 100
4, 14703, Note_on_c, 3, 81, 100
4, 14704, Note_on_c, 3, 98, 0
4, 14705, Note_on_c, 3, 99, 100
4, 14706, Note_on_c, 3, 84, 0
4, 14733, Note_on_c, 3, 79, 100
4, 14735, Note_on_c, 3, 81, 0
4, 14761, Note_on_c, 3, 79, 0
4, 14763, Note_on_c, 3, 81, 100
4, 14776, Note_on_c, 3, 89, 0
4, 14791, Note_on_c, 3, 91, 100
4, 14819, Note_on_c, 3, 91, 0
4, 14821, Note_on_c, 3, 99, 0
4, 14822, Note_on_c, 3, 89, 100
4, 14822, Note_on_c, 3, 98, 100
4, 14849, Note_on_c, 3, 87, 100
4, 14850, Note_on_c, 3, 89, 0
4, 14851, Note_on_c, 3, 98, 0
4, 14851, Note_on_c, 3, 96, 100
4, 14879, Note_on_c, 3, 94, 100
4, 14880, Note_on_c, 3, 87, 0
4, 14880, Note_on_c, 3, 96, 0
4, 14881, Note_on_c, 3, 86, 100
4, 14908, Note_on_c, 3, 94, 0
4, 14910, Note_on_c, 3, 96, 100
4, 14917, Note_on_c, 3, 86, 0
4, 14925, Note_on_c, 3, 96, 0
4, 14935, Note_on_c, 3, 79, 100
4, 14936, Note_on_c, 3, 81, 0
4, 14940, Note_on_c, 3, 93, 100
4, 14941, Note_on_c, 3, 87, 100
4, 14970, Note_on_c, 3, 93, 0
4, 14970, Note_on_c, 3, 94, 100
4, 14998, Note_on_c, 3, 94, 0
4, 15000, Note_on_c, 3, 96, 100
4, 15031, Note_on_c, 3, 94, 100
4, 15032, Note_on_c, 3, 87, 0
4, 15033, Note_on_c, 3, 96, 0
4, 15051, Note_on_c, 3, 79, 0
4, 15054, Note_on_c, 3, 77, 100
4, 15057, Note_on_c, 3, 94, 0
4, 15059, Note_on_c, 3, 93, 100
4, 15090, Note_on_c, 3, 91, 100
4, 15091, Note_on_c, 3, 93, 0
4, 15115, Note_on_c, 3, 91, 0
4, 15120, Note_on_c, 3, 86, 100
4, 15121, Note_on_c, 3, 89, 100
4, 15140, Note_on_c, 3, 89, 0
4, 15146, Note_on_c, 3, 77, 0
4, 15148, Note_on_c, 3, 79, 100
4, 15174, Note_on_c, 3, 79, 0
4, 15176, Note_on_c, 3, 76, 100
4, 15178, Note_on_c, 3, 94, 100
4, 15206, Note_on_c, 3, 77, 100
4, 15208, Note_on_c, 3, 76, 0
4, 15214, Note_on_c, 3, 94, 0
4, 15223, Note_on_c, 3, 86, 0
4, 15237, Note_on_c, 3, 77, 0
4, 15237, Note_on_c, 3, 79, 100
4, 15238, Note_on_c, 3, 84, 100
4, 15239, Note_on_c, 3, 88, 100
4, 15266, Note_on_c, 3, 77, 100
4, 15268, Note_on_c, 3, 79, 0
4, 15270, Note_on_c, 3, 88, 0
4, 15296, Note_on_c, 3, 76, 100
4, 15300, Note_on_c, 3, 77, 0
4, 15300, Note_on_c, 3, 91, 100
4, 15326, Note_on_c, 3, 74, 100
4, 15327, Note_on_c, 3, 76, 0
4, 15356, Note_on_c, 3, 72, 100
4, 15362, Note_on_c, 3, 89, 100
4, 15363, Note_on_c, 3, 91, 0
4, 15363, Note_on_c, 3, 74, 0
4, 15364, Note_on_c, 3, 84, 0
4, 15385, Note_on_c, 3, 72, 0
4, 15389, Note_on_c, 3, 86, 100
4, 15401, Note_on_c, 3, 89, 0
4, 15401, Note_on_c, 3, 86, 0
4, 15416, Note_on_c, 3, 77, 100
4, 15421, Note_on_c, 3, 82, 100
4, 15421, Note_on_c, 3, 93, 100
4, 15449, Note_on_c, 3, 84, 100
4, 15450, Note_on_c, 3, 82, 0
4, 15481, Note_on_c, 3, 86, 100
4, 15483, Note_on_c, 3, 84, 0
4, 15509, Note_on_c, 3, 86, 0
4, 15510, Note_on_c, 3, 84, 100
4, 15520, Note_on_c, 3, 77, 0
4, 15530, Note_on_c, 3, 84, 0
4, 15536, Note_on_c, 3, 74, 100
4, 15537, Note_on_c, 3, 82, 100
4, 15540, Note_on_c, 3, 91, 100
4, 15542, Note_on_c, 3, 93, 0
4, 15554, Note_on_c, 3, 82, 0
4, 15567, Note_on_c, 3, 81, 100
4, 15571, Note_on_c, 3, 89, 100
4, 15573, Note_on_c, 3, 91, 0
4, 15577, Note_on_c, 3, 81, 0
4, 15596, Note_on_c, 3, 74, 0
4, 15599, Note_on_c, 3, 89, 0
4, 15599, Note_on_c, 3, 79, 100
4, 15599, Note_on_c, 3, 76, 100
4, 15603, Note_on_c, 3, 88, 100
4, 15621, Note_on_c, 3, 88, 0
4, 15634, Note_on_c, 3, 84, 100
4, 15662, Note_on_c, 3, 84, 0
4, 15662, Note_on_c, 3, 88, 100
4, 15689, Note_on_c, 3, 91, 100
4, 15690, Note_on_c, 3, 88, 0
4, 15715, Note_on_c, 3, 79, 0
4, 15717, Note_on_c, 3, 76, 0
4, 15720, Note_on_c, 3, 91, 0
4, 15722, Note_on_c, 3, 96, 100
4, 15746, Note_on_c, 3, 72, 100
4, 15751, Note_on_c, 3, 89, 100
4, 15752, Note_on_c, 3, 96, 0
4, 15766, Note_on_c, 3, 72, 0
4, 15776, Note_on_c, 3, 76, 100
4, 15782, Note_on_c, 3, 89, 0
4, 15782, Note_on_c, 3, 93, 100
4, 15796, Note_on_c, 3, 76, 0
4, 15805, Note_on_c, 3, 79, 100
4, 15811, Note_on_c, 3, 93, 0
4, 15811, Note_on_c, 3, 96, 100
4, 15821, Note_on_c, 3, 79, 0
4, 15837, Note_on_c, 3, 84, 100
4, 15841, Note_on_c, 3, 99, 100
4, 15842, Note_on_c, 3, 96, 0
4, 15872, Note_on_c, 3, 96, 100
4, 15873, Note_on_c, 3, 99, 0
4, 15899, Note_on_c, 3, 87, 100
4, 15901, Note_on_c, 3, 93, 100
4, 15902, Note_on_c, 3, 96, 0
4, 15928, Note_on_c, 3, 96, 100
4, 15929, Note_on_c, 3, 93, 0
4, 15933, Note_on_c, 3, 84, 0
4, 15934, Note_on_c, 3, 87, 0
4, 15956, Note_on_c, 3, 81, 100
4, 15956, Note_on_c, 3, 84, 100
4, 15961, Note_on_c, 3, 96, 0
4, 15961, Note_on_c, 3, 90, 100
4, 15979, Note_on_c, 3, 84, 0
4, 15980, Note_on_c, 3, 81, 0
4, 15984, Note_on_c, 3, 90, 0
4, 15992, Note_on_c, 3, 99, 100
4, 16005, Note_on_c, 3, 99, 0
4, 16019, Note_on_c, 3, 98, 100
4, 16019, Note_on_c, 3, 81, 100
4, 16019, Note_on_c, 3, 78, 100
4, 16043, Note_on_c, 3, 78, 0
4, 16044, Note_on_c, 3, 81, 0
4, 16046, Note_on_c, 3, 98, 0
4, 16049, Note_on_c, 3, 96, 100
4, 16066, Note_on_c, 3, 96, 0
4, 16078, Note_on_c, 3, 79, 100
4, 16079, Note_on_c, 3, 86, 100
4, 16080, Note_on_c, 3, 95, 100
4, 16104, Note_on_c, 3, 86, 0
4, 16108, Note_on_c, 3, 79, 0
4, 16108, Note_on_c, 3, 91, 100
4, 16109, Note_on_c, 3, 95, 0
4, 16116, Note_on_c, 3, 91, 0
4, 16136, Note_on_c, 3, 86, 100
4, 16138, Note_on_c, 3, 91, 100
4, 16139, Note_on_c, 3, 95, 100
4, 16158, Note_on_c, 3, 95, 0
4, 16169, Note_on_c, 3, 98, 100
4, 16184, Note_on_c, 3, 98, 0
4, 16202, Note_on_c, 3, 86, 0
4, 16202, Note_on_c, 3, 100, 100
4, 16227, Note_on_c, 3, 83, 100
4, 16246, Note_on_c, 3, 83, 0
4, 16257, Note_on_c, 3, 84, 100
4, 16282, Note_on_c, 3, 84, 0
4, 16284, Note_on_c, 3, 88, 100
4, 16313, Note_on_c, 3, 91, 0
4, 16314, Note_on_c, 3, 88, 0
4, 16316, Note_on_c, 3, 93, 100
4, 16340, Note_on_c, 3, 93, 0
4, 16346, Note_on_c, 3, 81, 100
4, 16374, Note_on_c, 3, 81, 0
4, 16374, Note_on_c, 3, 86, 100
4, 16379, Note_on_c, 3, 98, 100
4, 16381, Note_on_c, 3, 100, 0
4, 16401, Note_on_c, 3, 86, 0
4, 16402, Note_on_c, 3, 89, 100
4, 16433, Note_on_c, 3, 89, 0
4, 16433, Note_on_c, 3, 91, 100
4, 16465, Note_on_c, 3, 84, 100
4, 16469, Note_on_c, 3, 91, 0
4, 16494, Note_on_c, 3, 88, 100
4, 16496, Note_on_c, 3, 96, 100
4, 16497, Note_on_c, 3, 84, 0
4, 16498, Note_on_c, 3, 98, 0
4, 16523, Note_on_c, 3, 91, 100
4, 16527, Note_on_c, 3, 88, 0
4, 16534, Note_on_c, 3, 91, 0
4, 16555, Note_on_c, 3, 93, 100
4, 16558, Note_on_c, 3, 96, 0
4, 16587, Note_on_c, 3, 89, 100
4, 16590, Note_on_c, 3, 93, 0
4, 16590, Note_on_c, 3, 93, 100
4, 16618, Note_on_c, 3, 89, 0
4, 16618, Note_on_c, 3, 86, 100
4, 16619, Note_on_c, 3, 95, 100
4, 16622, Note_on_c, 3, 93, 0
4, 16632, Note_on_c, 3, 95, 0
4, 16645, Note_on_c, 3, 86, 0
4, 16645, Note_on_c, 3, 89, 100
4, 16646, Note_on_c, 3, 98, 100
4, 16659, Note_on_c, 3, 98, 0
4, 16674, Note_on_c, 3, 89, 0
4, 16674, Note_on_c, 3, 83, 100
4, 16675, Note_on_c, 3, 101, 100
4, 16703, Note_on_c, 3, 83, 0
4, 16703, Note_on_c, 3, 93, 100
4, 16717, Note_on_c, 3, 101, 0
4, 16731, Note_on_c, 3, 91, 100
4, 16732, Note_on_c, 3, 95, 100
4, 16733, Note_on_c, 3, 93, 0
4, 16759, Note_on_c, 3, 95, 0
4, 16760, Note_on_c, 3, 89, 100
4, 16761, Note_on_c, 3, 91, 0
4, 16785, Note_on_c, 3, 89, 0
4, 16789, Note_on_c, 3, 96, 100
4, 16791, Note_on_c, 3, 88, 100
4, 16823, Note_on_c, 3, 88, 0
4, 16824, Note_on_c, 3, 89, 100
4, 16843, Note_on_c, 3, 89, 0
4, 16851, Note_on_c, 3, 86, 100
4, 16851, Note_on_c, 3, 84, 100
4, 16886, Note_on_c, 3, 86, 0
4, 16888, Note_on_c, 3, 88, 100
4, 16909, Note_on_c, 3, 88, 0
4, 16918, Note_on_c, 3, 89, 100
4, 16922, Note_on_c, 3, 96, 0
4, 16922, Note_on_c, 3, 98, 100
4, 16939, Note_on_c, 3, 89, 0
4, 16952, Note_on_c, 3, 91, 100
4, 16979, Note_on_c, 3, 83, 100
4, 16982, Note_on_c, 3, 84, 0
4, 16983, Note_on_c, 3, 88, 100
4, 16984, Note_on_c, 3, 91, 0
4, 17007, Note_on_c, 3, 81, 100
4, 17008, Note_on_c, 3, 83, 0
4, 17013, Note_on_c, 3, 88, 0
4, 17013, Note_on_c, 3, 89, 100
4, 17038, Note_on_c, 3, 79, 100
4, 17041, Note_on_c, 3, 81, 0
4, 17046, Note_on_c, 3, 89, 0
4, 17046, Note_on_c, 3, 91, 100
4, 17069, Note_on_c, 3, 79, 0
4, 17070, Note_on_c, 3, 81, 100
4, 17075, Note_on_c, 3, 98, 0
4, 17075, Note_on_c, 3, 96, 100
4, 17078, Note_on_c, 3, 91, 0
4, 17100, Note_on_c, 3, 77, 100
4, 17101, Note_on_c, 3, 81, 0
4, 17105, Note_on_c, 3, 93, 100
4, 17106, Note_on_c, 3, 96, 0
4, 17130, Note_on_c, 3, 77, 0
4, 17130, Note_on_c, 3, 79, 100
4, 17133, Note_on_c, 3, 93, 0
4, 17134, Note_on_c, 3, 96, 100
4, 17153, Note_on_c, 3, 96, 0
4, 17163, Note_on_c, 3, 81, 100
4, 17164, Note_on_c, 3, 79, 0
4, 17164, Note_on_c, 3, 89, 100
4, 17190, Note_on_c, 3, 79, 100
4, 17191, Note_on_c, 3, 89, 0
4, 17193, Note_on_c, 3, 100, 100
4, 17194, Note_on_c, 3, 81, 0
4, 17219, Note_on_c, 3, 77, 100
4, 17221, Note_on_c, 3, 98, 100
4, 17222, Note_on_c, 3, 100, 0
4, 17225, Note_on_c, 3, 79, 0
4, 17248, Note_on_c, 3, 76, 100
4, 17249, Note_on_c, 3, 77, 0
4, 17249, Note_on_c, 3, 96, 100
4, 17251, Note_on_c, 3, 98, 0
4, 17261, Note_on_c, 3, 96, 0
4, 17264, Note_on_c, 3, 76, 0
4, 17276, Note_on_c, 3, 74, 100
4, 17281, Note_on_c, 3, 95, 100
4, 17303, Note_on_c, 3, 74, 0
4, 17304, Note_on_c, 3, 76, 100
4, 17312, Note_on_c, 3, 96, 100
4, 17316, Note_on_c, 3, 95, 0
4, 17321, Note_on_c, 3, 76, 0
4, 17328, Note_on_c, 3, 96, 0
4, 17338, Note_on_c, 3, 77, 100
4, 17341, Note_on_c, 3, 93, 100
4, 17370, Note_on_c, 3, 93, 0
4, 17370, Note_on_c, 3, 95, 100
4, 17387, Note_on_c, 3, 95, 0
4, 17402, Note_on_c, 3, 96, 100
4, 17432, Note_on_c, 3, 93, 100
4, 17434, Note_on_c, 3, 96, 0
4, 17457, Note_on_c, 3, 76, 100
4, 17458, Note_on_c, 3, 77, 0
4, 17461, Note_on_c, 3, 93, 0
4, 17463, Note_on_c, 3, 91, 100
4, 17487, Note_on_c, 3, 74, 100
4, 17489, Note_on_c, 3, 76, 0
4, 17492, Note_on_c, 3, 89, 100
4, 17493, Note_on_c, 3, 91, 0
4, 17512, Note_on_c, 3, 89, 0
4, 17520, Note_on_c, 3, 72, 100
4, 17521, Note_on_c, 3, 74, 0
4, 17522, Note_on_c, 3, 88, 100
4, 17549, Note_on_c, 3, 72, 0
4, 17550, Note_on_c, 3, 91, 100
4, 17551, Note_on_c, 3, 88, 0
4, 17579, Note_on_c, 3, 91, 0
4, 17579, Note_on_c, 3, 96, 100
4, 17579, Note_on_c, 3, 76, 100
4, 17581, Note_on_c, 3, 88, 100
4, 17610, Note_on_c, 3, 88, 0
4, 17610, Note_on_c, 3, 84, 100
4, 17636, Note_on_c, 3, 76, 0
4, 17637, Note_on_c, 3, 77, 100
4, 17639, Note_on_c, 3, 84, 0
4, 17640, Note_on_c, 3, 86, 100
4, 17670, Note_on_c, 3, 88, 100
4, 17673, Note_on_c, 3, 86, 0
4, 17678, Note_on_c, 3, 77, 0
4, 17696, Note_on_c, 3, 79, 100
4, 17699, Note_on_c, 3, 88, 0
4, 17699, Note_on_c, 3, 94, 100
4, 17700, Note_on_c, 3, 89, 100
4, 17701, Note_on_c, 3, 96, 0
4, 17729, Note_on_c, 3, 94, 0
4, 17729, Note_on_c, 3, 93, 100
4, 17734, Note_on_c, 3, 89, 0
4, 17742, Note_on_c, 3, 79, 0
4, 17756, Note_on_c, 3, 72, 100
4, 17760, Note_on_c, 3, 88, 100
4, 17764, Note_on_c, 3, 91, 100
4, 17765, Note_on_c, 3, 93, 0
4, 17787, Note_on_c, 3, 84, 100
4, 17791, Note_on_c, 3, 93, 100
4, 17792, Note_on_c, 3, 91, 0
4, 17793, Note_on_c, 3, 72, 0
4, 17795, Note_on_c, 3, 88, 0
4, 17818, Note_on_c, 3, 93, 0
4, 17819, Note_on_c, 3, 84, 0
4, 17819, Note_on_c, 3, 81, 100
4, 17820, Note_on_c, 3, 89, 100
4, 17847, Note_on_c, 3, 84, 100
4, 17848, Note_on_c, 3, 91, 100
4, 17849, Note_on_c, 3, 89, 0
4, 17851, Note_on_c, 3, 81, 0
4, 17863, Note_on_c, 3, 84, 0
4, 17877, Note_on_c, 3, 77, 100
4, 17880, Note_on_c, 3, 93, 100
4, 17881, Note_on_c, 3, 91, 0
4, 17908, Note_on_c, 3, 88, 100
4, 17910, Note_on_c, 3, 77, 0
4, 17910, Note_on_c, 3, 91, 100
4, 17912, Note_on_c, 3, 93, 0
4, 17937, Note_on_c, 3, 86, 100
4, 17939, Note_on_c, 3, 88, 0
4, 17940, Note_on_c, 3, 89, 100
4, 17942, Note_on_c, 3, 91, 0
4, 17967, Note_on_c, 3, 84, 100
4, 17970, Note_on_c, 3, 88, 100
4, 17971, Note_on_c, 3, 86, 0
4, 17973, Note_on_c, 3, 89, 0
4, 17993, Note_on_c, 3, 84, 0
4, 17998, Note_on_c, 3, 83, 100
4, 18000, Note_on_c, 3, 86, 100
4, 18001, Note_on_c, 3, 88, 0
4, 18026, Note_on_c, 3, 84, 100
4, 18029, Note_on_c, 3, 86, 0
4, 18030, Note_on_c, 3, 88, 100
4, 18032, Note_on_c, 3, 83, 0
4, 18043, Note_on_c, 3, 88, 0
4, 18056, Note_on_c, 3, 84, 0
4, 18056, Note_on_c, 3, 81, 100
4, 18062, Note_on_c, 3, 89, 100
4, 18085, Note_on_c, 3, 81, 0
4, 18086, Note_on_c, 3, 83, 100
4, 18113, Note_on_c, 3, 83, 0
4, 18117, Note_on_c, 3, 84, 100
4, 18145, Note_on_c, 3, 84, 0
4, 18146, Note_on_c, 3, 81, 100
4, 18176, Note_on_c, 3, 81, 0
4, 18176, Note_on_c, 3, 79, 100
4, 18177, Note_on_c, 3, 88, 100
4, 18180, Note_on_c, 3, 89, 0
4, 18202, Note_on_c, 3, 79, 0
4, 18204, Note_on_c, 3, 77, 100
4, 18209, Note_on_c, 3, 86, 100
4, 18213, Note_on_c, 3, 88, 0
4, 18219, Note_on_c, 3, 77, 0
4, 18237, Note_on_c, 3, 79, 100
4, 18243, Note_on_c, 3, 88, 100
4, 18245, Note_on_c, 3, 86, 0
4, 18267, Note_on_c, 3, 88, 0
4, 18276, Note_on_c, 3, 84, 100
4, 18302, Note_on_c, 3, 82, 100
4, 18305, Note_on_c, 3, 88, 100
4, 18306, Note_on_c, 3, 84, 0
4, 18332, Note_on_c, 3, 88, 0
4, 18333, Note_on_c, 3, 91, 100
4, 18353, Note_on_c, 3, 82, 0
4, 18358, Note_on_c, 3, 81, 100
4, 18362, Note_on_c, 3, 91, 0
4, 18363, Note_on_c, 3, 96, 100
4, 18365, Note_on_c, 3, 79, 0
4, 18391, Note_on_c, 3, 89, 100
4, 18393, Note_on_c, 3, 96, 0
4, 18420, Note_on_c, 3, 93, 100
4, 18421, Note_on_c, 3, 89, 0
4, 18421, Note_on_c, 3, 84, 100
4, 18449, Note_on_c, 3, 96, 100
4, 18450, Note_on_c, 3, 93, 0
4, 18461, Note_on_c, 3, 84, 0
4, 18478, Note_on_c, 3, 82, 100
4, 18479, Note_on_c, 3, 81, 0
4, 18480, Note_on_c, 3, 98, 100
4, 18481, Note_on_c, 3, 96, 0
4, 18510, Note_on_c, 3, 94, 100
4, 18513, Note_on_c, 3, 98, 0
4, 18514, Note_on_c, 3, 82, 0
4, 18537, Note_on_c, 3, 86, 100
4, 18537, Note_on_c, 3, 82, 100
4, 18542, Note_on_c, 3, 94, 0
4, 18542, Note_on_c, 3, 91, 100
4, 18566, Note_on_c, 3, 81, 100
4, 18569, Note_on_c, 3, 82, 0
4, 18571, Note_on_c, 3, 94, 100
4, 18572, Note_on_c, 3, 91, 0
4, 18579, Note_on_c, 3, 81, 0
4, 18587, Note_on_c, 3, 94, 0
4, 18600, Note_on_c, 3, 86, 0
4, 18600, Note_on_c, 3, 79, 100
4, 18600, Note_on_c, 3, 88, 100
4, 18631, Note_on_c, 3, 98, 100
4, 18664, Note_on_c, 3, 98, 0
4, 18664, Note_on_c, 3, 96, 100
4, 18691, Note_on_c, 3, 96, 0
4, 18691, Note_on_c, 3, 94, 100
4, 18716, Note_on_c, 3, 94, 0
4, 18720, Note_on_c, 3, 93, 100
4, 18725, Note_on_c, 3, 88, 0
4, 18731, Note_on_c, 3, 79, 0
4, 18748, Note_on_c, 3, 81, 100
4, 18767, Note_on_c, 3, 81, 0
4, 18778, Note_on_c, 3, 77, 100
4, 18779, Note_on_c, 3, 84, 100
4, 18780, Note_on_c, 3, 93, 0
4, 18805, Note_on_c, 3, 84, 0
4, 18806, Note_on_c, 3, 77, 0
4, 18806, Note_on_c, 3, 76, 100
4, 18808, Note_on_c, 3, 89, 100
4, 18837, Note_on_c, 3, 76, 0
4, 18838, Note_on_c, 3, 77, 100
4, 18840, Note_on_c, 3, 89, 0
4, 18840, Note_on_c, 3, 93, 100
4, 18840, Note_on_c, 3, 98, 100
4, 18871, Note_on_c, 3, 86, 100
4, 18874, Note_on_c, 3, 93, 0
4, 18880, Note_on_c, 3, 77, 0
4, 18900, Note_on_c, 3, 86, 0
4, 18900, Note_on_c, 3, 81, 100
4, 18901, Note_on_c, 3, 89, 100
4, 18929, Note_on_c, 3, 93, 100
4, 18933, Note_on_c, 3, 89, 0
4, 18951, Note_on_c, 3, 93, 0
4, 18958, Note_on_c, 3, 94, 100
4, 18985, Note_on_c, 3, 94, 0
4, 18989, Note_on_c, 3, 91, 100
4, 19014, Note_on_c, 3, 79, 100
4, 19018, Note_on_c, 3, 81, 0
4, 19019, Note_on_c, 3, 88, 100
4, 19020, Note_on_c, 3, 91, 0
4, 19045, Note_on_c, 3, 77, 100
4, 19047, Note_on_c, 3, 79, 0
4, 19048, Note_on_c, 3, 88, 0
4, 19048, Note_on_c, 3, 91, 100
4, 19073, Note_on_c, 3, 91, 0
4, 19075, Note_on_c, 3, 77, 0
4, 19076, Note_on_c, 3, 84, 100
4, 19076, Note_on_c, 3, 79, 100
4, 19077, Note_on_c, 3, 100, 100
4, 19078, Note_on_c, 3, 98, 0
4, 19099, Note_on_c, 3, 84, 0
4, 19106, Note_on_c, 3, 94, 100
4, 19115, Note_on_c, 3, 79, 0
4, 19135, Note_on_c, 3, 94, 0
4, 19136, Note_on_c, 3, 93, 100
4, 19144, Note_on_c, 3, 82, 100
4, 19167, Note_on_c, 3, 93, 0
4, 19168, Note_on_c, 3, 91, 100
4, 19194, Note_on_c, 3, 100, 0
4, 19194, Note_on_c, 3, 96, 100
4, 19195, Note_on_c, 3, 91, 0
4, 19195, Note_on_c, 3, 101, 100
4, 19222, Note_on_c, 3, 96, 0
4, 19227, Note_on_c, 3, 93, 100
4, 19250, Note_on_c, 3, 82, 0
4, 19252, Note_on_c, 3, 93, 0
4, 19253, Note_on_c, 3, 81, 100
4, 19257, Note_on_c, 3, 89, 100
4, 19278, Note_on_c, 3, 89, 0
4, 19285, Note_on_c, 3, 96, 100
4, 19306, Note_on_c, 3, 96, 0
4, 19315, Note_on_c, 3, 86, 100
4, 19335, Note_on_c, 3, 86, 0
4, 19346, Note_on_c, 3, 96, 100
4, 19366, Note_on_c, 3, 96, 0
4, 19374, Note_on_c, 3, 79, 100
4, 19375, Note_on_c, 3, 81, 0
4, 19376, Note_on_c, 3, 94, 100
4, 19390, Note_on_c, 3, 94, 0
4, 19402, Note_on_c, 3, 77, 100
4, 19404, Note_on_c, 3, 93, 100
4, 19405, Note_on_c, 3, 79, 0
4, 19412, Note_on_c, 3, 93, 0
4, 19426, Note_on_c, 3, 101, 0
4, 19428, Note_on_c, 3, 77, 0
4, 19431, Note_on_c, 3, 91, 100
4, 19432, Note_on_c, 3, 76, 100
4, 19460, Note_on_c, 3, 76, 0
4, 19460, Note_on_c, 3, 77, 100
4, 19489, Note_on_c, 3, 74, 100
4, 19490, Note_on_c, 3, 77, 0
4, 19490, Note_on_c, 3, 103, 100
4, 19519, Note_on_c, 3, 76, 100
4, 19522, Note_on_c, 3, 74, 0
4, 19548, Note_on_c, 3, 91, 0
4, 19549, Note_on_c, 3, 93, 100
4, 19550, Note_on_c, 3, 76, 0
4, 19550, Note_on_c, 3, 77, 100
4, 19577, Note_on_c, 3, 76, 100
4, 19582, Note_on_c, 3, 77, 0
4, 19604, Note_on_c, 3, 103, 0
4, 19608, Note_on_c, 3, 74, 100
4, 19610, Note_on_c, 3, 76, 0
4, 19612, Note_on_c, 3, 101, 100
4, 19612, Note_on_c, 3, 95, 100
4, 19613, Note_on_c, 3, 93, 0
4, 19639, Note_on_c, 3, 72, 100
4, 19643, Note_on_c, 3, 74, 0
4, 19654, Note_on_c, 3, 101, 0
4, 19657, Note_on_c, 3, 95, 0
4, 19666, Note_on_c, 3, 72, 0
4, 19668, Note_on_c, 3, 79, 100
4, 19675, Note_on_c, 3, 100, 100
4, 19675, Note_on_c, 3, 96, 100
4, 19710, Note_on_c, 3, 101, 100
4, 19712, Note_on_c, 3, 100, 0
4, 19721, Note_on_c, 3, 79, 0
4, 19736, Note_on_c, 3, 101, 0
4, 19738, Note_on_c, 3, 77, 100
4, 19738, Note_on_c, 3, 98, 100
4, 19746, Note_on_c, 3, 96, 0
4, 19762, Note_on_c, 3, 77, 0
4, 19765, Note_on_c, 3, 98, 0
4, 19765, Note_on_c, 3, 79, 100
4, 19766, Note_on_c, 3, 100, 100
4, 19777, Note_on_c, 3, 100, 0
4, 19778, Note_on_c, 3, 79, 0
4, 19794, Note_on_c, 3, 81, 100
4, 19798, Note_on_c, 3, 101, 100
4, 19829, Note_on_c, 3, 99, 100
4, 19832, Note_on_c, 3, 101, 0
4, 19860, Note_on_c, 3, 99, 0
4, 19861, Note_on_c, 3, 98, 100
4, 19892, Note_on_c, 3, 98, 0
4, 19892, Note_on_c, 3, 96, 100
4, 19917, Note_on_c, 3, 96, 0
4, 19923, Note_on_c, 3, 98, 100
4, 19953, Note_on_c, 3, 86, 100
4, 19954, Note_on_c, 3, 98, 0
4, 19978, Note_on_c, 3, 81, 0
4, 19980, Note_on_c, 3, 79, 100
4, 19985, Note_on_c, 3, 91, 100
4, 19987, Note_on_c, 3, 86, 0
4, 19998, Note_on_c, 3, 79, 0
4, 20007, Note_on_c, 3, 78, 100
4, 20013, Note_on_c, 3, 94, 100
4, 20015, Note_on_c, 3, 91, 0
4, 20018, Note_on_c, 3, 78, 0
4, 20040, Note_on_c, 3, 79, 100
4, 20042, Note_on_c, 3, 94, 0
4, 20044, Note_on_c, 3, 98, 100
4, 20065, Note_on_c, 3, 98, 0
4, 20074, Note_on_c, 3, 91, 100
4, 20102, Note_on_c, 3, 91, 0
4, 20102, Note_on_c, 3, 94, 100
4, 20132, Note_on_c, 3, 94, 0
4, 20132, Note_on_c, 3, 98, 100
4, 20162, Note_on_c, 3, 99, 100
4, 20164, Note_on_c, 3, 98, 0
4, 20190, Note_on_c, 3, 99, 0
4, 20190, Note_on_c, 3, 96, 100
4, 20195, Note_on_c, 3, 79, 0
4, 20217, Note_on_c, 3, 78, 100
4, 20221, Note_on_c, 3, 93, 100
4, 20222, Note_on_c, 3, 96, 0
4, 20236, Note_on_c, 3, 78, 0
4, 20245, Note_on_c, 3, 79, 100
4, 20249, Note_on_c, 3, 96, 100
4, 20251, Note_on_c, 3, 93, 0
4, 20260, Note_on_c, 3, 79, 0
4, 20271, Note_on_c, 3, 96, 0
4, 20276, Note_on_c, 3, 81, 100
4, 20280, Note_on_c, 3, 90, 100
4, 20293, Note_on_c, 3, 90, 0
4, 20309, Note_on_c, 3, 99, 100
4, 20338, Note_on_c, 3, 99, 0
4, 20340, Note_on_c, 3, 98, 100
4, 20340, Note_on_c, 3, 102, 100
4, 20363, Note_on_c, 3, 81, 0
4, 20363, Note_on_c, 3, 102, 0
4, 20369, Note_on_c, 3, 98, 0
4, 20369, Note_on_c, 3, 96, 100
4, 20395, Note_on_c, 3, 74, 100
4, 20399, Note_on_c, 3, 96, 0
4, 20399, Note_on_c, 3, 103, 100
4, 20400, Note_on_c, 3, 94, 100
4, 20425, Note_on_c, 3, 94, 0
4, 20426, Note_on_c, 3, 103, 0
4, 20428, Note_on_c, 3, 105, 100
4, 20457, Note_on_c, 3, 86, 100
4, 20459, Note_on_c, 3, 105, 0
4, 20459, Note_on_c, 3, 106, 100
4, 20486, Note_on_c, 3, 106, 0
4, 20487, Note_on_c, 3, 105, 100
4, 20499, Note_on_c, 3, 86, 0
4, 20503, Note_on_c, 3, 74, 0
4, 20515, Note_on_c, 3, 88, 100
4, 20518, Note_on_c, 3, 105, 0
4, 20518, Note_on_c, 3, 103, 100
4, 20549, Note_on_c, 3, 103, 0
4, 20549, Note_on_c, 3, 101, 100
4, 20550, Note_on_c, 3, 88, 0
4, 20575, Note_on_c, 3, 101, 0
4, 20576, Note_on_c, 3, 100, 100
4, 20577, Note_on_c, 3, 82, 100
4, 20577, Note_on_c, 3, 91, 100
4, 20606, Note_on_c, 3, 98, 100
4, 20607, Note_on_c, 3, 100, 0
4, 20621, Note_on_c, 3, 91, 0
4, 20626, Note_on_c, 3, 98, 0
4, 20637, Note_on_c, 3, 81, 100
4, 20638, Note_on_c, 3, 93, 100
4, 20638, Note_on_c, 3, 97, 100
4, 20639, Note_on_c, 3, 82, 0
4, 20661, Note_on_c, 3, 93, 0
4, 20667, Note_on_c, 3, 91, 100
4, 20681, Note_on_c, 3, 91, 0
4, 20689, Note_on_c, 3, 97, 0
4, 20697, Note_on_c, 3, 98, 100
4, 20699, Note_on_c, 3, 89, 100
4, 20723, Note_on_c, 3, 89, 0
4, 20724, Note_on_c, 3, 88, 100
4, 20732, Note_on_c, 3, 98, 0
4, 20732, Note_on_c, 3, 88, 0
4, 20754, Note_on_c, 3, 100, 100
4, 20757, Note_on_c, 3, 85, 100
4, 20762, Note_on_c, 3, 81, 0
4, 20783, Note_on_c, 3, 82, 100
4, 20813, Note_on_c, 3, 81, 100
4, 20814, Note_on_c, 3, 82, 0
4, 20836, Note_on_c, 3, 81, 0
4, 20840, Note_on_c, 3, 79, 100
4, 20850, Note_on_c, 3, 79, 0
4, 20871, Note_on_c, 3, 77, 100
4, 20875, Note_on_c, 3, 100, 0
4, 20895, Note_on_c, 3, 85, 0
4, 20910, Note_on_c, 3, 93, 100
4, 20939, Note_on_c, 3, 98, 100
4, 20940, Note_on_c, 3, 81, 100
4, 20944, Note_on_c, 3, 93, 0
4, 20968, Note_on_c, 3, 98, 0
4, 20968, Note_on_c, 3, 101, 100
4, 20973, Note_on_c, 3, 81, 0
4, 20998, Note_on_c, 3, 101, 0
4, 20998, Note_on_c, 3, 86, 100
4, 20998, Note_on_c, 3, 105, 100
4, 21004, Note_on_c, 3, 77, 0
4, 21024, Note_on_c, 3, 105, 0
4, 21029, Note_on_c, 3, 98, 100
4, 21053, Note_on_c, 3, 77, 100
4, 21059, Note_on_c, 3, 98, 0
4, 21059, Note_on_c, 3, 101, 100
4, 21075, Note_on_c, 3, 77, 0
4, 21088, Note_on_c, 3, 105, 100
4, 21090, Note_on_c, 3, 101, 0
4, 21114, Note_on_c, 3, 76, 100
4, 21118, Note_on_c, 3, 106, 100
4, 21120, Note_on_c, 3, 105, 0
4, 21138, Note_on_c, 3, 86, 0
4, 21149, Note_on_c, 3, 103, 100
4, 21150, Note_on_c, 3, 106, 0
4, 21171, Note_on_c, 3, 85, 100
4, 21180, Note_on_c, 3, 100, 100
4, 21181, Note_on_c, 3, 103, 0
4, 21186, Note_on_c, 3, 85, 0
4, 21205, Note_on_c, 3, 86, 100
4, 21208, Note_on_c, 3, 103, 100
4, 21211, Note_on_c, 3, 100, 0
4, 21222, Note_on_c, 3, 86, 0
4, 21238, Note_on_c, 3, 88, 100
4, 21239, Note_on_c, 3, 97, 100
4, 21240, Note_on_c, 3, 103, 0
4, 21265, Note_on_c, 3, 88, 0
4, 21267, Note_on_c, 3, 76, 0
4, 21271, Note_on_c, 3, 106, 100
4, 21272, Note_on_c, 3, 97, 0
4, 21292, Note_on_c, 3, 106, 0
4, 21296, Note_on_c, 3, 81, 100
4, 21297, Note_on_c, 3, 85, 100
4, 21300, Note_on_c, 3, 105, 100
4, 21328, Note_on_c, 3, 103, 100
4, 21329, Note_on_c, 3, 85, 0
4, 21330, Note_on_c, 3, 105, 0
4, 21331, Note_on_c, 3, 81, 0
4, 21335, Note_on_c, 3, 103, 0
4, 21357, Note_on_c, 3, 74, 100
4, 21357, Note_on_c, 3, 86, 100
4, 21360, Note_on_c, 3, 101, 100
4, 21374, Note_on_c, 3, 86, 0
4, 21383, Note_on_c, 3, 74, 0
4, 21388, Note_on_c, 3, 98, 100
4, 21391, Note_on_c, 3, 101, 0
4, 21417, Note_on_c, 3, 86, 100
4, 21418, Note_on_c, 3, 95, 100
4, 21418, Note_on_c, 3, 89, 100
4, 21419, Note_on_c, 3, 98, 0
4, 21449, Note_on_c, 3, 98, 100
4, 21453, Note_on_c, 3, 95, 0
4, 21461, Note_on_c, 3, 89, 0
4, 21461, Note_on_c, 3, 98, 0
4, 21462, Note_on_c, 3, 86, 0
4, 21476, Note_on_c, 3, 83, 100
4, 21476, Note_on_c, 3, 86, 100
4, 21479, Note_on_c, 3, 92, 100
4, 21501, Note_on_c, 3, 86, 0
4, 21502, Note_on_c, 3, 83, 0
4, 21506, Note_on_c, 3, 92, 0
4, 21509, Note_on_c, 3, 101, 100
4, 21527, Note_on_c, 3, 101, 0
4, 21535, Note_on_c, 3, 83, 100
4, 21536, Note_on_c, 3, 80, 100
4, 21540, Note_on_c, 3, 100, 100
4, 21562, Note_on_c, 3, 80, 0
4, 21563, Note_on_c, 3, 83, 0
4, 21568, Note_on_c, 3, 98, 100
4, 21570, Note_on_c, 3, 100, 0
4, 21576, Note_on_c, 3, 98, 0
4, 21597, Note_on_c, 3, 81, 100
4, 21600, Note_on_c, 3, 97, 100
4, 21632, Note_on_c, 3, 93, 100
4, 21637, Note_on_c, 3, 81, 0
4, 21650, Note_on_c, 3, 93, 0
4, 21661, Note_on_c, 3, 69, 100
4, 21663, Note_on_c, 3, 88, 100
4, 21687, Note_on_c, 3, 88, 0
4, 21691, Note_on_c, 3, 91, 100
4, 21695, Note_on_c, 3, 97, 0
4, 21701, Note_on_c, 3, 69, 0
4, 21703, Note_on_c, 3, 91, 0
4, 21721, Note_on_c, 3, 90, 100
4, 21753, Note_on_c, 3, 99, 100
4, 21756, Note_on_c, 3, 90, 0
4, 21780, Note_on_c, 3, 74, 100
4, 21781, Note_on_c, 3, 99, 0
4, 21783, Note_on_c, 3, 98, 100
4, 21805, Note_on_c, 3, 74, 0
4, 21809, Note_on_c, 3, 98, 0
4, 21812, Note_on_c, 3, 96, 100
4, 21824, Note_on_c, 3, 96, 0
4, 21840, Note_on_c, 3, 79, 100
4, 21843, Note_on_c, 3, 95, 100
4, 21871, Note_on_c, 3, 79, 0
4, 21871, Note_on_c, 3, 91, 100
4, 21900, Note_on_c, 3, 67, 100
4, 21900, Note_on_c, 3, 86, 100
4, 21902, Note_on_c, 3, 91, 0
4, 21917, Note_on_c, 3, 86, 0
4, 21930, Note_on_c, 3, 89, 100
4, 21942, Note_on_c, 3, 67, 0
4, 21942, Note_on_c, 3, 89, 0
4, 21950, Note_on_c, 3, 95, 0
4, 21963, Note_on_c, 3, 88, 100
4, 21991, Note_on_c, 3, 98, 100
4, 22019, Note_on_c, 3, 72, 100
4, 22022, Note_on_c, 3, 98, 0
4, 22022, Note_on_c, 3, 96, 100
4, 22034, Note_on_c, 3, 72, 0
4, 22047, Note_on_c, 3, 96, 0
4, 22054, Note_on_c, 3, 94, 100
4, 22063, Note_on_c, 3, 94, 0
4, 22082, Note_on_c, 3, 93, 100
4, 22083, Note_on_c, 3, 77, 100
4, 22088, Note_on_c, 3, 88, 0
4, 22114, Note_on_c, 3, 93, 0
4, 22116, Note_on_c, 3, 81, 100
4, 22135, Note_on_c, 3, 81, 0
4, 22148, Note_on_c, 3, 86, 100
4, 22175, Note_on_c, 3, 86, 0
4, 22183, Note_on_c, 3, 89, 100
4, 22199, Note_on_c, 3, 89, 0
4, 22213, Note_on_c, 3, 93, 100
4, 22241, Note_on_c, 3, 93, 0
4, 22241, Note_on_c, 3, 86, 100
4, 22269, Note_on_c, 3, 86, 0
4, 22269, Note_on_c, 3, 89, 100
4, 22270, Note_on_c, 3, 77, 0
4, 22294, Note_on_c, 3, 93, 100
4, 22295, Note_on_c, 3, 89, 0
4, 22307, Note_on_c, 3, 93, 0
4, 22320, Note_on_c, 3, 78, 100
4, 22324, Note_on_c, 3, 96, 100
4, 22325, Note_on_c, 3, 99, 100
4, 22353, Note_on_c, 3, 93, 100
4, 22357, Note_on_c, 3, 96, 0
4, 22381, Note_on_c, 3, 90, 100
4, 22382, Note_on_c, 3, 93, 0
4, 22407, Note_on_c, 3, 90, 0
4, 22407, Note_on_c, 3, 93, 100
4, 22436, Note_on_c, 3, 78, 0
4, 22437, Note_on_c, 3, 93, 0
4, 22438, Note_on_c, 3, 99, 0
4, 22438, Note_on_c, 3, 87, 100
4, 22467, Note_on_c, 3, 87, 0
4, 22469, Note_on_c, 3, 96, 100
4, 22497, Note_on_c, 3, 95, 100
4, 22498, Note_on_c, 3, 96, 0
4, 22524, Note_on_c, 3, 93, 100
4, 22525, Note_on_c, 3, 95, 0
4, 22541, Note_on_c, 3, 93, 0
4, 22554, Note_on_c, 3, 92, 100
4, 22555, Note_on_c, 3, 100, 100
4, 22581, Note_on_c, 3, 76, 100
4, 22588, Note_on_c, 3, 100, 0
4, 22604, Note_on_c, 3, 92, 0
4, 22613, Note_on_c, 3, 80, 100
4, 22615, Note_on_c, 3, 76, 0
4, 22619, Note_on_c, 3, 98, 100
4, 22620, Note_on_c, 3, 95, 100
4, 22641, Note_on_c, 3, 80, 0
4, 22641, Note_on_c, 3, 83, 100
4, 22643, Note_on_c, 3, 98, 0
4, 22675, Note_on_c, 3, 83, 0
4, 22676, Note_on_c, 3, 96, 100
4, 22676, Note_on_c, 3, 88, 100
4, 22697, Note_on_c, 3, 88, 0
4, 22705, Note_on_c, 3, 81, 100
4, 22709, Note_on_c, 3, 95, 0
4, 22736, Note_on_c, 3, 93, 100
4, 22737, Note_on_c, 3, 84, 100
4, 22739, Note_on_c, 3, 81, 0
4, 22765, Note_on_c, 3, 88, 100
4, 22766, Note_on_c, 3, 84, 0
4, 22794, Note_on_c, 3, 96, 0
4, 22794, Note_on_c, 3, 88, 0
4, 22795, Note_on_c, 3, 89, 100
4, 22796, Note_on_c, 3, 95, 100
4, 22824, Note_on_c, 3, 86, 100
4, 22826, Note_on_c, 3, 89, 0
4, 22829, Note_on_c, 3, 96, 100
4, 22830, Note_on_c, 3, 95, 0
4, 22855, Note_on_c, 3, 83, 100
4, 22856, Note_on_c, 3, 86, 0
4, 22857, Note_on_c, 3, 98, 100
4, 22858, Note_on_c, 3, 96, 0
4, 22858, Note_on_c, 3, 92, 100
4, 22860, Note_on_c, 3, 93, 0
4, 22883, Note_on_c, 3, 83, 0
4, 22883, Note_on_c, 3, 86, 100
4, 22885, Note_on_c, 3, 93, 100
4, 22886, Note_on_c, 3, 92, 0
4, 22898, Note_on_c, 3, 93, 0
4, 22900, Note_on_c, 3, 86, 0
4, 22912, Note_on_c, 3, 80, 100
4, 22916, Note_on_c, 3, 95, 100
4, 22942, Note_on_c, 3, 80, 0
4, 22942, Note_on_c, 3, 89, 100
4, 22969, Note_on_c, 3, 88, 100
4, 22972, Note_on_c, 3, 89, 0
4, 22999, Note_on_c, 3, 86, 100
4, 23002, Note_on_c, 3, 88, 0
4, 23020, Note_on_c, 3, 86, 0
4, 23030, Note_on_c, 3, 84, 100
4, 23062, Note_on_c, 3, 81, 100
4, 23064, Note_on_c, 3, 84, 0
4, 23092, Note_on_c, 3, 81, 0
4, 23092, Note_on_c, 3, 84, 100
4, 23098, Note_on_c, 3, 96, 100
4, 23099, Note_on_c, 3, 93, 100
4, 23100, Note_on_c, 3, 95, 0
4, 23101, Note_on_c, 3, 98, 0
4, 23122, Note_on_c, 3, 84, 0
4, 23123, Note_on_c, 3, 88, 100
4, 23153, Note_on_c, 3, 78, 100
4, 23154, Note_on_c, 3, 88, 0
4, 23161, Note_on_c, 3, 96, 0
4, 23163, Note_on_c, 3, 93, 0
4, 23184, Note_on_c, 3, 87, 100
4, 23185, Note_on_c, 3, 78, 0
4, 23214, Note_on_c, 3, 87, 0
4, 23214, Note_on_c, 3, 86, 100
4, 23215, Note_on_c, 3, 93, 100
4, 23215, Note_on_c, 3, 96, 100
4, 23231, Note_on_c, 3, 96, 0
4, 23232, Note_on_c, 3, 93, 0
4, 23242, Note_on_c, 3, 84, 100
4, 23245, Note_on_c, 3, 86, 0
4, 23268, Note_on_c, 3, 84, 0
4, 23272, Note_on_c, 3, 82, 100
4, 23274, Note_on_c, 3, 93, 100
4, 23274, Note_on_c, 3, 96, 100
4, 23304, Note_on_c, 3, 79, 100
4, 23305, Note_on_c, 3, 82, 0
4, 23333, Note_on_c, 3, 96, 0
4, 23333, Note_on_c, 3, 82, 100
4, 23334, Note_on_c, 3, 94, 100
4, 23335, Note_on_c, 3, 93, 0
4, 23335, Note_on_c, 3, 79, 0
4, 23335, Note_on_c, 3, 91, 100
4, 23364, Note_on_c, 3, 82, 0
4, 23364, Note_on_c, 3, 86, 100
4, 23366, Note_on_c, 3, 94, 0
4, 23388, Note_on_c, 3, 91, 0
4, 23392, Note_on_c, 3, 86, 0
4, 23393, Note_on_c, 3, 76, 100
4, 23426, Note_on_c, 3, 86, 100
4, 23427, Note_on_c, 3, 76, 0
4, 23451, Note_on_c, 3, 94, 100
4, 23452, Note_on_c, 3, 103, 100
4, 23455, Note_on_c, 3, 86, 0
4, 23455, Note_on_c, 3, 84, 100
4, 23467, Note_on_c, 3, 103, 0
4, 23468, Note_on_c, 3, 94, 0
4, 23480, Note_on_c, 3, 82, 100
4, 23486, Note_on_c, 3, 84, 0
4, 23498, Note_on_c, 3, 82, 0
4, 23509, Note_on_c, 3, 81, 100
4, 23514, Note_on_c, 3, 103, 100
4, 23515, Note_on_c, 3, 94, 100
4, 23544, Note_on_c, 3, 81, 0
4, 23544, Note_on_c, 3, 77, 100
4, 23574, Note_on_c, 3, 81, 100
4, 23576, Note_on_c, 3, 77, 0
4, 23578, Note_on_c, 3, 103, 0
4, 23578, Note_on_c, 3, 101, 100
4, 23579, Note_on_c, 3, 94, 0
4, 23579, Note_on_c, 3, 93, 100
4, 23604, Note_on_c, 3, 81, 0
4, 23604, Note_on_c, 3, 84, 100
4, 23634, Note_on_c, 3, 84, 0
4, 23635, Note_on_c, 3, 93, 0
4, 23635, Note_on_c, 3, 74, 100
4, 23639, Note_on_c, 3, 101, 0
4, 23665, Note_on_c, 3, 74, 0
4, 23665, Note_on_c, 3, 84, 100
4, 23695, Note_on_c, 3, 82, 100
4, 23697, Note_on_c, 3, 84, 0
4, 23699, Note_on_c, 3, 98, 100
4, 23699, Note_on_c, 3, 101, 100
4, 23715, Note_on_c, 3, 98, 0
4, 23716, Note_on_c, 3, 101, 0
4, 23723, Note_on_c, 3, 81, 100
4, 23727, Note_on_c, 3, 82, 0
4, 23743, Note_on_c, 3, 81, 0
4, 23755, Note_on_c, 3, 79, 100
4, 23762, Note_on_c, 3, 101, 100
4, 23762, Note_on_c, 3, 98, 100
4, 23791, Note_on_c, 3, 76, 100
4, 23795, Note_on_c, 3, 79, 0
4, 23820, Note_on_c, 3, 76, 0
4, 23820, Note_on_c, 3, 79, 100
4, 23822, Note_on_c, 3, 101, 0
4, 23822, Note_on_c, 3, 97, 100
4, 23823, Note_on_c, 3, 100, 100
4, 23826, Note_on_c, 3, 98, 0
4, 23847, Note_on_c, 3, 79, 0
4, 23847, Note_on_c, 3, 82, 100
4, 23876, Note_on_c, 3, 82, 0
4, 23877, Note_on_c, 3, 73, 100
4, 23883, Note_on_c, 3, 97, 0
4, 23884, Note_on_c, 3, 100, 0
4, 23908, Note_on_c, 3, 82, 100
4, 23910, Note_on_c, 3, 73, 0
4, 23936, Note_on_c, 3, 81, 100
4, 23937, Note_on_c, 3, 82, 0
4, 23937, Note_on_c, 3, 91, 100
4, 23938, Note_on_c, 3, 88, 100
4, 23954, Note_on_c, 3, 88, 0
4, 23955, Note_on_c, 3, 91, 0
4, 23964, Note_on_c, 3, 79, 100
4, 23969, Note_on_c, 3, 81, 0
4, 23983, Note_on_c, 3, 79, 0
4, 23994, Note_on_c, 3, 77, 100
4, 24000, Note_on_c, 3, 91, 100
4, 24000, Note_on_c, 3, 88, 100
4, 24026, Note_on_c, 3, 74, 100
4, 24027, Note_on_c, 3, 77, 0
4, 24056, Note_on_c, 3, 77, 100
4, 24059, Note_on_c, 3, 74, 0
4, 24065, Note_on_c, 3, 91, 0
4, 24065, Note_on_c, 3, 89, 100
4, 24065, Note_on_c, 3, 86, 100
4, 24068, Note_on_c, 3, 88, 0
4, 24085, Note_on_c, 3, 77, 0
4, 24086, Note_on_c, 3, 81, 100
4, 24119, Note_on_c, 3, 71, 100
4, 24120, Note_on_c, 3, 81, 0
4, 24125, Note_on_c, 3, 89, 0
4, 24126, Note_on_c, 3, 86, 0
4, 24150, Note_on_c, 3, 71, 0
4, 24150, Note_on_c, 3, 81, 100
4, 24175, Note_on_c, 3, 98, 100
4, 24175, Note_on_c, 3, 95, 100
4, 24179, Note_on_c, 3, 80, 100
4, 24183, Note_on_c, 3, 81, 0
4, 24189, Note_on_c, 3, 98, 0
4, 24190, Note_on_c, 3, 95, 0
4, 24205, Note_on_c, 3, 78, 100
4, 24211, Note_on_c, 3, 80, 0
4, 24224, Note_on_c, 3, 78, 0
4, 24233, Note_on_c, 3, 76, 100
4, 24234, Note_on_c, 3, 98, 100
4, 24235, Note_on_c, 3, 95, 100
4, 24262, Note_on_c, 3, 72, 100
4, 24263, Note_on_c, 3, 76, 0
4, 24288, Note_on_c, 3, 76, 100
4, 24290, Note_on_c, 3, 72, 0
4, 24294, Note_on_c, 3, 98, 0
4, 24297, Note_on_c, 3, 96, 100
4, 24320, Note_on_c, 3, 95, 0
4, 24322, Note_on_c, 3, 80, 100
4, 24326, Note_on_c, 3, 76, 0
4, 24341, Note_on_c, 3, 80, 0
4, 24354, Note_on_c, 3, 93, 100
4, 24356, Note_on_c, 3, 84, 100
4, 24381, Note_on_c, 3, 81, 100
4, 24384, Note_on_c, 3, 84, 0
4, 24409, Note_on_c, 3, 81, 0
4, 24410, Note_on_c, 3, 84, 100
4, 24413, Note_on_c, 3, 91, 100
4, 24414, Note_on_c, 3, 93, 0
4, 24438, Note_on_c, 3, 87, 100
4, 24439, Note_on_c, 3, 84, 0
4, 24461, Note_on_c, 3, 87, 0
4, 24467, Note_on_c, 3, 78, 100
4, 24474, Note_on_c, 3, 91, 0
4, 24475, Note_on_c, 3, 93, 100
4, 24497, Note_on_c, 3, 74, 100
4, 24498, Note_on_c, 3, 78, 0
4, 24530, Note_on_c, 3, 78, 100
4, 24532, Note_on_c, 3, 96, 0
4, 24534, Note_on_c, 3, 74, 0
4, 24534, Note_on_c, 3, 98, 100
4, 24558, Note_on_c, 3, 78, 0
4, 24558, Note_on_c, 3, 81, 100
4, 24564, Note_on_c, 3, 96, 100
4, 24568, Note_on_c, 3, 98, 0
4, 24590, Note_on_c, 3, 86, 100
4, 24591, Note_on_c, 3, 81, 0
4, 24598, Note_on_c, 3, 94, 100
4, 24601, Note_on_c, 3, 96, 0
4, 24621, Note_on_c, 3, 82, 100
4, 24623, Note_on_c, 3, 86, 0
4, 24652, Note_on_c, 3, 79, 100
4, 24654, Note_on_c, 3, 82, 0
4, 24660, Note_on_c, 3, 91, 100
4, 24663, Note_on_c, 3, 93, 0
4, 24681, Note_on_c, 3, 79, 0
4, 24681, Note_on_c, 3, 82, 100
4, 24691, Note_on_c, 3, 89, 100
4, 24692, Note_on_c, 3, 91, 0
4, 24703, Note_on_c, 3, 82, 0
4, 24717, Note_on_c, 3, 76, 100
4, 24721, Note_on_c, 3, 89, 0
4, 24721, Note_on_c, 3, 91, 100
4, 24748, Note_on_c, 3, 72, 100
4, 24749, Note_on_c, 3, 76, 0
4, 24774, Note_on_c, 3, 76, 100
4, 24776, Note_on_c, 3, 72, 0
4, 24785, Note_on_c, 3, 94, 0
4, 24786, Note_on_c, 3, 96, 100
4, 24803, Note_on_c, 3, 76, 0
4, 24803, Note_on_c, 3, 79, 100
4, 24817, Note_on_c, 3, 96, 0
4, 24817, Note_on_c, 3, 94, 100
4, 24842, Note_on_c, 3, 79, 0
4, 24842, Note_on_c, 3, 84, 100
4, 24846, Note_on_c, 3, 94, 0
4, 24848, Note_on_c, 3, 93, 100
4, 24873, Note_on_c, 3, 81, 100
4, 24875, Note_on_c, 3, 89, 100
4, 24876, Note_on_c, 3, 84, 0
4, 24877, Note_on_c, 3, 91, 0
4, 24889, Note_on_c, 3, 93, 0
4, 24905, Note_on_c, 3, 77, 100
4, 24906, Note_on_c, 3, 98, 100
4, 24907, Note_on_c, 3, 81, 0
4, 24910, Note_on_c, 3, 89, 0
4, 24931, Note_on_c, 3, 77, 0
4, 24931, Note_on_c, 3, 81, 100
4, 24935, Note_on_c, 3, 89, 100
4, 24947, Note_on_c, 3, 89, 0
4, 24960, Note_on_c, 3, 81, 0
4, 24962, Note_on_c, 3, 79, 100
4, 24968, Note_on_c, 3, 88, 100
4, 24999, Note_on_c, 3, 88, 0
4, 24999, Note_on_c, 3, 89, 100
4, 25027, Note_on_c, 3, 77, 100
4, 25028, Note_on_c, 3, 79, 0
4, 25028, Note_on_c, 3, 86, 100
4, 25030, Note_on_c, 3, 89, 0
4, 25056, Note_on_c, 3, 79, 100
4, 25057, Note_on_c, 3, 88, 100
4, 25058, Note_on_c, 3, 77, 0
4, 25059, Note_on_c, 3, 86, 0
4, 25082, Note_on_c, 3, 79, 0
4, 25083, Note_on_c, 3, 81, 100
4, 25086, Note_on_c, 3, 96, 100
4, 25087, Note_on_c, 3, 98, 0
4, 25087, Note_on_c, 3, 89, 100
4, 25089, Note_on_c, 3, 88, 0
4, 25117, Note_on_c, 3, 88, 100
4, 25118, Note_on_c, 3, 89, 0
4, 25144, Note_on_c, 3, 86, 100
4, 25146, Note_on_c, 3, 86, 100
4, 25147, Note_on_c, 3, 88, 0
4, 25171, Note_on_c, 3, 86, 0
4, 25171, Note_on_c, 3, 84, 100
4, 25177, Note_on_c, 3, 84, 100
4, 25181, Note_on_c, 3, 86, 0
4, 25197, Note_on_c, 3, 84, 0
4, 25199, Note_on_c, 3, 84, 0
4, 25201, Note_on_c, 3, 83, 100
4, 25222, Note_on_c, 3, 81, 0
4, 25235, Note_on_c, 3, 101, 100
4, 25236, Note_on_c, 3, 96, 0
4, 25256, Note_on_c, 3, 79, 100
4, 25264, Note_on_c, 3, 101, 0
4, 25264, Note_on_c, 3, 100, 100
4, 25293, Note_on_c, 3, 101, 100
4, 25294, Note_on_c, 3, 100, 0
4, 25320, Note_on_c, 3, 77, 100
4, 25321, Note_on_c, 3, 79, 0
4, 25321, Note_on_c, 3, 103, 100
4, 25323, Note_on_c, 3, 101, 0
4, 25324, Note_on_c, 3, 83, 0
4, 25351, Note_on_c, 3, 101, 100
4, 25353, Note_on_c, 3, 103, 0
4, 25379, Note_on_c, 3, 83, 100
4, 25382, Note_on_c, 3, 100, 100
4, 25384, Note_on_c, 3, 101, 0
4, 25409, Note_on_c, 3, 83, 0
4, 25410, Note_on_c, 3, 100, 0
4, 25410, Note_on_c, 3, 98, 100
4, 25435, Note_on_c, 3, 77, 0
4, 25436, Note_on_c, 3, 98, 0
4, 25436, Note_on_c, 3, 84, 100
4, 25437, Note_on_c, 3, 79, 100
4, 25439, Note_on_c, 3, 100, 100
4, 25464, Note_on_c, 3, 91, 100
4, 25473, Note_on_c, 3, 100, 0
4, 25494, Note_on_c, 3, 98, 100
4, 25495, Note_on_c, 3, 89, 100
4, 25497, Note_on_c, 3, 91, 0
4, 25523, Note_on_c, 3, 89, 0
4, 25524, Note_on_c, 3, 91, 100
4, 25538, Note_on_c, 3, 98, 0
4, 25551, Note_on_c, 3, 96, 100
4, 25553, Note_on_c, 3, 93, 100
4, 25554, Note_on_c, 3, 84, 0
4, 25555, Note_on_c, 3, 79, 0
4, 25555, Note_on_c, 3, 91, 0
4, 25584, Note_on_c, 3, 91, 100
4, 25586, Note_on_c, 3, 93, 0
4, 25615, Note_on_c, 3, 89, 100
4, 25616, Note_on_c, 3, 91, 0
4, 25642, Note_on_c, 3, 89, 0
4, 25642, Note_on_c, 3, 88, 100
4, 25658, Note_on_c, 3, 88, 0
4, 25673, Note_on_c, 3, 86, 100
4, 25702, Note_on_c, 3, 77, 100
4, 25732, Note_on_c, 3, 76, 100
4, 25737, Note_on_c, 3, 77, 0
4, 25752, Note_on_c, 3, 76, 0
4, 25761, Note_on_c, 3, 77, 100
4, 25778, Note_on_c, 3, 77, 0
4, 25791, Note_on_c, 3, 95, 100
4, 25792, Note_on_c, 3, 79, 100
4, 25793, Note_on_c, 3, 96, 0
4, 25795, Note_on_c, 3, 86, 0
4, 25820, Note_on_c, 3, 77, 100
4, 25822, Note_on_c, 3, 93, 100
4, 25824, Note_on_c, 3, 79, 0
4, 25841, Note_on_c, 3, 93, 0
4, 25850, Note_on_c, 3, 76, 100
4, 25853, Note_on_c, 3, 91, 100
4, 25854, Note_on_c, 3, 77, 0
4, 25875, Note_on_c, 3, 91, 0
4, 25880, Note_on_c, 3, 89, 100
4, 25880, Note_on_c, 3, 74, 100
4, 25881, Note_on_c, 3, 76, 0
4, 25892, Note_on_c, 3, 89, 0
4, 25909, Note_on_c, 3, 95, 0
4, 25909, Note_on_c, 3, 74, 0
4, 25909, Note_on_c, 3, 81, 100
4, 25913, Note_on_c, 3, 88, 100
4, 25913, Note_on_c, 3, 96, 100
4, 25940, Note_on_c, 3, 72, 100
4, 25943, Note_on_c, 3, 81, 0
4, 25944, Note_on_c, 3, 88, 0
4, 25972, Note_on_c, 3, 76, 100
4, 25974, Note_on_c, 3, 72, 0
4, 25975, Note_on_c, 3, 91, 100
4, 25976, Note_on_c, 3, 94, 100
4, 25979, Note_on_c, 3, 96, 0
4, 25999, Note_on_c, 3, 79, 100
4, 26000, Note_on_c, 3, 76, 0
4, 26029, Note_on_c, 3, 79, 0
4, 26030, Note_on_c, 3, 84, 100
4, 26038, Note_on_c, 3, 94, 0
4, 26039, Note_on_c, 3, 89, 100
4, 26039, Note_on_c, 3, 93, 100
4, 26044, Note_on_c, 3, 91, 0
4, 26059, Note_on_c, 3, 84, 0
4, 26067, Note_on_c, 3, 77, 100
4, 26097, Note_on_c, 3, 81, 100
4, 26098, Note_on_c, 3, 77, 0
4, 26127, Note_on_c, 3, 81, 0
4, 26127, Note_on_c, 3, 84, 100
4, 26157, Note_on_c, 3, 93, 0
4, 26157, Note_on_c, 3, 91, 100
4, 26158, Note_on_c, 3, 86, 100
4, 26159, Note_on_c, 3, 84, 0
4, 26188, Note_on_c, 3, 83, 100
4, 26190, Note_on_c, 3, 86, 0
4, 26217, Note_on_c, 3, 79, 100
4, 26220, Note_on_c, 3, 83, 0
4, 26247, Note_on_c, 3, 83, 100
4, 26248, Note_on_c, 3, 79, 0
4, 26272, Note_on_c, 3, 83, 0
4, 26274, Note_on_c, 3, 74, 100
4, 26279, Note_on_c, 3, 89, 0
4, 26305, Note_on_c, 3, 81, 100
4, 26308, Note_on_c, 3, 74, 0
4, 26310, Note_on_c, 3, 89, 100
4, 26334, Note_on_c, 3, 81, 0
4, 26334, Note_on_c, 3, 79, 100
4, 26341, Note_on_c, 3, 88, 100
4, 26345, Note_on_c, 3, 89, 0
4, 26365, Note_on_c, 3, 79, 0
4, 26366, Note_on_c, 3, 77, 100
4, 26369, Note_on_c, 3, 86, 100
4, 26370, Note_on_c, 3, 88, 0
4, 26385, Note_on_c, 3, 77, 0
4, 26396, Note_on_c, 3, 76, 100
4, 26399, Note_on_c, 3, 86, 0
4, 26400, Note_on_c, 3, 88, 100
4, 26422, Note_on_c, 3, 91, 0
4, 26423, Note_on_c, 3, 88, 0
4, 26431, Note_on_c, 3, 79, 100
4, 26458, Note_on_c, 3, 79, 0
4, 26462, Note_on_c, 3, 84, 100
4, 26466, Note_on_c, 3, 76, 0
4, 26490, Note_on_c, 3, 88, 100
4, 26497, Note_on_c, 3, 84, 0
4, 26521, Note_on_c, 3, 88, 0
4, 26521, Note_on_c, 3, 91, 100
4, 26545, Note_on_c, 3, 91, 0
4, 26551, Note_on_c, 3, 84, 100
4, 26579, Note_on_c, 3, 79, 100
4, 26581, Note_on_c, 3, 88, 100
4, 26583, Note_on_c, 3, 84, 0
4, 26609, Note_on_c, 3, 91, 100
4, 26611, Note_on_c, 3, 88, 0
4, 26638, Note_on_c, 3, 93, 100
4, 26642, Note_on_c, 3, 91, 0
4, 26669, Note_on_c, 3, 93, 0
4, 26669, Note_on_c, 3, 89, 100
4, 26692, Note_on_c, 3, 79, 0
4, 26697, Note_on_c, 3, 77, 100
4, 26700, Note_on_c, 3, 86, 100
4, 26701, Note_on_c, 3, 89, 0
4, 26723, Note_on_c, 3, 77, 0
4, 26725, Note_on_c, 3, 76, 100
4, 26729, Note_on_c, 3, 89, 100
4, 26732, Note_on_c, 3, 86, 0
4, 26743, Note_on_c, 3, 76, 0
4, 26754, Note_on_c, 3, 89, 0
4, 26757, Note_on_c, 3, 74, 100
4, 26757, Note_on_c, 3, 83, 100
4, 26788, Note_on_c, 3, 83, 0
4, 26788, Note_on_c, 3, 93, 100
4, 26790, Note_on_c, 3, 74, 0
4, 26815, Note_on_c, 3, 91, 100
4, 26817, Note_on_c, 3, 93, 0
4, 26817, Note_on_c, 3, 83, 100
4, 26845, Note_on_c, 3, 89, 100
4, 26847, Note_on_c, 3, 83, 0
4, 26848, Note_on_c, 3, 91, 0
4, 26872, Note_on_c, 3, 89, 0
4, 26874, Note_on_c, 3, 84, 100
4, 26878, Note_on_c, 3, 88, 100
4, 26896, Note_on_c, 3, 84, 0
4, 26906, Note_on_c, 3, 72, 100
4, 26912, Note_on_c, 3, 88, 0
4, 26936, Note_on_c, 3, 76, 100
4, 26937, Note_on_c, 3, 72, 0
4, 26938, Note_on_c, 3, 96, 100
4, 26964, Note_on_c, 3, 79, 100
4, 26965, Note_on_c, 3, 76, 0
4, 26994, Note_on_c, 3, 79, 0
4, 26994, Note_on_c, 3, 84, 100
4, 27022, Note_on_c, 3, 84, 0
4, 27024, Note_on_c, 3, 96, 0
4, 27025, Note_on_c, 3, 76, 100
4, 27052, Note_on_c, 3, 79, 100
4, 27053, Note_on_c, 3, 76, 0
4, 27057, Note_on_c, 3, 95, 100
4, 27078, Note_on_c, 3, 79, 0
4, 27079, Note_on_c, 3, 84, 100
4, 27087, Note_on_c, 3, 93, 100
4, 27090, Note_on_c, 3, 95, 0
4, 27116, Note_on_c, 3, 91, 100
4, 27116, Note_on_c, 3, 88, 100
4, 27117, Note_on_c, 3, 84, 0
4, 27117, Note_on_c, 3, 93, 0
4, 27144, Note_on_c, 3, 84, 100
4, 27146, Note_on_c, 3, 91, 0
4, 27147, Note_on_c, 3, 93, 100
4, 27148, Note_on_c, 3, 88, 0
4, 27174, Note_on_c, 3, 89, 100
4, 27174, Note_on_c, 3, 81, 100
4, 27175, Note_on_c, 3, 93, 0
4, 27176, Note_on_c, 3, 84, 0
4, 27200, Note_on_c, 3, 84, 100
4, 27201, Note_on_c, 3, 81, 0
4, 27204, Note_on_c, 3, 91, 100
4, 27206, Note_on_c, 3, 89, 0
4, 27229, Note_on_c, 3, 77, 100
4, 27231, Note_on_c, 3, 84, 0
4, 27234, Note_on_c, 3, 93, 100
4, 27237, Note_on_c, 3, 91, 0
4, 27260, Note_on_c, 3, 88, 100
4, 27262, Note_on_c, 3, 77, 0
4, 27267, Note_on_c, 3, 91, 100
4, 27270, Note_on_c, 3, 93, 0
4, 27290, Note_on_c, 3, 86, 100
4, 27293, Note_on_c, 3, 88, 0
4, 27298, Note_on_c, 3, 89, 100
4, 27299, Note_on_c, 3, 91, 0
4, 27323, Note_on_c, 3, 84, 100
4, 27325, Note_on_c, 3, 86, 0
4, 27328, Note_on_c, 3, 88, 100
4, 27329, Note_on_c, 3, 89, 0
4, 27346, Note_on_c, 3, 88, 0
4, 27355, Note_on_c, 3, 83, 100
4, 27356, Note_on_c, 3, 84, 0
4, 27358, Note_on_c, 3, 86, 100
4, 27385, Note_on_c, 3, 84, 100
4, 27386, Note_on_c, 3, 83, 0
4, 27386, Note_on_c, 3, 86, 0
4, 27387, Note_on_c, 3, 88, 100
4, 27406, Note_on_c, 3, 88, 0
4, 27414, Note_on_c, 3, 81, 100
4, 27415, Note_on_c, 3, 84, 0
4, 27420, Note_on_c, 3, 89, 100
4, 27445, Note_on_c, 3, 83, 100
4, 27446, Note_on_c, 3, 81, 0
4, 27476, Note_on_c, 3, 84, 100
4, 27477, Note_on_c, 3, 83, 0
4, 27503, Note_on_c, 3, 81, 100
4, 27504, Note_on_c, 3, 84, 0
4, 27534, Note_on_c, 3, 79, 100
4, 27536, Note_on_c, 3, 89, 0
4, 27537, Note_on_c, 3, 88, 100
4, 27539, Note_on_c, 3, 81, 0
4, 27563, Note_on_c, 3, 77, 100
4, 27564, Note_on_c, 3, 79, 0
4, 27568, Note_on_c, 3, 86, 100
4, 27569, Note_on_c, 3, 88, 0
4, 27595, Note_on_c, 3, 77, 0
4, 27595, Note_on_c, 3, 76, 100
4, 27595, Note_on_c, 3, 84, 100
4, 27601, Note_on_c, 3, 86, 0
4, 27628, Note_on_c, 3, 84, 0
4, 27628, Note_on_c, 3, 91, 100
4, 27654, Note_on_c, 3, 79, 100
4, 27655, Note_on_c, 3, 91, 0
4, 27656, Note_on_c, 3, 96, 100
4, 27678, Note_on_c, 3, 79, 0
4, 27682, Note_on_c, 3, 96, 0
4, 27684, Note_on_c, 3, 100, 100
4, 27714, Note_on_c, 3, 100, 0
4, 27715, Note_on_c, 3, 84, 100
4, 27715, Note_on_c, 3, 103, 100
4, 27723, Note_on_c, 3, 76, 0
4, 27742, Note_on_c, 3, 103, 0
4, 27743, Note_on_c, 3, 96, 100
4, 27772, Note_on_c, 3, 76, 100
4, 27775, Note_on_c, 3, 100, 100
4, 27777, Note_on_c, 3, 96, 0
4, 27801, Note_on_c, 3, 76, 0
4, 27804, Note_on_c, 3, 103, 100
4, 27805, Note_on_c, 3, 100, 0
4, 27831, Note_on_c, 3, 77, 100
4, 27837, Note_on_c, 3, 105, 100
4, 27840, Note_on_c, 3, 103, 0
4, 27865, Note_on_c, 3, 84, 0
4, 27869, Note_on_c, 3, 105, 0
4, 27869, Note_on_c, 3, 101, 100
4, 27895, Note_on_c, 3, 81, 100
4, 27900, Note_on_c, 3, 98, 100
4, 27901, Note_on_c, 3, 101, 0
4, 27924, Note_on_c, 3, 81, 0
4, 27927, Note_on_c, 3, 98, 0
4, 27928, Note_on_c, 3, 101, 100
4, 27956, Note_on_c, 3, 101, 0
4, 27957, Note_on_c, 3, 95, 100
4, 27961, Note_on_c, 3, 86, 100
4, 27971, Note_on_c, 3, 77, 0
4, 27988, Note_on_c, 3, 105, 100
4, 27991, Note_on_c, 3, 95, 0
4, 28017, Note_on_c, 3, 77, 100
4, 28018, Note_on_c, 3, 103, 100
4, 28019, Note_on_c, 3, 105, 0
4, 28037, Note_on_c, 3, 77, 0
4, 28045, Note_on_c, 3, 101, 100
4, 28046, Note_on_c, 3, 103, 0
4, 28071, Note_on_c, 3, 86, 0
4, 28072, Note_on_c, 3, 101, 0
4, 28074, Note_on_c, 3, 79, 100
4, 28077, Note_on_c, 3, 100, 100
4, 28106, Note_on_c, 3, 84, 100
4, 28111, Note_on_c, 3, 100, 0
4, 28134, Note_on_c, 3, 84, 0
4, 28137, Note_on_c, 3, 96, 100
4, 28137, Note_on_c, 3, 88, 100
4, 28167, Note_on_c, 3, 88, 0
4, 28167, Note_on_c, 3, 91, 100
4, 28168, Note_on_c, 3, 100, 100
4, 28173, Note_on_c, 3, 96, 0
4, 28192, Note_on_c, 3, 91, 0
4, 28192, Note_on_c, 3, 100, 0
4, 28199, Note_on_c, 3, 105, 100
4, 28201, Note_on_c, 3, 96, 100
4, 28211, Note_on_c, 3, 79, 0
4, 28229, Note_on_c, 3, 93, 100
4, 28230, Note_on_c, 3, 96, 0
4, 28259, Note_on_c, 3, 96, 100
4, 28260, Note_on_c, 3, 93, 0
4, 28260, Note_on_c, 3, 88, 100
4, 28281, Note_on_c, 3, 88, 0
4, 28286, Note_on_c, 3, 96, 0
4, 28287, Note_on_c, 3, 100, 100
4, 28298, Note_on_c, 3, 100, 0
4, 28317, Note_on_c, 3, 86, 100
4, 28319, Note_on_c, 3, 101, 100
4, 28346, Note_on_c, 3, 101, 0
4, 28347, Note_on_c, 3, 98, 100
4, 28375, Note_on_c, 3, 98, 0
4, 28377, Note_on_c, 3, 103, 100
4, 28377, Note_on_c, 3, 95, 100
4, 28378, Note_on_c, 3, 105, 0
4, 28406, Note_on_c, 3, 101, 100
4, 28407, Note_on_c, 3, 103, 0
4, 28407, Note_on_c, 3, 98, 100
4, 28408, Note_on_c, 3, 86, 0
4, 28408, Note_on_c, 3, 95, 0
4, 28421, Note_on_c, 3, 98, 0
4, 28432, Note_on_c, 3, 101, 0
4, 28434, Note_on_c, 3, 107, 100
4, 28437, Note_on_c, 3, 89, 100
4, 28453, Note_on_c, 3, 89, 0
4, 28466, Note_on_c, 3, 105, 100
4, 28493, Note_on_c, 3, 89, 100
4, 28497, Note_on_c, 3, 105, 0
4, 28497, Note_on_c, 3, 103, 100
4, 28522, Note_on_c, 3, 103, 0
4, 28523, Note_on_c, 3, 101, 100
4, 28551, Note_on_c, 3, 89, 0
4, 28551, Note_on_c, 3, 91, 100
4, 28552, Note_on_c, 3, 101, 0
4, 28556, Note_on_c, 3, 108, 100
4, 28556, Note_on_c, 3, 100, 100
4, 28557, Note_on_c, 3, 107, 0
4, 28579, Note_on_c, 3, 91, 0
4, 28581, Note_on_c, 3, 79, 100
4, 28595, Note_on_c, 3, 108, 0
4, 28610, Note_on_c, 3, 84, 100
4, 28612, Note_on_c, 3, 79, 0
4, 28616, Note_on_c, 3, 103, 100
4, 28640, Note_on_c, 3, 84, 0
4, 28640, Note_on_c, 3, 88, 100
4, 28653, Note_on_c, 3, 100, 0
4, 28657, Note_on_c, 3, 103, 0
4, 28673, Note_on_c, 3, 91, 100
4, 28673, Note_on_c, 3, 106, 100
4, 28674, Note_on_c, 3, 88, 0
4, 28704, Note_on_c, 3, 84, 100
4, 28709, Note_on_c, 3, 91, 0
4, 28719, Note_on_c, 3, 106, 0
4, 28734, Note_on_c, 3, 99, 100
4, 28736, Note_on_c, 3, 105, 100
4, 28737, Note_on_c, 3, 90, 100
4, 28740, Note_on_c, 3, 84, 0
4, 28762, Note_on_c, 3, 93, 100
4, 28764, Note_on_c, 3, 90, 0
4, 28770, Note_on_c, 3, 99, 0
4, 28774, Note_on_c, 3, 93, 0
4, 28791, Note_on_c, 3, 94, 100
4, 28796, Note_on_c, 3, 98, 100
4, 28822, Note_on_c, 3, 91, 100
4, 28825, Note_on_c, 3, 94, 0
4, 28851, Note_on_c, 3, 91, 0
4, 28853, Note_on_c, 3, 88, 100
4, 28854, Note_on_c, 3, 105, 0
4, 28854, Note_on_c, 3, 98, 0
4, 28855, Note_on_c, 3, 103, 100
4, 28856, Note_on_c, 3, 100, 100
4, 28882, Note_on_c, 3, 91, 100
4, 28883, Note_on_c, 3, 88, 0
4, 28900, Note_on_c, 3, 91, 0
4, 28912, Note_on_c, 3, 84, 100
4, 28948, Note_on_c, 3, 96, 100
4, 28951, Note_on_c, 3, 100, 0
4, 28976, Note_on_c, 3, 93, 100
4, 28977, Note_on_c, 3, 101, 100
4, 28978, Note_on_c, 3, 103, 0
4, 28978, Note_on_c, 3, 96, 0
4, 29005, Note_on_c, 3, 96, 100
4, 29007, Note_on_c, 3, 93, 0
4, 29007, Note_on_c, 3, 99, 100
4, 29009, Note_on_c, 3, 101, 0
4, 29033, Note_on_c, 3, 99, 0
4, 29034, Note_on_c, 3, 96, 0
4, 29034, Note_on_c, 3, 98, 100
4, 29037, Note_on_c, 3, 89, 100
4, 29065, Note_on_c, 3, 98, 0
4, 29068, Note_on_c, 3, 93, 100
4, 29070, Note_on_c, 3, 84, 0
4, 29092, Note_on_c, 3, 86, 100
4, 29098, Note_on_c, 3, 94, 100
4, 29099, Note_on_c, 3, 93, 0
4, 29122, Note_on_c, 3, 84, 100
4, 29125, Note_on_c, 3, 86, 0
4, 29125, Note_on_c, 3, 98, 100
4, 29126, Note_on_c, 3, 94, 0
4, 29152, Note_on_c, 3, 84, 0
4, 29152, Note_on_c, 3, 82, 100
4, 29153, Note_on_c, 3, 89, 0
4, 29154, Note_on_c, 3, 103, 100
4, 29155, Note_on_c, 3, 98, 0
4, 29182, Note_on_c, 3, 86, 100
4, 29203, Note_on_c, 3, 86, 0
4, 29214, Note_on_c, 3, 91, 100
4, 29240, Note_on_c, 3, 94, 100
4, 29241, Note_on_c, 3, 91, 0
4, 29250, Note_on_c, 3, 94, 0
4, 29271, Note_on_c, 3, 96, 100
4, 29284, Note_on_c, 3, 82, 0
4, 29302, Note_on_c, 3, 91, 100
4, 29304, Note_on_c, 3, 72, 100
4, 29327, Note_on_c, 3, 103, 0
4, 29330, Note_on_c, 3, 72, 0
4, 29330, Note_on_c, 3, 76, 100
4, 29332, Note_on_c, 3, 91, 0
4, 29333, Note_on_c, 3, 93, 100
4, 29341, Note_on_c, 3, 96, 0
4, 29358, Note_on_c, 3, 81, 100
4, 29359, Note_on_c, 3, 76, 0
4, 29360, Note_on_c, 3, 96, 100
4, 29364, Note_on_c, 3, 93, 0
4, 29386, Note_on_c, 3, 81, 0
4, 29388, Note_on_c, 3, 84, 100
4, 29391, Note_on_c, 3, 101, 100
4, 29415, Note_on_c, 3, 72, 100
4, 29417, Note_on_c, 3, 84, 0
4, 29448, Note_on_c, 3, 77, 100
4, 29450, Note_on_c, 3, 72, 0
4, 29478, Note_on_c, 3, 81, 100
4, 29481, Note_on_c, 3, 77, 0
4, 29503, Note_on_c, 3, 81, 0
4, 29508, Note_on_c, 3, 82, 100
4, 29520, Note_on_c, 3, 94, 100
4, 29522, Note_on_c, 3, 96, 0
4, 29538, Note_on_c, 3, 82, 0
4, 29539, Note_on_c, 3, 79, 100
4, 29552, Note_on_c, 3, 101, 0
4, 29573, Note_on_c, 3, 79, 0
4, 29573, Note_on_c, 3, 82, 100
4, 29578, Note_on_c, 3, 99, 100
4, 29604, Note_on_c, 3, 86, 100
4, 29606, Note_on_c, 3, 82, 0
4, 29609, Note_on_c, 3, 98, 100
4, 29610, Note_on_c, 3, 99, 0
4, 29634, Note_on_c, 3, 98, 0
4, 29635, Note_on_c, 3, 86, 0
4, 29637, Note_on_c, 3, 91, 100
4, 29641, Note_on_c, 3, 99, 100
4, 29669, Note_on_c, 3, 91, 0
4, 29669, Note_on_c, 3, 87, 100
4, 29698, Note_on_c, 3, 87, 0
4, 29698, Note_on_c, 3, 82, 100
4, 29725, Note_on_c, 3, 82, 0
4, 29726, Note_on_c, 3, 87, 100
4, 29737, Note_on_c, 3, 94, 0
4, 29747, Note_on_c, 3, 87, 0
4, 29756, Note_on_c, 3, 81, 100
4, 29758, Note_on_c, 3, 96, 100
4, 29786, Note_on_c, 3, 89, 100
4, 29787, Note_on_c, 3, 81, 0
4, 29818, Note_on_c, 3, 98, 100
4, 29818, Note_on_c, 3, 87, 100
4, 29820, Note_on_c, 3, 99, 0
4, 29820, Note_on_c, 3, 89, 0
4, 29843, Note_on_c, 3, 96, 0
4, 29843, Note_on_c, 3, 87, 0
4, 29845, Note_on_c, 3, 86, 100
4, 29848, Note_on_c, 3, 98, 0
4, 29849, Note_on_c, 3, 96, 100
4, 29867, Note_on_c, 3, 86, 0
4, 29876, Note_on_c, 3, 86, 100
4, 29878, Note_on_c, 3, 98, 100
4, 29879, Note_on_c, 3, 96, 0
4, 29905, Note_on_c, 3, 86, 0
4, 29906, Note_on_c, 3, 84, 100
4, 29935, Note_on_c, 3, 84, 0
4, 29935, Note_on_c, 3, 86, 100
4, 29939, Note_on_c, 3, 94, 100
4, 29965, Note_on_c, 3, 86, 0
4, 29965, Note_on_c, 3, 88, 100
4, 29976, Note_on_c, 3, 88, 0
4, 29997, Note_on_c, 3, 89, 100
4, 30001, Note_on_c, 3, 96, 100
4, 30003, Note_on_c, 3, 98, 0
4, 30029, Note_on_c, 3, 94, 0
4, 30029, Note_on_c, 3, 91, 100
4, 30046, Note_on_c, 3, 91, 0
4, 30060, Note_on_c, 3, 93, 100
4, 30086, Note_on_c, 3, 87, 100
4, 30087, Note_on_c, 3, 89, 0
4, 30116, Note_on_c, 3, 87, 0
4, 30117, Note_on_c, 3, 86, 100
4, 30130, Note_on_c, 3, 93, 0
4, 30147, Note_on_c, 3, 89, 100
4, 30175, Note_on_c, 3, 96, 0
4, 30175, Note_on_c, 3, 86, 0
4, 30175, Note_on_c, 3, 85, 100
4, 30176, Note_on_c, 3, 94, 100
4, 30205, Note_on_c, 3, 89, 0
4, 30206, Note_on_c, 3, 88, 100
4, 30219, Note_on_c, 3, 88, 0
4, 30233, Note_on_c, 3, 84, 100
4, 30234, Note_on_c, 3, 85, 0
4, 30238, Note_on_c, 3, 89, 100
4, 30254, Note_on_c, 3, 84, 0
4, 30263, Note_on_c, 3, 72, 100
4, 30267, Note_on_c, 3, 94, 0
4, 30292, Note_on_c, 3, 77, 100
4, 30294, Note_on_c, 3, 72, 0
4, 30296, Note_on_c, 3, 93, 100
4, 30321, Note_on_c, 3, 81, 100
4, 30322, Note_on_c, 3, 77, 0
4, 30326, Note_on_c, 3, 91, 100
4, 30327, Note_on_c, 3, 93, 0
4, 30352, Note_on_c, 3, 81, 0
4, 30352, Note_on_c, 3, 91, 0
4, 30352, Note_on_c, 3, 84, 100
4, 30356, Note_on_c, 3, 93, 100
4, 30377, Note_on_c, 3, 84, 0
4, 30380, Note_on_c, 3, 93, 0
4, 30385, Note_on_c, 3, 77, 100
4, 30411, Note_on_c, 3, 96, 100
4, 30413, Note_on_c, 3, 81, 100
4, 30415, Note_on_c, 3, 77, 0
4, 30438, Note_on_c, 3, 84, 100
4, 30443, Note_on_c, 3, 81, 0
4, 30465, Note_on_c, 3, 84, 0
4, 30466, Note_on_c, 3, 86, 100
4, 30498, Note_on_c, 3, 82, 100
4, 30501, Note_on_c, 3, 86, 0
4, 30526, Note_on_c, 3, 82, 0
4, 30526, Note_on_c, 3, 79, 100
4, 30530, Note_on_c, 3, 89, 0
4, 30536, Note_on_c, 3, 94, 100
4, 30538, Note_on_c, 3, 96, 0
4, 30558, Note_on_c, 3, 82, 100
4, 30560, Note_on_c, 3, 79, 0
4, 30565, Note_on_c, 3, 94, 0
4, 30565, Note_on_c, 3, 93, 100
4, 30590, Note_on_c, 3, 76, 100
4, 30591, Note_on_c, 3, 82, 0
4, 30595, Note_on_c, 3, 91, 100
4, 30597, Note_on_c, 3, 93, 0
4, 30623, Note_on_c, 3, 76, 0
4, 30623, Note_on_c, 3, 86, 100
4, 30626, Note_on_c, 3, 93, 100
4, 30629, Note_on_c, 3, 91, 0
4, 30640, Note_on_c, 3, 93, 0
4, 30652, Note_on_c, 3, 84, 100
4, 30653, Note_on_c, 3, 86, 0
4, 30656, Note_on_c, 3, 91, 100
4, 30657, Note_on_c, 3, 94, 100
4, 30681, Note_on_c, 3, 82, 100
4, 30685, Note_on_c, 3, 84, 0
4, 30711, Note_on_c, 3, 81, 100
4, 30712, Note_on_c, 3, 82, 0
4, 30741, Note_on_c, 3, 79, 100
4, 30747, Note_on_c, 3, 81, 0
4, 30773, Note_on_c, 3, 81, 100
4, 30775, Note_on_c, 3, 79, 0
4, 30777, Note_on_c, 3, 91, 0
4, 30777, Note_on_c, 3, 94, 0
4, 30777, Note_on_c, 3, 93, 100
4, 30778, Note_on_c, 3, 89, 100
4, 30804, Note_on_c, 3, 83, 100
4, 30806, Note_on_c, 3, 81, 0
4, 30813, Note_on_c, 3, 93, 0
4, 30835, Note_on_c, 3, 83, 0
4, 30835, Note_on_c, 3, 84, 100
4, 30839, Note_on_c, 3, 91, 100
4, 30865, Note_on_c, 3, 79, 100
4, 30867, Note_on_c, 3, 84, 0
4, 30881, Note_on_c, 3, 79, 0
4, 30896, Note_on_c, 3, 89, 0
4, 30897, Note_on_c, 3, 84, 100
4, 30900, Note_on_c, 3, 88, 100
4, 30926, Note_on_c, 3, 93, 100
4, 30928, Note_on_c, 3, 91, 0
4, 30956, Note_on_c, 3, 93, 0
4, 30956, Note_on_c, 3, 86, 100
4, 30958, Note_on_c, 3, 89, 100
4, 30959, Note_on_c, 3, 88, 0
4, 30960, Note_on_c, 3, 84, 0
4, 30986, Note_on_c, 3, 84, 100
4, 31016, Note_on_c, 3, 83, 100
4, 31018, Note_on_c, 3, 84, 0
4, 31043, Note_on_c, 3, 83, 0
4, 31043, Note_on_c, 3, 81, 100
4, 31072, Note_on_c, 3, 81, 0
4, 31072, Note_on_c, 3, 84, 100
4, 31081, Note_on_c, 3, 83, 100
4, 31082, Note_on_c, 3, 84, 0
4, 31089, Note_on_c, 3, 84, 100
4, 31090, Note_on_c, 3, 83, 0
4, 31096, Note_on_c, 3, 83, 100
4, 31103, Note_on_c, 3, 84, 0
4, 31104, Note_on_c, 3, 83, 0
4, 31105, Note_on_c, 3, 84, 100
4, 31109, Note_on_c, 3, 83, 100
4, 31109, Note_on_c, 3, 93, 100
4, 31110, Note_on_c, 3, 89, 0
4, 31111, Note_on_c, 3, 84, 0
4, 31138, Note_on_c, 3, 93, 0
4, 31138, Note_on_c, 3, 91, 100
4, 31166, Note_on_c, 3, 89, 100
4, 31169, Note_on_c, 3, 91, 0
4, 31178, Note_on_c, 3, 89, 0
4, 31193, Note_on_c, 3, 83, 0
4, 31193, Note_on_c, 3, 84, 100
4, 31194, Note_on_c, 3, 86, 0
4, 31194, Note_on_c, 3, 88, 100
4, 31226, Note_on_c, 3, 91, 100
4, 31227, Note_on_c, 3, 88, 0
4, 31244, Note_on_c, 3, 91, 0
4, 31253, Note_on_c, 3, 88, 100
4, 31255, Note_on_c, 3, 96, 100
4, 31278, Note_on_c, 3, 96, 0
4, 31281, Note_on_c, 3, 88, 0
4, 31281, Note_on_c, 3, 86, 100
4, 31283, Note_on_c, 3, 100, 100
4, 31298, Note_on_c, 3, 100, 0
4, 31309, Note_on_c, 3, 86, 0
4, 31309, Note_on_c, 3, 88, 100
4, 31311, Note_on_c, 3, 84, 0
4, 31313, Note_on_c, 3, 103, 100
4, 31324, Note_on_c, 3, 88, 0
4, 31337, Note_on_c, 3, 103, 0
4, 31346, Note_on_c, 3, 96, 100
4, 31370, Note_on_c, 3, 96, 0
4, 31370, Note_on_c, 3, 84, 100
4, 31372, Note_on_c, 3, 91, 100
4, 31375, Note_on_c, 3, 100, 100
4, 31394, Note_on_c, 3, 100, 0
4, 31400, Note_on_c, 3, 91, 0
4, 31403, Note_on_c, 3, 103, 100
4, 31417, Note_on_c, 3, 103, 0
4, 31431, Note_on_c, 3, 89, 100
4, 31433, Note_on_c, 3, 105, 100
4, 31451, Note_on_c, 3, 84, 0
4, 31468, Note_on_c, 3, 105, 0
4, 31468, Note_on_c, 3, 101, 100
4, 31491, Note_on_c, 3, 83, 100
4, 31497, Note_on_c, 3, 98, 100
4, 31498, Note_on_c, 3, 101, 0
4, 31521, Note_on_c, 3, 84, 100
4, 31524, Note_on_c, 3, 89, 0
4, 31524, Note_on_c, 3, 83, 0
4, 31526, Note_on_c, 3, 98, 0
4, 31527, Note_on_c, 3, 101, 100
4, 31539, Note_on_c, 3, 101, 0
4, 31553, Note_on_c, 3, 84, 0
4, 31553, Note_on_c, 3, 86, 100
4, 31556, Note_on_c, 3, 95, 100
4, 31586, Note_on_c, 3, 105, 100
4, 31587, Note_on_c, 3, 95, 0
4, 31597, Note_on_c, 3, 86, 0
4, 31610, Note_on_c, 3, 83, 100
4, 31611, Note_on_c, 3, 79, 100
4, 31614, Note_on_c, 3, 105, 0
4, 31616, Note_on_c, 3, 103, 100
4, 31644, Note_on_c, 3, 103, 0
4, 31645, Note_on_c, 3, 101, 100
4, 31649, Note_on_c, 3, 79, 0
4, 31671, Note_on_c, 3, 83, 0
4, 31671, Note_on_c, 3, 84, 100
4, 31674, Note_on_c, 3, 101, 0
4, 31676, Note_on_c, 3, 100, 100
4, 31701, Note_on_c, 3, 88, 100
4, 31716, Note_on_c, 3, 84, 0
4, 31722, Note_on_c, 3, 100, 0
4, 31733, Note_on_c, 3, 93, 100
4, 31733, Note_on_c, 3, 81, 100
4, 31734, Note_on_c, 3, 102, 100
4, 31737, Note_on_c, 3, 88, 0
4, 31761, Note_on_c, 3, 93, 0
4, 31762, Note_on_c, 3, 96, 100
4, 31770, Note_on_c, 3, 81, 0
4, 31791, Note_on_c, 3, 82, 100
4, 31792, Note_on_c, 3, 103, 100
4, 31792, Note_on_c, 3, 98, 100
4, 31794, Note_on_c, 3, 96, 0
4, 31795, Note_on_c, 3, 102, 0
4, 31824, Note_on_c, 3, 91, 100
4, 31828, Note_on_c, 3, 98, 0
4, 31832, Note_on_c, 3, 82, 0
4, 31854, Note_on_c, 3, 94, 100
4, 31854, Note_on_c, 3, 79, 100
4, 31856, Note_on_c, 3, 91, 0
4, 31884, Note_on_c, 3, 98, 100
4, 31885, Note_on_c, 3, 94, 0
4, 31885, Note_on_c, 3, 79, 0
4, 31909, Note_on_c, 3, 98, 0
4, 31912, Note_on_c, 3, 84, 100
4, 31914, Note_on_c, 3, 99, 100
4, 31944, Note_on_c, 3, 96, 100
4, 31945, Note_on_c, 3, 99, 0
4, 31950, Note_on_c, 3, 84, 0
4, 31969, Note_on_c, 3, 96, 0
4, 31971, Note_on_c, 3, 87, 100
4, 31972, Note_on_c, 3, 93, 100
4, 31973, Note_on_c, 3, 102, 100
4, 31974, Note_on_c, 3, 103, 0
4, 31997, Note_on_c, 3, 87, 0
4, 32002, Note_on_c, 3, 93, 0
4, 32002, Note_on_c, 3, 96, 100
4, 32003, Note_on_c, 3, 103, 100
4, 32004, Note_on_c, 3, 102, 0
4, 32022, Note_on_c, 3, 96, 0
4, 32030, Note_on_c, 3, 90, 100
4, 32030, Note_on_c, 3, 86, 100
4, 32031, Note_on_c, 3, 105, 100
4, 32033, Note_on_c, 3, 103, 0
4, 32056, Note_on_c, 3, 90, 0
4, 32057, Note_on_c, 3, 86, 0
4, 32061, Note_on_c, 3, 99, 100
4, 32089, Note_on_c, 3, 90, 100
4, 32091, Note_on_c, 3, 99, 0
4, 32092, Note_on_c, 3, 98, 100
4, 32116, Note_on_c, 3, 90, 0
4, 32119, Note_on_c, 3, 98, 0
4, 32120, Note_on_c, 3, 96, 100
4, 32131, Note_on_c, 3, 96, 0
4, 32148, Note_on_c, 3, 91, 100
4, 32153, Note_on_c, 3, 94, 100
4, 32177, Note_on_c, 3, 91, 0
4, 32179, Note_on_c, 3, 79, 100
4, 32203, Note_on_c, 3, 79, 0
4, 32209, Note_on_c, 3, 82, 100
4, 32216, Note_on_c, 3, 105, 0
4, 32219, Note_on_c, 3, 103, 100
4, 32240, Note_on_c, 3, 86, 100
4, 32241, Note_on_c, 3, 82, 0
4, 32243, Note_on_c, 3, 94, 0
4, 32274, Note_on_c, 3, 86, 0
4, 32274, Note_on_c, 3, 89, 100
4, 32276, Note_on_c, 3, 93, 100
4, 32303, Note_on_c, 3, 89, 0
4, 32304, Note_on_c, 3, 86, 100
4, 32305, Note_on_c, 3, 93, 0
4, 32334, Note_on_c, 3, 86, 0
4, 32334, Note_on_c, 3, 89, 100
4, 32338, Note_on_c, 3, 98, 100
4, 32338, Note_on_c, 3, 101, 100
4, 32341, Note_on_c, 3, 103, 0
4, 32362, Note_on_c, 3, 93, 100
4, 32363, Note_on_c, 3, 89, 0
4, 32373, Note_on_c, 3, 101, 0
4, 32389, Note_on_c, 3, 93, 0
4, 32394, Note_on_c, 3, 94, 100
4, 32401, Note_on_c, 3, 100, 100
4, 32427, Note_on_c, 3, 94, 0
4, 32427, Note_on_c, 3, 91, 100
4, 32433, Note_on_c, 3, 101, 100
4, 32437, Note_on_c, 3, 100, 0
4, 32458, Note_on_c, 3, 88, 100
4, 32460, Note_on_c, 3, 91, 0
4, 32462, Note_on_c, 3, 97, 100
4, 32463, Note_on_c, 3, 101, 0
4, 32464, Note_on_c, 3, 98, 0
4, 32464, Note_on_c, 3, 103, 100
4, 32489, Note_on_c, 3, 91, 100
4, 32491, Note_on_c, 3, 97, 0
4, 32491, Note_on_c, 3, 98, 100
4, 32493, Note_on_c, 3, 88, 0
4, 32503, Note_on_c, 3, 98, 0
4, 32504, Note_on_c, 3, 91, 0
4, 32519, Note_on_c, 3, 85, 100
4, 32523, Note_on_c, 3, 100, 100
4, 32548, Note_on_c, 3, 94, 100
4, 32550, Note_on_c, 3, 85, 0
4, 32578, Note_on_c, 3, 94, 0
4, 32580, Note_on_c, 3, 93, 100
4, 32609, Note_on_c, 3, 91, 100
4, 32610, Note_on_c, 3, 93, 0
4, 32631, Note_on_c, 3, 91, 0
4, 32636, Note_on_c, 3, 89, 100
4, 32666, Note_on_c, 3, 86, 100
4, 32670, Note_on_c, 3, 89, 0
4, 32695, Note_on_c, 3, 86, 0
4, 32695, Note_on_c, 3, 89, 100
4, 32701, Note_on_c, 3, 98, 100
4, 32701, Note_on_c, 3, 101, 100
4, 32705, Note_on_c, 3, 103, 0
4, 32705, Note_on_c, 3, 100, 0
4, 32724, Note_on_c, 3, 93, 100
4, 32725, Note_on_c, 3, 89, 0
4, 32748, Note_on_c, 3, 93, 0
4, 32757, Note_on_c, 3, 83, 100
4, 32760, Note_on_c, 3, 98, 0
4, 32766, Note_on_c, 3, 101, 0
4, 32786, Note_on_c, 3, 83, 0
4, 32789, Note_on_c, 3, 93, 100
4, 32815, Note_on_c, 3, 98, 100
4, 32816, Note_on_c, 3, 101, 100
4, 32819, Note_on_c, 3, 91, 100
4, 32820, Note_on_c, 3, 93, 0
4, 32832, Note_on_c, 3, 98, 0
4, 32832, Note_on_c, 3, 101, 0
4, 32845, Note_on_c, 3, 89, 100
4, 32846, Note_on_c, 3, 91, 0
4, 32863, Note_on_c, 3, 89, 0
4, 32873, Note_on_c, 3, 88, 100
4, 32877, Note_on_c, 3, 101, 100
4, 32878, Note_on_c, 3, 98, 100
4, 32906, Note_on_c, 3, 88, 0
4, 32906, Note_on_c, 3, 84, 100
4, 32933, Note_on_c, 3, 84, 0
4, 32935, Note_on_c, 3, 88, 100
4, 32936, Note_on_c, 3, 100, 100
4, 32937, Note_on_c, 3, 96, 100
4, 32938, Note_on_c, 3, 98, 0
4, 32939, Note_on_c, 3, 101, 0
4, 32963, Note_on_c, 3, 91, 100
4, 32967, Note_on_c, 3, 88, 0
4, 32978, Note_on_c, 3, 91, 0
4, 32993, Note_on_c, 3, 81, 100
4, 32998, Note_on_c, 3, 96, 0
4, 33000, Note_on_c, 3, 100, 0
4, 33023, Note_on_c, 3, 91, 100
4, 33026, Note_on_c, 3, 81, 0
4, 33055, Note_on_c, 3, 91, 0
4, 33055, Note_on_c, 3, 96, 100
4, 33055, Note_on_c, 3, 89, 100
4, 33056, Note_on_c, 3, 100, 100
4, 33068, Note_on_c, 3, 96, 0
4, 33070, Note_on_c, 3, 100, 0
4, 33083, Note_on_c, 3, 89, 0
4, 33083, Note_on_c, 3, 88, 100
4, 33113, Note_on_c, 3, 86, 100
4, 33116, Note_on_c, 3, 88, 0
4, 33119, Note_on_c, 3, 100, 100
4, 33120, Note_on_c, 3, 96, 100
4, 33145, Note_on_c, 3, 86, 0
4, 33145, Note_on_c, 3, 83, 100
4, 33176, Note_on_c, 3, 86, 100
4, 33178, Note_on_c, 3, 83, 0
4, 33181, Note_on_c, 3, 100, 0
4, 33181, Note_on_c, 3, 95, 100
4, 33181, Note_on_c, 3, 98, 100
4, 33185, Note_on_c, 3, 96, 0
4, 33207, Note_on_c, 3, 89, 100
4, 33210, Note_on_c, 3, 86, 0
4, 33224, Note_on_c, 3, 89, 0
4, 33239, Note_on_c, 3, 80, 100
4, 33245, Note_on_c, 3, 95, 0
4, 33245, Note_on_c, 3, 98, 0
4, 33263, Note_on_c, 3, 80, 0
4, 33268, Note_on_c, 3, 89, 100
4, 33296, Note_on_c, 3, 98, 100
4, 33296, Note_on_c, 3, 95, 100
4, 33296, Note_on_c, 3, 88, 100
4, 33298, Note_on_c, 3, 89, 0
4, 33310, Note_on_c, 3, 95, 0
4, 33312, Note_on_c, 3, 98, 0
4, 33323, Note_on_c, 3, 86, 100
4, 33325, Note_on_c, 3, 88, 0
4, 33341, Note_on_c, 3, 86, 0
4, 33356, Note_on_c, 3, 84, 100
4, 33357, Note_on_c, 3, 95, 100
4, 33358, Note_on_c, 3, 98, 100
4, 33385, Note_on_c, 3, 81, 100
4, 33388, Note_on_c, 3, 84, 0
4, 33400, Note_on_c, 3, 81, 0
4, 33416, Note_on_c, 3, 84, 100
4, 33417, Note_on_c, 3, 96, 100
4, 33418, Note_on_c, 3, 98, 0
4, 33418, Note_on_c, 3, 93, 100
4, 33419, Note_on_c, 3, 95, 0
4, 33444, Note_on_c, 3, 84, 0
4, 33445, Note_on_c, 3, 88, 100
4, 33450, Note_on_c, 3, 96, 0
4, 33460, Note_on_c, 3, 88, 0
4, 33478, Note_on_c, 3, 77, 100
4, 33488, Note_on_c, 3, 93, 0
4, 33497, Note_on_c, 3, 77, 0
4, 33506, Note_on_c, 3, 98, 100
4, 33535, Note_on_c, 3, 98, 0
4, 33538, Note_on_c, 3, 101, 100
4, 33538, Note_on_c, 3, 93, 100
4, 33539, Note_on_c, 3, 89, 100
4, 33564, Note_on_c, 3, 105, 100
4, 33565, Note_on_c, 3, 101, 0
4, 33574, Note_on_c, 3, 93, 0
4, 33581, Note_on_c, 3, 105, 0
4, 33595, Note_on_c, 3, 91, 100
4, 33595, Note_on_c, 3, 95, 100
4, 33627, Note_on_c, 3, 98, 100
4, 33632, Note_on_c, 3, 95, 0
4, 33644, Note_on_c, 3, 89, 0
4, 33647, Note_on_c, 3, 98, 0
4, 33656, Note_on_c, 3, 88, 100
4, 33660, Note_on_c, 3, 103, 100
4, 33676, Note_on_c, 3, 88, 0
4, 33684, Note_on_c, 3, 86, 100
4, 33697, Note_on_c, 3, 86, 0
4, 33716, Note_on_c, 3, 88, 100
4, 33722, Note_on_c, 3, 103, 0
4, 33723, Note_on_c, 3, 91, 0
4, 33748, Note_on_c, 3, 100, 100
4, 33780, Note_on_c, 3, 96, 100
4, 33780, Note_on_c, 3, 91, 100
4, 33782, Note_on_c, 3, 100, 0
4, 33803, Note_on_c, 3, 91, 0
4, 33807, Note_on_c, 3, 100, 100
4, 33809, Note_on_c, 3, 96, 0
4, 33816, Note_on_c, 3, 100, 0
4, 33837, Note_on_c, 3, 89, 100
4, 33839, Note_on_c, 3, 93, 100
4, 33869, Note_on_c, 3, 96, 100
4, 33874, Note_on_c, 3, 93, 0
4, 33881, Note_on_c, 3, 96, 0
4, 33897, Note_on_c, 3, 86, 100
4, 33899, Note_on_c, 3, 101, 100
4, 33900, Note_on_c, 3, 88, 0
4, 33927, Note_on_c, 3, 84, 100
4, 33928, Note_on_c, 3, 86, 0
4, 33929, Note_on_c, 3, 100, 100
4, 33930, Note_on_c, 3, 101, 0
4, 33958, Note_on_c, 3, 84, 0
4, 33958, Note_on_c, 3, 101, 100
4, 33959, Note_on_c, 3, 100, 0
4, 33959, Note_on_c, 3, 86, 100
4, 33989, Note_on_c, 3, 101, 0
4, 33989, Note_on_c, 3, 96, 100
4, 34013, Note_on_c, 3, 79, 100
4, 34014, Note_on_c, 3, 86, 0
4, 34018, Note_on_c, 3, 95, 100
4, 34020, Note_on_c, 3, 96, 0
4, 34038, Note_on_c, 3, 95, 0
4, 34046, Note_on_c, 3, 101, 100
4, 34052, Note_on_c, 3, 79, 0
4, 34058, Note_on_c, 3, 89, 0
4, 34072, Note_on_c, 3, 84, 100
4, 34078, Note_on_c, 3, 100, 100
4, 34081, Note_on_c, 3, 101, 0
4, 34092, Note_on_c, 3, 100, 0
4, 34104, Note_on_c, 3, 84, 0
4, 34111, Note_on_c, 3, 103, 100
4, 34136, Note_on_c, 3, 72, 100
4, 34141, Note_on_c, 3, 103, 0
4, 34141, Note_on_c, 3, 100, 100
4, 34165, Note_on_c, 3, 72, 0
4, 34168, Note_on_c, 3, 100, 0
4, 34168, Note_on_c, 3, 96, 100
4, 34195, Note_on_c, 3, 84, 100
4, 34197, Note_on_c, 3, 96, 0
4, 34197, Note_on_c, 3, 93, 100
4, 34228, Note_on_c, 3, 100, 100
4, 34232, Note_on_c, 3, 93, 0
4, 34247, Note_on_c, 3, 100, 0
4, 34258, Note_on_c, 3, 96, 100
4, 34284, Note_on_c, 3, 96, 0
4, 34285, Note_on_c, 3, 93, 100
4, 34300, Note_on_c, 3, 93, 0
4, 34317, Note_on_c, 3, 89, 100
4, 34349, Note_on_c, 3, 93, 100
4, 34356, Note_on_c, 3, 89, 0
4, 34364, Note_on_c, 3, 93, 0
4, 34370, Note_on_c, 3, 84, 0
4, 34376, Note_on_c, 3, 82, 100
4, 34380, Note_on_c, 3, 98, 100
4, 34390, Note_on_c, 3, 82, 0
4, 34404, Note_on_c, 3, 81, 100
4, 34409, Note_on_c, 3, 96, 100
4, 34410, Note_on_c, 3, 98, 0
4, 34419, Note_on_c, 3, 81, 0
4, 34438, Note_on_c, 3, 82, 100
4, 34440, Note_on_c, 3, 98, 100
4, 34442, Note_on_c, 3, 96, 0
4, 34468, Note_on_c, 3, 94, 100
4, 34471, Note_on_c, 3, 98, 0
4, 34499, Note_on_c, 3, 91, 100
4, 34500, Note_on_c, 3, 94, 0
4, 34528, Note_on_c, 3, 94, 100
4, 34530, Note_on_c, 3, 91, 0
4, 34556, Note_on_c, 3, 94, 0
4, 34558, Note_on_c, 3, 88, 100
4, 34583, Note_on_c, 3, 82, 0
4, 34584, Note_on_c, 3, 84, 100
4, 34599, Note_on_c, 3, 88, 0
4, 34611, Note_on_c, 3, 84, 0
4, 34616, Note_on_c, 3, 81, 100
4, 34621, Note_on_c, 3, 88, 100
4, 34646, Note_on_c, 3, 79, 100
4, 34649, Note_on_c, 3, 81, 0
4, 34649, Note_on_c, 3, 88, 0
4, 34650, Note_on_c, 3, 91, 100
4, 34677, Note_on_c, 3, 81, 100
4, 34678, Note_on_c, 3, 91, 0
4, 34679, Note_on_c, 3, 79, 0
4, 34679, Note_on_c, 3, 96, 100
4, 34700, Note_on_c, 3, 96, 0
4, 34707, Note_on_c, 3, 89, 100
4, 34735, Note_on_c, 3, 93, 100
4, 34736, Note_on_c, 3, 89, 0
4, 34737, Note_on_c, 3, 81, 0
4, 34737, Note_on_c, 3, 101, 100
4, 34737, Note_on_c, 3, 77, 100
4, 34764, Note_on_c, 3, 96, 100
4, 34765, Note_on_c, 3, 93, 0
4, 34786, Note_on_c, 3, 96, 0
4, 34792, Note_on_c, 3, 82, 100
4, 34794, Note_on_c, 3, 77, 0
4, 34796, Note_on_c, 3, 98, 100
4, 34798, Note_on_c, 3, 101, 0
4, 34824, Note_on_c, 3, 94, 100
4, 34826, Note_on_c, 3, 98, 0
4, 34844, Note_on_c, 3, 94, 0
4, 34852, Note_on_c, 3, 91, 100
4, 34853, Note_on_c, 3, 106, 100
4, 34871, Note_on_c, 3, 91, 0
4, 34882, Note_on_c, 3, 94, 100
4, 34903, Note_on_c, 3, 94, 0
4, 34911, Note_on_c, 3, 82, 0
4, 34913, Note_on_c, 3, 84, 100
4, 34913, Note_on_c, 3, 88, 100
4, 34943, Note_on_c, 3, 98, 100
4, 34967, Note_on_c, 3, 106, 0
4, 34972, Note_on_c, 3, 98, 0
4, 34973, Note_on_c, 3, 105, 100
4, 34973, Note_on_c, 3, 96, 100
4, 35000, Note_on_c, 3, 96, 0
4, 35001, Note_on_c, 3, 94, 100
4, 35001, Note_on_c, 3, 103, 100
4, 35003, Note_on_c, 3, 105, 0
4, 35027, Note_on_c, 3, 94, 0
4, 35031, Note_on_c, 3, 88, 0
4, 35032, Note_on_c, 3, 103, 0
4, 35034, Note_on_c, 3, 101, 100
4, 35034, Note_on_c, 3, 93, 100
4, 35066, Note_on_c, 3, 103, 100
4, 35069, Note_on_c, 3, 101, 0
4, 35090, Note_on_c, 3, 82, 100
4, 35091, Note_on_c, 3, 91, 100
4, 35093, Note_on_c, 3, 84, 0
4, 35095, Note_on_c, 3, 103, 0
4, 35096, Note_on_c, 3, 100, 100
4, 35106, Note_on_c, 3, 91, 0
4, 35119, Note_on_c, 3, 81, 100
4, 35120, Note_on_c, 3, 82, 0
4, 35121, Note_on_c, 3, 89, 100
4, 35124, Note_on_c, 3, 100, 0
4, 35125, Note_on_c, 3, 101, 100
4, 35132, Note_on_c, 3, 89, 0
4, 35154, Note_on_c, 3, 93, 0
4, 35154, Note_on_c, 3, 81, 0
4, 35154, Note_on_c, 3, 82, 100
4, 35155, Note_on_c, 3, 88, 100
4, 35155, Note_on_c, 3, 103, 100
4, 35156, Note_on_c, 3, 101, 0
4, 35187, Note_on_c, 3, 103, 0
4, 35187, Note_on_c, 3, 101, 100
4, 35193, Note_on_c, 3, 88, 0
4, 35216, Note_on_c, 3, 100, 100
4, 35218, Note_on_c, 3, 101, 0
4, 35218, Note_on_c, 3, 84, 100
4, 35244, Note_on_c, 3, 98, 100
4, 35245, Note_on_c, 3, 100, 0
4, 35252, Note_on_c, 3, 84, 0
4, 35260, Note_on_c, 3, 98, 0
4, 35273, Note_on_c, 3, 89, 100
4, 35275, Note_on_c, 3, 96, 100
4, 35306, Note_on_c, 3, 98, 100
4, 35307, Note_on_c, 3, 96, 0
4, 35316, Note_on_c, 3, 98, 0
4, 35333, Note_on_c, 3, 81, 100
4, 35334, Note_on_c, 3, 82, 0
4, 35339, Note_on_c, 3, 99, 100
4, 35366, Note_on_c, 3, 79, 100
4, 35368, Note_on_c, 3, 81, 0
4, 35396, Note_on_c, 3, 81, 100
4, 35400, Note_on_c, 3, 79, 0
4, 35401, Note_on_c, 3, 89, 0
4, 35429, Note_on_c, 3, 91, 100
4, 35453, Note_on_c, 3, 91, 0
4, 35459, Note_on_c, 3, 89, 100
4, 35459, Note_on_c, 3, 98, 100
4, 35460, Note_on_c, 3, 99, 0
4, 35486, Note_on_c, 3, 89, 0
4, 35488, Note_on_c, 3, 98, 0
4, 35488, Note_on_c, 3, 96, 100
4, 35488, Note_on_c, 3, 87, 100
4, 35504, Note_on_c, 3, 87, 0
4, 35514, Note_on_c, 3, 96, 0
4, 35518, Note_on_c, 3, 86, 100
4, 35519, Note_on_c, 3, 94, 100
4, 35547, Note_on_c, 3, 94, 0
4, 35548, Note_on_c, 3, 96, 100
4, 35551, Note_on_c, 3, 86, 0
4, 35552, Note_on_c, 3, 81, 0
4, 35576, Note_on_c, 3, 79, 100
4, 35577, Note_on_c, 3, 96, 0
4, 35579, Note_on_c, 3, 87, 100
4, 35580, Note_on_c, 3, 93, 100
4, 35610, Note_on_c, 3, 93, 0
4, 35610, Note_on_c, 3, 94, 100
4, 35637, Note_on_c, 3, 94, 0
4, 35639, Note_on_c, 3, 96, 100
4, 35668, Note_on_c, 3, 87, 0
4, 35669, Note_on_c, 3, 96, 0
4, 35669, Note_on_c, 3, 94, 100
4, 35689, Note_on_c, 3, 79, 0
4, 35696, Note_on_c, 3, 94, 0
4, 35696, Note_on_c, 3, 77, 100
4, 35698, Note_on_c, 3, 89, 100
4, 35698, Note_on_c, 3, 93, 100
4, 35711, Note_on_c, 3, 89, 0
4, 35725, Note_on_c, 3, 87, 100
4, 35727, Note_on_c, 3, 91, 100
4, 35729, Note_on_c, 3, 93, 0
4, 35746, Note_on_c, 3, 87, 0
4, 35751, Note_on_c, 3, 91, 0
4, 35759, Note_on_c, 3, 89, 100
4, 35759, Note_on_c, 3, 86, 100
4, 35766, Note_on_c, 3, 77, 0
4, 35785, Note_on_c, 3, 89, 0
4, 35787, Note_on_c, 3, 79, 100
4, 35791, Note_on_c, 3, 86, 0
4, 35816, Note_on_c, 3, 79, 0
4, 35817, Note_on_c, 3, 76, 100
4, 35819, Note_on_c, 3, 94, 100
4, 35820, Note_on_c, 3, 91, 100
4, 35847, Note_on_c, 3, 77, 100
4, 35848, Note_on_c, 3, 76, 0
4, 35862, Note_on_c, 3, 91, 0
4, 35862, Note_on_c, 3, 77, 0
4, 35864, Note_on_c, 3, 94, 0
4, 35878, Note_on_c, 3, 79, 100
4, 35880, Note_on_c, 3, 88, 100
4, 35881, Note_on_c, 3, 84, 100
4, 35907, Note_on_c, 3, 77, 100
4, 35911, Note_on_c, 3, 79, 0
4, 35914, Note_on_c, 3, 88, 0
4, 35938, Note_on_c, 3, 76, 100
4, 35941, Note_on_c, 3, 77, 0
4, 35941, Note_on_c, 3, 91, 100
4, 35969, Note_on_c, 3, 74, 100
4, 35970, Note_on_c, 3, 76, 0
4, 35999, Note_on_c, 3, 72, 100
4, 36002, Note_on_c, 3, 74, 0
4, 36003, Note_on_c, 3, 91, 0
4, 36005, Note_on_c, 3, 89, 100
4, 36027, Note_on_c, 3, 72, 0
4, 36034, Note_on_c, 3, 86, 100
4, 36037, Note_on_c, 3, 84, 0
4, 36037, Note_on_c, 3, 89, 0
4, 36054, Note_on_c, 3, 86, 0
4, 36063, Note_on_c, 3, 77, 100
4, 36066, Note_on_c, 3, 93, 100
4, 36066, Note_on_c, 3, 82, 100
4, 36094, Note_on_c, 3, 84, 100
4, 36095, Note_on_c, 3, 82, 0
4, 36126, Note_on_c, 3, 86, 100
4, 36128, Note_on_c, 3, 84, 0
4, 36152, Note_on_c, 3, 84, 100
4, 36154, Note_on_c, 3, 86, 0
4, 36174, Note_on_c, 3, 84, 0
4, 36179, Note_on_c, 3, 77, 0
4, 36179, Note_on_c, 3, 74, 100
4, 36180, Note_on_c, 3, 82, 100
4, 36181, Note_on_c, 3, 93, 0
4, 36181, Note_on_c, 3, 91, 100
4, 36196, Note_on_c, 3, 82, 0
4, 36210, Note_on_c, 3, 89, 100
4, 36210, Note_on_c, 3, 81, 100
4, 36212, Note_on_c, 3, 91, 0
4, 36221, Note_on_c, 3, 81, 0
4, 36237, Note_on_c, 3, 89, 0
4, 36239, Note_on_c, 3, 79, 100
4, 36240, Note_on_c, 3, 74, 0
4, 36240, Note_on_c, 3, 76, 100
4, 36241, Note_on_c, 3, 88, 100
4, 36258, Note_on_c, 3, 88, 0
4, 36269, Note_on_c, 3, 84, 100
4, 36296, Note_on_c, 3, 84, 0
4, 36298, Note_on_c, 3, 88, 100
4, 36325, Note_on_c, 3, 88, 0
4, 36325, Note_on_c, 3, 91, 100
4, 36348, Note_on_c, 3, 79, 0
4, 36351, Note_on_c, 3, 76, 0
4, 36353, Note_on_c, 3, 96, 100
4, 36354, Note_on_c, 3, 91, 0
4, 36377, Note_on_c, 3, 96, 0
4, 36381, Note_on_c, 3, 72, 100
4, 36382, Note_on_c, 3, 91, 100
4, 36405, Note_on_c, 3, 91, 0
4, 36406, Note_on_c, 3, 72, 0
4, 36409, Note_on_c, 3, 76, 100
4, 36412, Note_on_c, 3, 96, 100
4, 36435, Note_on_c, 3, 76, 0
4, 36435, Note_on_c, 3, 79, 100
4, 36442, Note_on_c, 3, 98, 100
4, 36443, Note_on_c, 3, 96, 0
4, 36447, Note_on_c, 3, 79, 0
4, 36454, Note_on_c, 3, 98, 0
4, 36468, Note_on_c, 3, 84, 100
4, 36472, Note_on_c, 3, 99, 100
4, 36504, Note_on_c, 3, 99, 0
4, 36504, Note_on_c, 3, 96, 100
4, 36530, Note_on_c, 3, 87, 100
4, 36533, Note_on_c, 3, 93, 100
4, 36534, Note_on_c, 3, 96, 0
4, 36560, Note_on_c, 3, 96, 100
4, 36561, Note_on_c, 3, 93, 0
4, 36569, Note_on_c, 3, 87, 0
4, 36571, Note_on_c, 3, 96, 0
4, 36572, Note_on_c, 3, 84, 0
4, 36587, Note_on_c, 3, 81, 100
4, 36588, Note_on_c, 3, 84, 100
4, 36591, Note_on_c, 3, 90, 100
4, 36616, Note_on_c, 3, 81, 0
4, 36618, Note_on_c, 3, 84, 0
4, 36623, Note_on_c, 3, 99, 100
4, 36625, Note_on_c, 3, 90, 0
4, 36645, Note_on_c, 3, 99, 0
4, 36648, Note_on_c, 3, 81, 100
4, 36649, Note_on_c, 3, 78, 100
4, 36653, Note_on_c, 3, 98, 100
4, 36671, Note_on_c, 3, 98, 0
4, 36681, Note_on_c, 3, 81, 0
4, 36681, Note_on_c, 3, 96, 100
4, 36682, Note_on_c, 3, 78, 0
4, 36700, Note_on_c, 3, 96, 0
4, 36707, Note_on_c, 3, 79, 100
4, 36708, Note_on_c, 3, 86, 100
4, 36712, Note_on_c, 3, 95, 100
4, 36732, Note_on_c, 3, 95, 0
4, 36735, Note_on_c, 3, 86, 0
4, 36744, Note_on_c, 3, 91, 100
4, 36746, Note_on_c, 3, 79, 0
4, 36760, Note_on_c, 3, 91, 0
4, 36770, Note_on_c, 3, 86, 100
4, 36774, Note_on_c, 3, 95, 100
4, 36775, Note_on_c, 3, 91, 100
4, 36800, Note_on_c, 3, 95, 0
4, 36803, Note_on_c, 3, 98, 100
4, 36816, Note_on_c, 3, 98, 0
4, 36836, Note_on_c, 3, 100, 100
4, 36839, Note_on_c, 3, 86, 0
4, 36860, Note_on_c, 3, 83, 100
4, 36886, Note_on_c, 3, 83, 0
4, 36891, Note_on_c, 3, 91, 0
4, 36891, Note_on_c, 3, 84, 100
4, 36911, Note_on_c, 3, 84, 0
4, 36920, Note_on_c, 3, 88, 100
4, 36928, Note_on_c, 3, 88, 0
4, 36952, Note_on_c, 3, 93, 100
4, 36978, Note_on_c, 3, 93, 0
4, 36982, Note_on_c, 3, 81, 100
4, 37012, Note_on_c, 3, 86, 100
4, 37013, Note_on_c, 3, 81, 0
4, 37020, Note_on_c, 3, 98, 100
4, 37024, Note_on_c, 3, 100, 0
4, 37045, Note_on_c, 3, 89, 100
4, 37047, Note_on_c, 3, 86, 0
4, 37061, Note_on_c, 3, 89, 0
4, 37076, Note_on_c, 3, 91, 100
4, 37104, Note_on_c, 3, 91, 0
4, 37106, Note_on_c, 3, 84, 100
4, 37128, Note_on_c, 3, 98, 0
4, 37135, Note_on_c, 3, 96, 100
4, 37137, Note_on_c, 3, 84, 0
4, 37137, Note_on_c, 3, 88, 100
4, 37156, Note_on_c, 3, 88, 0
4, 37162, Note_on_c, 3, 91, 100
4, 37174, Note_on_c, 3, 91, 0
4, 37192, Note_on_c, 3, 93, 100
4, 37202, Note_on_c, 3, 96, 0
4, 37224, Note_on_c, 3, 93, 0
4, 37224, Note_on_c, 3, 89, 100
4, 37229, Note_on_c, 3, 93, 100
4, 37253, Note_on_c, 3, 86, 100
4, 37254, Note_on_c, 3, 89, 0
4, 37257, Note_on_c, 3, 95, 100
4, 37261, Note_on_c, 3, 93, 0
4, 37271, Note_on_c, 3, 95, 0
4, 37282, Note_on_c, 3, 89, 100
4, 37286, Note_on_c, 3, 98, 100
4, 37288, Note_on_c, 3, 86, 0
4, 37294, Note_on_c, 3, 89, 0
4, 37297, Note_on_c, 3, 98, 0
4, 37313, Note_on_c, 3, 83, 100
4, 37318, Note_on_c, 3, 101, 100
4, 37342, Note_on_c, 3, 93, 100
4, 37345, Note_on_c, 3, 83, 0
4, 37355, Note_on_c, 3, 101, 0
4, 37355, Note_on_c, 3, 93, 0
4, 37373, Note_on_c, 3, 91, 100
4, 37381, Note_on_c, 3, 95, 100
4, 37399, Note_on_c, 3, 91, 0
4, 37403, Note_on_c, 3, 89, 100
4, 37404, Note_on_c, 3, 95, 0
4, 37417, Note_on_c, 3, 89, 0
4, 37435, Note_on_c, 3, 88, 100
4, 37439, Note_on_c, 3, 96, 100
4, 37465, Note_on_c, 3, 89, 100
4, 37469, Note_on_c, 3, 88, 0
4, 37491, Note_on_c, 3, 89, 0
4, 37496, Note_on_c, 3, 86, 100
4, 37496, Note_on_c, 3, 84, 100
4, 37527, Note_on_c, 3, 86, 0
4, 37527, Note_on_c, 3, 88, 100
4, 37547, Note_on_c, 3, 88, 0
4, 37552, Note_on_c, 3, 96, 0
4, 37553, Note_on_c, 3, 98, 100
4, 37586, Note_on_c, 3, 91, 100
4, 37612, Note_on_c, 3, 84, 0
4, 37612, Note_on_c, 3, 83, 100
4, 37615, Note_on_c, 3, 88, 100
4, 37617, Note_on_c, 3, 91, 0
4, 37641, Note_on_c, 3, 83, 0
4, 37641, Note_on_c, 3, 81, 100
4, 37645, Note_on_c, 3, 91, 100
4, 37647, Note_on_c, 3, 88, 0
4, 37670, Note_on_c, 3, 81, 0
4, 37670, Note_on_c, 3, 79, 100
4, 37675, Note_on_c, 3, 91, 0
4, 37682, Note_on_c, 3, 91, 100
4, 37701, Note_on_c, 3, 79, 0
4, 37701, Note_on_c, 3, 81, 100
4, 37709, Note_on_c, 3, 96, 100
4, 37711, Note_on_c, 3, 98, 0
4, 37714, Note_on_c, 3, 91, 0
4, 37733, Note_on_c, 3, 77, 100
4, 37735, Note_on_c, 3, 81, 0
4, 37740, Note_on_c, 3, 96, 0
4, 37740, Note_on_c, 3, 93, 100
4, 37764, Note_on_c, 3, 77, 0
4, 37764, Note_on_c, 3, 79, 100
4, 37768, Note_on_c, 3, 96, 100
4, 37769, Note_on_c, 3, 93, 0
4, 37781, Note_on_c, 3, 79, 0
4, 37794, Note_on_c, 3, 81, 100
4, 37797, Note_on_c, 3, 96, 0
4, 37797, Note_on_c, 3, 89, 100
4, 37824, Note_on_c, 3, 79, 100
4, 37828, Note_on_c, 3, 81, 0
4, 37829, Note_on_c, 3, 100, 100
4, 37830, Note_on_c, 3, 89, 0
4, 37853, Note_on_c, 3, 77, 100
4, 37857, Note_on_c, 3, 79, 0
4, 37858, Note_on_c, 3, 98, 100
4, 37862, Note_on_c, 3, 100, 0
4, 37884, Note_on_c, 3, 76, 100
4, 37885, Note_on_c, 3, 77, 0
4, 37887, Note_on_c, 3, 96, 100
4, 37891, Note_on_c, 3, 98, 0
4, 37902, Note_on_c, 3, 96, 0
4, 37915, Note_on_c, 3, 74, 100
4, 37916, Note_on_c, 3, 95, 100
4, 37919, Note_on_c, 3, 76, 0
4, 37938, Note_on_c, 3, 74, 0
4, 37941, Note_on_c, 3, 76, 100
4, 37949, Note_on_c, 3, 96, 100
4, 37953, Note_on_c, 3, 95, 0
4, 37970, Note_on_c, 3, 76, 0
4, 37975, Note_on_c, 3, 77, 100
4, 37978, Note_on_c, 3, 96, 0
4, 37978, Note_on_c, 3, 93, 100
4, 38006, Note_on_c, 3, 95, 100
4, 38008, Note_on_c, 3, 93, 0
4, 38025, Note_on_c, 3, 95, 0
4, 38038, Note_on_c, 3, 96, 100
4, 38070, Note_on_c, 3, 93, 100
4, 38071, Note_on_c, 3, 96, 0
4, 38094, Note_on_c, 3, 77, 0
4, 38099, Note_on_c, 3, 93, 0
4, 38100, Note_on_c, 3, 76, 100
4, 38100, Note_on_c, 3, 91, 100
4, 38127, Note_on_c, 3, 74, 100
4, 38129, Note_on_c, 3, 76, 0
4, 38129, Note_on_c, 3, 89, 100
4, 38131, Note_on_c, 3, 91, 0
4, 38149, Note_on_c, 3, 89, 0
4, 38158, Note_on_c, 3, 74, 0
4, 38158, Note_on_c, 3, 72, 100
4, 38160, Note_on_c, 3, 88, 100
4, 38187, Note_on_c, 3, 88, 0
4, 38188, Note_on_c, 3, 91, 100
4, 38189, Note_on_c, 3, 72, 0
4, 38216, Note_on_c, 3, 91, 0
4, 38217, Note_on_c, 3, 76, 100
4, 38218, Note_on_c, 3, 88, 100
4, 38218, Note_on_c, 3, 96, 100
4, 38247, Note_on_c, 3, 84, 100
4, 38249, Note_on_c, 3, 88, 0
4, 38268, Note_on_c, 3, 84, 0
4, 38273, Note_on_c, 3, 76, 0
4, 38275, Note_on_c, 3, 77, 100
4, 38278, Note_on_c, 3, 86, 100
4, 38308, Note_on_c, 3, 88, 100
4, 38311, Note_on_c, 3, 86, 0
4, 38318, Note_on_c, 3, 77, 0
4, 38325, Note_on_c, 3, 88, 0
4, 38336, Note_on_c, 3, 79, 100
4, 38338, Note_on_c, 3, 94, 100
4, 38339, Note_on_c, 3, 89, 100
4, 38340, Note_on_c, 3, 96, 0
4, 38370, Note_on_c, 3, 94, 0
4, 38370, Note_on_c, 3, 93, 100
4, 38379, Note_on_c, 3, 89, 0
4, 38397, Note_on_c, 3, 79, 0
4, 38397, Note_on_c, 3, 72, 100
4, 38400, Note_on_c, 3, 88, 100
4, 38401, Note_on_c, 3, 91, 100
4, 38402, Note_on_c, 3, 93, 0
4, 38427, Note_on_c, 3, 91, 0
4, 38428, Note_on_c, 3, 84, 100
4, 38429, Note_on_c, 3, 93, 100
4, 38434, Note_on_c, 3, 88, 0
4, 38436, Note_on_c, 3, 72, 0
4, 38459, Note_on_c, 3, 84, 0
4, 38459, Note_on_c, 3, 81, 100
4, 38460, Note_on_c, 3, 89, 100
4, 38461, Note_on_c, 3, 93, 0
4, 38487, Note_on_c, 3, 84, 100
4, 38490, Note_on_c, 3, 91, 100
4, 38491, Note_on_c, 3, 89, 0
4, 38492, Note_on_c, 3, 81, 0
4, 38507, Note_on_c, 3, 84, 0
4, 38513, Note_on_c, 3, 91, 0
4, 38517, Note_on_c, 3, 77, 100
4, 38520, Note_on_c, 3, 93, 100
4, 38547, Note_on_c, 3, 88, 100
4, 38549, Note_on_c, 3, 77, 0
4, 38549, Note_on_c, 3, 91, 100
4, 38550, Note_on_c, 3, 93, 0
4, 38576, Note_on_c, 3, 86, 100
4, 38577, Note_on_c, 3, 88, 0
4, 38579, Note_on_c, 3, 89, 100
4, 38580, Note_on_c, 3, 91, 0
4, 38606, Note_on_c, 3, 84, 100
4, 38610, Note_on_c, 3, 86, 0
4, 38610, Note_on_c, 3, 88, 100
4, 38613, Note_on_c, 3, 89, 0
4, 38623, Note_on_c, 3, 88, 0
4, 38626, Note_on_c, 3, 84, 0
4, 38637, Note_on_c, 3, 83, 100
4, 38639, Note_on_c, 3, 86, 100
4, 38666, Note_on_c, 3, 83, 0
4, 38666, Note_on_c, 3, 84, 100
4, 38667, Note_on_c, 3, 86, 0
4, 38667, Note_on_c, 3, 88, 100
4, 38684, Note_on_c, 3, 88, 0
4, 38696, Note_on_c, 3, 81, 100
4, 38697, Note_on_c, 3, 84, 0
4, 38699, Note_on_c, 3, 89, 100
4, 38726, Note_on_c, 3, 83, 100
4, 38727, Note_on_c, 3, 81, 0
4, 38754, Note_on_c, 3, 83, 0
4, 38755, Note_on_c, 3, 84, 100
4, 38784, Note_on_c, 3, 81, 100
4, 38786, Note_on_c, 3, 84, 0
4, 38815, Note_on_c, 3, 88, 100
4, 38815, Note_on_c, 3, 79, 100
4, 38817, Note_on_c, 3, 89, 0
4, 38817, Note_on_c, 3, 81, 0
4, 38841, Note_on_c, 3, 77, 100
4, 38842, Note_on_c, 3, 79, 0
4, 38843, Note_on_c, 3, 86, 100
4, 38848, Note_on_c, 3, 88, 0
4, 38864, Note_on_c, 3, 86, 0
4, 38867, Note_on_c, 3, 77, 0
4, 38870, Note_on_c, 3, 79, 100
4, 38876, Note_on_c, 3, 88, 100
4, 38909, Note_on_c, 3, 84, 100
4, 38910, Note_on_c, 3, 88, 0
4, 38934, Note_on_c, 3, 82, 100
4, 38939, Note_on_c, 3, 88, 100
4, 38942, Note_on_c, 3, 84, 0
4, 38968, Note_on_c, 3, 91, 100
4, 38973, Note_on_c, 3, 79, 0
4, 38974, Note_on_c, 3, 88, 0
4, 38992, Note_on_c, 3, 81, 100
4, 38995, Note_on_c, 3, 91, 0
4, 38998, Note_on_c, 3, 96, 100
4, 39010, Note_on_c, 3, 82, 0
4, 39015, Note_on_c, 3, 96, 0
4, 39029, Note_on_c, 3, 89, 100
4, 39054, Note_on_c, 3, 84, 100
4, 39058, Note_on_c, 3, 93, 100
4, 39062, Note_on_c, 3, 89, 0
4, 39079, Note_on_c, 3, 81, 0
4, 39086, Note_on_c, 3, 96, 100
4, 39088, Note_on_c, 3, 93, 0
4, 39092, Note_on_c, 3, 81, 100
4, 39102, Note_on_c, 3, 96, 0
4, 39110, Note_on_c, 3, 81, 0
4, 39112, Note_on_c, 3, 82, 100
4, 39116, Note_on_c, 3, 84, 0
4, 39117, Note_on_c, 3, 98, 100
4, 39149, Note_on_c, 3, 82, 0
4, 39149, Note_on_c, 3, 94, 100
4, 39150, Note_on_c, 3, 98, 0
4, 39173, Note_on_c, 3, 82, 100
4, 39174, Note_on_c, 3, 86, 100
4, 39182, Note_on_c, 3, 91, 100
4, 39185, Note_on_c, 3, 94, 0
4, 39201, Note_on_c, 3, 82, 0
4, 39205, Note_on_c, 3, 81, 100
4, 39209, Note_on_c, 3, 94, 100
4, 39210, Note_on_c, 3, 91, 0
4, 39214, Note_on_c, 3, 81, 0
4, 39234, Note_on_c, 3, 94, 0
4, 39238, Note_on_c, 3, 79, 100
4, 39241, Note_on_c, 3, 88, 100
4, 39271, Note_on_c, 3, 98, 100
4, 39272, Note_on_c, 3, 86, 0
4, 39289, Note_on_c, 3, 98, 0
4, 39302, Note_on_c, 3, 96, 100
4, 39315, Note_on_c, 3, 96, 0
4, 39334, Note_on_c, 3, 94, 100
4, 39342, Note_on_c, 3, 94, 0
4, 39364, Note_on_c, 3, 93, 100
4, 39367, Note_on_c, 3, 88, 0
4, 39391, Note_on_c, 3, 79, 0
4, 39391, Note_on_c, 3, 81, 100
4, 39419, Note_on_c, 3, 77, 100
4, 39421, Note_on_c, 3, 81, 0
4, 39421, Note_on_c, 3, 84, 100
4, 39445, Note_on_c, 3, 84, 100
4, 39446, Note_on_c, 3, 84, 0
4, 39447, Note_on_c, 3, 77, 0
4, 39447, Note_on_c, 3, 76, 100
4, 39451, Note_on_c, 3, 84, 0
4, 39452, Note_on_c, 3, 93, 0
4, 39477, Note_on_c, 3, 76, 0
4, 39477, Note_on_c, 3, 98, 100
4, 39477, Note_on_c, 3, 77, 100
4, 39501, Note_on_c, 3, 77, 0
4, 39507, Note_on_c, 3, 86, 100
4, 39533, Note_on_c, 3, 81, 100
4, 39535, Note_on_c, 3, 86, 0
4, 39538, Note_on_c, 3, 89, 100
4, 39565, Note_on_c, 3, 93, 100
4, 39567, Note_on_c, 3, 89, 0
4, 39580, Note_on_c, 3, 93, 0
4, 39595, Note_on_c, 3, 94, 100
4, 39625, Note_on_c, 3, 94, 0
4, 39627, Note_on_c, 3, 91, 100
4, 39652, Note_on_c, 3, 79, 100
4, 39655, Note_on_c, 3, 81, 0
4, 39656, Note_on_c, 3, 91, 0
4, 39656, Note_on_c, 3, 88, 100
4, 39680, Note_on_c, 3, 79, 0
4, 39680, Note_on_c, 3, 77, 100
4, 39685, Note_on_c, 3, 91, 100
4, 39686, Note_on_c, 3, 88, 0
4, 39700, Note_on_c, 3, 91, 0
4, 39710, Note_on_c, 3, 77, 0
4, 39711, Note_on_c, 3, 79, 100
4, 39712, Note_on_c, 3, 84, 100
4, 39714, Note_on_c, 3, 100, 100
4, 39715, Note_on_c, 3, 98, 0
4, 39726, Note_on_c, 3, 84, 0
4, 39745, Note_on_c, 3, 94, 100
4, 39765, Note_on_c, 3, 79, 0
4, 39771, Note_on_c, 3, 82, 100
4, 39775, Note_on_c, 3, 94, 0
4, 39776, Note_on_c, 3, 93, 100
4, 39803, Note_on_c, 3, 93, 0
4, 39804, Note_on_c, 3, 91, 100
4, 39827, Note_on_c, 3, 101, 100
4, 39828, Note_on_c, 3, 100, 0
4, 39828, Note_on_c, 3, 96, 100
4, 39832, Note_on_c, 3, 91, 0
4, 39867, Note_on_c, 3, 82, 0
4, 39871, Note_on_c, 3, 93, 100
4, 39873, Note_on_c, 3, 96, 0
4, 39890, Note_on_c, 3, 81, 100
4, 39900, Note_on_c, 3, 96, 100
4, 39902, Note_on_c, 3, 93, 0
4, 39930, Note_on_c, 3, 89, 100
4, 39931, Note_on_c, 3, 96, 0
4, 39946, Note_on_c, 3, 89, 0
4, 39956, Note_on_c, 3, 86, 100
4, 39960, Note_on_c, 3, 86, 100
4, 39978, Note_on_c, 3, 81, 0
4, 39985, Note_on_c, 3, 86, 0
4, 39990, Note_on_c, 3, 96, 100
4, 39999, Note_on_c, 3, 86, 0
4, 40015, Note_on_c, 3, 79, 100
4, 40019, Note_on_c, 3, 96, 0
4, 40019, Note_on_c, 3, 94, 100
4, 40043, Note_on_c, 3, 79, 0
4, 40043, Note_on_c, 3, 77, 100
4, 40046, Note_on_c, 3, 94, 0
4, 40047, Note_on_c, 3, 93, 100
4, 40066, Note_on_c, 3, 101, 0
4, 40071, Note_on_c, 3, 93, 0
4, 40073, Note_on_c, 3, 76, 100
4, 40074, Note_on_c, 3, 77, 0
4, 40079, Note_on_c, 3, 91, 100
4, 40105, Note_on_c, 3, 77, 100
4, 40106, Note_on_c, 3, 76, 0
4, 40134, Note_on_c, 3, 77, 0
4, 40135, Note_on_c, 3, 74, 100
4, 40137, Note_on_c, 3, 103, 100
4, 40163, Note_on_c, 3, 76, 100
4, 40167, Note_on_c, 3, 74, 0
4, 40195, Note_on_c, 3, 77, 100
4, 40196, Note_on_c, 3, 76, 0
4, 40196, Note_on_c, 3, 93, 100
4, 40197, Note_on_c, 3, 91, 0
4, 40222, Note_on_c, 3, 76, 100
4, 40223, Note_on_c, 3, 77, 0
4, 40251, Note_on_c, 3, 76, 0
4, 40253, Note_on_c, 3, 74, 100
4, 40257, Note_on_c, 3, 101, 100
4, 40258, Note_on_c, 3, 103, 0
4, 40258, Note_on_c, 3, 93, 0
4, 40258, Note_on_c, 3, 95, 100
4, 40284, Note_on_c, 3, 72, 100
4, 40286, Note_on_c, 3, 74, 0
4, 40288, Note_on_c, 3, 95, 0
4, 40304, Note_on_c, 3, 72, 0
4, 40314, Note_on_c, 3, 79, 100
4, 40318, Note_on_c, 3, 100, 100
4, 40318, Note_on_c, 3, 96, 100
4, 40321, Note_on_c, 3, 101, 0
4, 40355, Note_on_c, 3, 101, 100
4, 40357, Note_on_c, 3, 79, 0
4, 40357, Note_on_c, 3, 100, 0
4, 40381, Note_on_c, 3, 77, 100
4, 40383, Note_on_c, 3, 101, 0
4, 40384, Note_on_c, 3, 98, 100
4, 40402, Note_on_c, 3, 98, 0
4, 40403, Note_on_c, 3, 77, 0
4, 40409, Note_on_c, 3, 79, 100
4, 40412, Note_on_c, 3, 100, 100
4, 40424, Note_on_c, 3, 100, 0
4, 40425, Note_on_c, 3, 79, 0
4, 40440, Note_on_c, 3, 101, 100
4, 40440, Note_on_c, 3, 81, 100
4, 40441, Note_on_c, 3, 96, 0
4, 40471, Note_on_c, 3, 99, 100
4, 40473, Note_on_c, 3, 101, 0
4, 40501, Note_on_c, 3, 99, 0
4, 40502, Note_on_c, 3, 98, 100
4, 40529, Note_on_c, 3, 96, 100
4, 40530, Note_on_c, 3, 98, 0
4, 40552, Note_on_c, 3, 96, 0
4, 40558, Note_on_c, 3, 98, 100
4, 40588, Note_on_c, 3, 86, 100
4, 40595, Note_on_c, 3, 81, 0
4, 40615, Note_on_c, 3, 86, 0
4, 40615, Note_on_c, 3, 79, 100
4, 40618, Note_on_c, 3, 91, 100
4, 40632, Note_on_c, 3, 79, 0
4, 40639, Note_on_c, 3, 91, 0
4, 40643, Note_on_c, 3, 78, 100
4, 40647, Note_on_c, 3, 98, 0
4, 40647, Note_on_c, 3, 94, 100
4, 40653, Note_on_c, 3, 78, 0
4, 40673, Note_on_c, 3, 94, 0
4, 40676, Note_on_c, 3, 79, 100
4, 40676, Note_on_c, 3, 98, 100
4, 40705, Note_on_c, 3, 98, 0
4, 40706, Note_on_c, 3, 91, 100
4, 40727, Note_on_c, 3, 91, 0
4, 40735, Note_on_c, 3, 94, 100
4, 40759, Note_on_c, 3, 94, 0
4, 40764, Note_on_c, 3, 98, 100
4, 40780, Note_on_c, 3, 98, 0
4, 40795, Note_on_c, 3, 99, 100
4, 40812, Note_on_c, 3, 79, 0
4, 40824, Note_on_c, 3, 99, 0
4, 40825, Note_on_c, 3, 96, 100
4, 40852, Note_on_c, 3, 78, 100
4, 40856, Note_on_c, 3, 96, 0
4, 40856, Note_on_c, 3, 93, 100
4, 40868, Note_on_c, 3, 78, 0
4, 40880, Note_on_c, 3, 79, 100
4, 40885, Note_on_c, 3, 96, 100
4, 40891, Note_on_c, 3, 93, 0
4, 40895, Note_on_c, 3, 79, 0
4, 40902, Note_on_c, 3, 96, 0
4, 40913, Note_on_c, 3, 81, 100
4, 40915, Note_on_c, 3, 90, 100
4, 40936, Note_on_c, 3, 90, 0
4, 40945, Note_on_c, 3, 99, 100
4, 40957, Note_on_c, 3, 81, 0
4, 40974, Note_on_c, 3, 99, 0
4, 40974, Note_on_c, 3, 102, 100
4, 40974, Note_on_c, 3, 74, 100
4, 40976, Note_on_c, 3, 98, 100
4, 41003, Note_on_c, 3, 98, 0
4, 41004, Note_on_c, 3, 96, 100
4, 41008, Note_on_c, 3, 102, 0
4, 41036, Note_on_c, 3, 94, 100
4, 41036, Note_on_c, 3, 103, 100
4, 41037, Note_on_c, 3, 96, 0
4, 41063, Note_on_c, 3, 103, 0
4, 41065, Note_on_c, 3, 94, 0
4, 41066, Note_on_c, 3, 93, 100
4, 41076, Note_on_c, 3, 74, 0
4, 41092, Note_on_c, 3, 93, 0
4, 41095, Note_on_c, 3, 106, 100
4, 41095, Note_on_c, 3, 91, 100
4, 41124, Note_on_c, 3, 89, 100
4, 41127, Note_on_c, 3, 91, 0
4, 41153, Note_on_c, 3, 89, 0
4, 41154, Note_on_c, 3, 88, 100
4, 41185, Note_on_c, 3, 86, 100
4, 41186, Note_on_c, 3, 88, 0
4, 41212, Note_on_c, 3, 86, 0
4, 41213, Note_on_c, 3, 106, 0
4, 41214, Note_on_c, 3, 85, 100
4, 41217, Note_on_c, 3, 105, 100
4, 41235, Note_on_c, 3, 85, 0
4, 41243, Note_on_c, 3, 88, 100
4, 41245, Note_on_c, 3, 103, 100
4, 41246, Note_on_c, 3, 105, 0
4, 41254, Note_on_c, 3, 88, 0
4, 41259, Note_on_c, 3, 103, 0
4, 41275, Note_on_c, 3, 86, 100
4, 41278, Note_on_c, 3, 101, 100
4, 41308, Note_on_c, 3, 101, 0
4, 41308, Note_on_c, 3, 103, 100
4, 41334, Note_on_c, 3, 103, 0
4, 41337, Note_on_c, 3, 100, 100
4, 41340, Note_on_c, 3, 77, 100
4, 41359, Note_on_c, 3, 86, 0
4, 41360, Note_on_c, 3, 77, 0
4, 41366, Note_on_c, 3, 100, 0
4, 41366, Note_on_c, 3, 101, 100
4, 41394, Note_on_c, 3, 82, 100
4, 41397, Note_on_c, 3, 103, 100
4, 41398, Note_on_c, 3, 101, 0
4, 41425, Note_on_c, 3, 101, 100
4, 41426, Note_on_c, 3, 103, 0
4, 41455, Note_on_c, 3, 101, 0
4, 41457, Note_on_c, 3, 100, 100
4, 41457, Note_on_c, 3, 89, 100
4, 41482, Note_on_c, 3, 89, 0
4, 41486, Note_on_c, 3, 100, 0
4, 41487, Note_on_c, 3, 98, 100
4, 41516, Note_on_c, 3, 98, 0
4, 41516, Note_on_c, 3, 96, 100
4, 41517, Note_on_c, 3, 91, 100
4, 41535, Note_on_c, 3, 82, 0
4, 41545, Note_on_c, 3, 84, 100
4, 41561, Note_on_c, 3, 84, 0
4, 41575, Note_on_c, 3, 81, 100
4, 41605, Note_on_c, 3, 81, 0
4, 41605, Note_on_c, 3, 82, 100
4, 41624, Note_on_c, 3, 82, 0
4, 41634, Note_on_c, 3, 84, 100
4, 41645, Note_on_c, 3, 91, 0
4, 41664, Note_on_c, 3, 82, 100
4, 41666, Note_on_c, 3, 84, 0
4, 41694, Note_on_c, 3, 91, 100
4, 41694, Note_on_c, 3, 81, 100
4, 41696, Note_on_c, 3, 82, 0
4, 41715, Note_on_c, 3, 91, 0
4, 41723, Note_on_c, 3, 79, 100
4, 41724, Note_on_c, 3, 81, 0
4, 41753, Note_on_c, 3, 79, 0
4, 41753, Note_on_c, 3, 81, 100
4, 41756, Note_on_c, 3, 84, 100
4, 41778, Note_on_c, 3, 81, 0
4, 41786, Note_on_c, 3, 96, 0
4, 41786, Note_on_c, 3, 98, 100
4, 41790, Note_on_c, 3, 84, 0
4, 41804, Note_on_c, 3, 98, 0
4, 41813, Note_on_c, 3, 77, 100
4, 41817, Note_on_c, 3, 94, 100
4, 41817, Note_on_c, 3, 93, 100
4, 41837, Note_on_c, 3, 77, 0
4, 41848, Note_on_c, 3, 94, 0
4, 41851, Note_on_c, 3, 96, 100
4, 41873, Note_on_c, 3, 82, 100
4, 41881, Note_on_c, 3, 98, 100
4, 41883, Note_on_c, 3, 96, 0
4, 41907, Note_on_c, 3, 93, 0
4, 41912, Note_on_c, 3, 96, 100
4, 41916, Note_on_c, 3, 98, 0
4, 41941, Note_on_c, 3, 94, 100
4, 41941, Note_on_c, 3, 91, 100
4, 41944, Note_on_c, 3, 96, 0
4, 41967, Note_on_c, 3, 91, 0
4, 41969, Note_on_c, 3, 94, 0
4, 41969, Note_on_c, 3, 89, 100
4, 41970, Note_on_c, 3, 93, 100
4, 41997, Note_on_c, 3, 89, 0
4, 41999, Note_on_c, 3, 93, 0
4, 42000, Note_on_c, 3, 91, 100
4, 42001, Note_on_c, 3, 87, 100
4, 42012, Note_on_c, 3, 82, 0
4, 42026, Note_on_c, 3, 93, 100
4, 42027, Note_on_c, 3, 91, 0
4, 42028, Note_on_c, 3, 87, 0
4, 42029, Note_on_c, 3, 89, 100
4, 42042, Note_on_c, 3, 93, 0
4, 42054, Note_on_c, 3, 70, 100
4, 42058, Note_on_c, 3, 89, 0
4, 42060, Note_on_c, 3, 86, 100
4, 42062, Note_on_c, 3, 94, 100
4, 42071, Note_on_c, 3, 70, 0
4, 42084, Note_on_c, 3, 72, 100
4, 42094, Note_on_c, 3, 88, 100
4, 42099, Note_on_c, 3, 72, 0
4, 42101, Note_on_c, 3, 86, 0
4, 42117, Note_on_c, 3, 74, 100
4, 42124, Note_on_c, 3, 89, 100
4, 42125, Note_on_c, 3, 88, 0
4, 42151, Note_on_c, 3, 86, 100
4, 42153, Note_on_c, 3, 74, 0
4, 42154, Note_on_c, 3, 89, 0
4, 42176, Note_on_c, 3, 94, 0
4, 42177, Note_on_c, 3, 76, 100
4, 42180, Note_on_c, 3, 84, 100
4, 42181, Note_on_c, 3, 93, 100
4, 42183, Note_on_c, 3, 86, 0
4, 42202, Note_on_c, 3, 76, 0
4, 42208, Note_on_c, 3, 91, 100
4, 42208, Note_on_c, 3, 82, 100
4, 42209, Note_on_c, 3, 93, 0
4, 42210, Note_on_c, 3, 84, 0
4, 42234, Note_on_c, 3, 77, 100
4, 42237, Note_on_c, 3, 82, 0
4, 42238, Note_on_c, 3, 81, 100
4, 42239, Note_on_c, 3, 91, 0
4, 42239, Note_on_c, 3, 89, 100
4, 42266, Note_on_c, 3, 84, 100
4, 42267, Note_on_c, 3, 81, 0
4, 42276, Note_on_c, 3, 77, 0
4, 42284, Note_on_c, 3, 84, 0
4, 42296, Note_on_c, 3, 82, 100
4, 42325, Note_on_c, 3, 82, 0
4, 42326, Note_on_c, 3, 84, 100
4, 42339, Note_on_c, 3, 89, 0
4, 42357, Note_on_c, 3, 84, 0
4, 42357, Note_on_c, 3, 86, 100
4, 42387, Note_on_c, 3, 84, 100
4, 42391, Note_on_c, 3, 86, 0
4, 42413, Note_on_c, 3, 77, 100
4, 42418, Note_on_c, 3, 82, 100
4, 42422, Note_on_c, 3, 84, 0
4, 42439, Note_on_c, 3, 82, 0
4, 42445, Note_on_c, 3, 81, 100
4, 42459, Note_on_c, 3, 81, 0
4, 42476, Note_on_c, 3, 79, 100
4, 42503, Note_on_c, 3, 75, 100
4, 42505, Note_on_c, 3, 77, 0
4, 42532, Note_on_c, 3, 75, 0
4, 42533, Note_on_c, 3, 74, 100
4, 42561, Note_on_c, 3, 75, 100
4, 42563, Note_on_c, 3, 74, 0
4, 42566, Note_on_c, 3, 79, 0
4, 42567, Note_on_c, 3, 81, 100
4, 42574, Note_on_c, 3, 75, 0
4, 42592, Note_on_c, 3, 77, 100
4, 42593, Note_on_c, 3, 81, 0
4, 42599, Note_on_c, 3, 82, 100
4, 42616, Note_on_c, 3, 82, 0
4, 42616, Note_on_c, 3, 81, 100
4, 42621, Note_on_c, 3, 75, 100
4, 42625, Note_on_c, 3, 77, 0
4, 42630, Note_on_c, 3, 81, 0
4, 42631, Note_on_c, 3, 82, 100
4, 42642, Note_on_c, 3, 82, 0
4, 42642, Note_on_c, 3, 81, 100
4, 42650, Note_on_c, 3, 74, 100
4, 42651, Note_on_c, 3, 75, 0
4, 42653, Note_on_c, 3, 81, 0
4, 42654, Note_on_c, 3, 82, 100
4, 42662, Note_on_c, 3, 81, 100
4, 42672, Note_on_c, 3, 82, 0
4, 42678, Note_on_c, 3, 72, 100
4, 42680, Note_on_c, 3, 74, 0
4, 42682, Note_on_c, 3, 79, 100
4, 42683, Note_on_c, 3, 81, 0
4, 42696, Note_on_c, 3, 81, 100
4, 42702, Note_on_c, 3, 72, 0
4, 42703, Note_on_c, 3, 79, 0
4, 42709, Note_on_c, 3, 74, 100
4, 42720, Note_on_c, 3, 81, 0
4, 42722, Note_on_c, 3, 82, 100
4, 42753, Note_on_c, 3, 89, 100
4, 42782, Note_on_c, 3, 89, 0
4, 42782, Note_on_c, 3, 88, 100
4, 42806, Note_on_c, 3, 88, 0
4, 42807, Note_on_c, 3, 74, 0
4, 42809, Note_on_c, 3, 76, 100
4, 42811, Note_on_c, 3, 89, 100
4, 42837, Note_on_c, 3, 89, 0
4, 42838, Note_on_c, 3, 76, 0
4, 42840, Note_on_c, 3, 91, 100
4, 42841, Note_on_c, 3, 77, 100
4, 42854, Note_on_c, 3, 76, 100
4, 42855, Note_on_c, 3, 77, 0
4, 42867, Note_on_c, 3, 76, 0
4, 42869, Note_on_c, 3, 77, 100
4, 42870, Note_on_c, 3, 91, 0
4, 42870, Note_on_c, 3, 89, 100
4, 42881, Note_on_c, 3, 76, 100
4, 42882, Note_on_c, 3, 77, 0
4, 42893, Note_on_c, 3, 76, 0
4, 42894, Note_on_c, 3, 77, 100
4, 42899, Note_on_c, 3, 89, 0
4, 42900, Note_on_c, 3, 88, 100
4, 42903, Note_on_c, 3, 76, 100
4, 42909, Note_on_c, 3, 77, 0
4, 42919, Note_on_c, 3, 76, 0
4, 42919, Note_on_c, 3, 74, 100
4, 42929, Note_on_c, 3, 86, 100
4, 42932, Note_on_c, 3, 76, 100
4, 42933, Note_on_c, 3, 88, 0
4, 42939, Note_on_c, 3, 74, 0
4, 42940, Note_on_c, 3, 86, 0
4, 42954, Note_on_c, 3, 76, 0
4, 42956, Note_on_c, 3, 77, 100
4, 42959, Note_on_c, 3, 84, 100
4, 42987, Note_on_c, 3, 82, 100
4, 42990, Note_on_c, 3, 96, 100
4, 42995, Note_on_c, 3, 84, 0
4, 42995, Note_on_c, 3, 81, 100
4, 42996, Note_on_c, 3, 82, 0
4, 43010, Note_on_c, 3, 77, 0
4, 43013, Note_on_c, 3, 77, 100
4, 43014, Note_on_c, 3, 79, 100
4, 43015, Note_on_c, 3, 81, 0
4, 43021, Note_on_c, 3, 94, 100
4, 43023, Note_on_c, 3, 96, 0
4, 43038, Note_on_c, 3, 79, 0
4, 43044, Note_on_c, 3, 81, 100
4, 43049, Note_on_c, 3, 96, 100
4, 43050, Note_on_c, 3, 94, 0
4, 43071, Note_on_c, 3, 82, 0
4, 43076, Note_on_c, 3, 81, 0
4, 43076, Note_on_c, 3, 82, 100
4, 43077, Note_on_c, 3, 98, 100
4, 43079, Note_on_c, 3, 96, 0
4, 43104, Note_on_c, 3, 81, 100
4, 43106, Note_on_c, 3, 77, 0
4, 43107, Note_on_c, 3, 96, 100
4, 43109, Note_on_c, 3, 82, 0
4, 43109, Note_on_c, 3, 98, 0
4, 43133, Note_on_c, 3, 79, 100
4, 43135, Note_on_c, 3, 81, 0
4, 43137, Note_on_c, 3, 96, 0
4, 43137, Note_on_c, 3, 94, 100
4, 43161, Note_on_c, 3, 77, 100
4, 43163, Note_on_c, 3, 94, 0
4, 43165, Note_on_c, 3, 79, 0
4, 43165, Note_on_c, 3, 93, 100
4, 43190, Note_on_c, 3, 84, 100
4, 43193, Note_on_c, 3, 77, 0
4, 43193, Note_on_c, 3, 93, 0
4, 43194, Note_on_c, 3, 91, 100
4, 43217, Note_on_c, 3, 91, 0
4, 43221, Note_on_c, 3, 76, 100
4, 43226, Note_on_c, 3, 103, 100
4, 43251, Note_on_c, 3, 74, 100
4, 43254, Note_on_c, 3, 76, 0
4, 43256, Note_on_c, 3, 103, 0
4, 43256, Note_on_c, 3, 101, 100
4, 43280, Note_on_c, 3, 76, 100
4, 43285, Note_on_c, 3, 74, 0
4, 43285, Note_on_c, 3, 103, 100
4, 43287, Note_on_c, 3, 101, 0
4, 43311, Note_on_c, 3, 77, 100
4, 43314, Note_on_c, 3, 76, 0
4, 43314, Note_on_c, 3, 103, 0
4, 43315, Note_on_c, 3, 105, 100
4, 43340, Note_on_c, 3, 76, 100
4, 43344, Note_on_c, 3, 77, 0
4, 43346, Note_on_c, 3, 103, 100
4, 43349, Note_on_c, 3, 105, 0
4, 43373, Note_on_c, 3, 74, 100
4, 43377, Note_on_c, 3, 101, 100
4, 43378, Note_on_c, 3, 76, 0
4, 43379, Note_on_c, 3, 103, 0
4, 43404, Note_on_c, 3, 101, 0
4, 43405, Note_on_c, 3, 100, 100
4, 43409, Note_on_c, 3, 74, 0
4, 43416, Note_on_c, 3, 100, 0
4, 43431, Note_on_c, 3, 79, 100
4, 43437, Note_on_c, 3, 98, 100
4, 43461, Note_on_c, 3, 82, 100
4, 43464, Note_on_c, 3, 84, 0
4, 43489, Note_on_c, 3, 82, 0
4, 43489, Note_on_c, 3, 81, 100
4, 43518, Note_on_c, 3, 82, 100
4, 43519, Note_on_c, 3, 81, 0
4, 43528, Note_on_c, 3, 100, 100
4, 43529, Note_on_c, 3, 98, 0
4, 43548, Note_on_c, 3, 100, 0
4, 43554, Note_on_c, 3, 82, 0
4, 43555, Note_on_c, 3, 84, 100
4, 43558, Note_on_c, 3, 101, 100
4, 43571, Note_on_c, 3, 100, 100
4, 43572, Note_on_c, 3, 101, 0
4, 43583, Note_on_c, 3, 100, 0
4, 43584, Note_on_c, 3, 101, 100
4, 43584, Note_on_c, 3, 82, 100
4, 43586, Note_on_c, 3, 84, 0
4, 43595, Note_on_c, 3, 101, 0
4, 43595, Note_on_c, 3, 100, 100
4, 43608, Note_on_c, 3, 101, 100
4, 43612, Note_on_c, 3, 101, 0
4, 43612, Note_on_c, 3, 81, 100
4, 43616, Note_on_c, 3, 79, 0
4, 43618, Note_on_c, 3, 82, 0
4, 43620, Note_on_c, 3, 101, 100
4, 43621, Note_on_c, 3, 100, 0
4, 43628, Note_on_c, 3, 100, 100
4, 43629, Note_on_c, 3, 101, 0
4, 43639, Note_on_c, 3, 79, 100
4, 43643, Note_on_c, 3, 98, 100
4, 43646, Note_on_c, 3, 81, 0
4, 43646, Note_on_c, 3, 100, 0
4, 43647, Note_on_c, 3, 79, 0
4, 43657, Note_on_c, 3, 98, 0
4, 43658, Note_on_c, 3, 100, 100
4, 43667, Note_on_c, 3, 81, 100
4, 43668, Note_on_c, 3, 74, 100
4, 43671, Note_on_c, 3, 100, 0
4, 43677, Note_on_c, 3, 101, 100
4, 43705, Note_on_c, 3, 81, 0
4, 43708, Note_on_c, 3, 93, 100
4, 43737, Note_on_c, 3, 91, 100
4, 43740, Note_on_c, 3, 93, 0
4, 43749, Note_on_c, 3, 74, 0
4, 43769, Note_on_c, 3, 93, 100
4, 43771, Note_on_c, 3, 91, 0
4, 43793, Note_on_c, 3, 86, 100
4, 43798, Note_on_c, 3, 94, 100
4, 43799, Note_on_c, 3, 93, 0
4, 43830, Note_on_c, 3, 93, 100
4, 43831, Note_on_c, 3, 94, 0
4, 43856, Note_on_c, 3, 91, 100
4, 43859, Note_on_c, 3, 91, 100
4, 43861, Note_on_c, 3, 93, 0
4, 43882, Note_on_c, 3, 91, 0
4, 43883, Note_on_c, 3, 89, 100
4, 43886, Note_on_c, 3, 89, 100
4, 43890, Note_on_c, 3, 86, 0
4, 43890, Note_on_c, 3, 91, 0
4, 43909, Note_on_c, 3, 89, 0
4, 43911, Note_on_c, 3, 86, 100
4, 43918, Note_on_c, 3, 89, 0
4, 43919, Note_on_c, 3, 101, 0
4, 43919, Note_on_c, 3, 91, 100
4, 43920, Note_on_c, 3, 100, 100
4, 43946, Note_on_c, 3, 86, 0
4, 43946, Note_on_c, 3, 85, 100
4, 43975, Note_on_c, 3, 85, 0
4, 43975, Note_on_c, 3, 83, 100
4, 44004, Note_on_c, 3, 85, 100
4, 44005, Note_on_c, 3, 83, 0
4, 44008, Note_on_c, 3, 94, 100
4, 44011, Note_on_c, 3, 91, 0
4, 44020, Note_on_c, 3, 94, 0
4, 44034, Note_on_c, 3, 85, 0
4, 44035, Note_on_c, 3, 86, 100
4, 44039, Note_on_c, 3, 94, 100
4, 44053, Note_on_c, 3, 93, 100
4, 44054, Note_on_c, 3, 94, 0
4, 44065, Note_on_c, 3, 85, 100
4, 44066, Note_on_c, 3, 93, 0
4, 44068, Note_on_c, 3, 86, 0
4, 44068, Note_on_c, 3, 94, 100
4, 44076, Note_on_c, 3, 93, 100
4, 44077, Note_on_c, 3, 94, 0
4, 44083, Note_on_c, 3, 93, 0
4, 44083, Note_on_c, 3, 94, 100
4, 44089, Note_on_c, 3, 93, 100
4, 44093, Note_on_c, 3, 94, 0
4, 44093, Note_on_c, 3, 83, 100
4, 44094, Note_on_c, 3, 85, 0
4, 44120, Note_on_c, 3, 81, 100
4, 44121, Note_on_c, 3, 91, 100
4, 44122, Note_on_c, 3, 93, 0
4, 44125, Note_on_c, 3, 83, 0
4, 44145, Note_on_c, 3, 81, 0
4, 44149, Note_on_c, 3, 86, 100
4, 44152, Note_on_c, 3, 89, 100
4, 44154, Note_on_c, 3, 91, 0
4, 44155, Note_on_c, 3, 100, 0
4, 44185, Note_on_c, 3, 98, 100
4, 44214, Note_on_c, 3, 97, 100
4, 44215, Note_on_c, 3, 98, 0
4, 44227, Note_on_c, 3, 89, 0
4, 44239, Note_on_c, 3, 84, 100
4, 44242, Note_on_c, 3, 86, 0
4, 44243, Note_on_c, 3, 98, 100
4, 44244, Note_on_c, 3, 91, 100
4, 44245, Note_on_c, 3, 97, 0
4, 44252, Note_on_c, 3, 84, 0
4, 44261, Note_on_c, 3, 91, 0
4, 44268, Note_on_c, 3, 98, 0
4, 44273, Note_on_c, 3, 84, 100
4, 44276, Note_on_c, 3, 93, 100
4, 44276, Note_on_c, 3, 100, 100
4, 44284, Note_on_c, 3, 84, 0
4, 44285, Note_on_c, 3, 82, 100
4, 44294, Note_on_c, 3, 82, 0
4, 44295, Note_on_c, 3, 84, 100
4, 44302, Note_on_c, 3, 82, 100
4, 44304, Note_on_c, 3, 84, 0
4, 44307, Note_on_c, 3, 98, 100
4, 44309, Note_on_c, 3, 100, 0
4, 44309, Note_on_c, 3, 82, 0
4, 44310, Note_on_c, 3, 84, 100
4, 44317, Note_on_c, 3, 82, 100
4, 44321, Note_on_c, 3, 82, 0
4, 44328, Note_on_c, 3, 82, 100
4, 44330, Note_on_c, 3, 84, 0
4, 44337, Note_on_c, 3, 84, 100
4, 44338, Note_on_c, 3, 98, 0
4, 44338, Note_on_c, 3, 97, 100
4, 44341, Note_on_c, 3, 84, 0
4, 44364, Note_on_c, 3, 82, 0
4, 44364, Note_on_c, 3, 81, 100
4, 44365, Note_on_c, 3, 98, 100
4, 44366, Note_on_c, 3, 97, 0
4, 44377, Note_on_c, 3, 98, 0
4, 44380, Note_on_c, 3, 82, 100
4, 44381, Note_on_c, 3, 81, 0
4, 44394, Note_on_c, 3, 82, 0
4, 44396, Note_on_c, 3, 97, 100
4, 44396, Note_on_c, 3, 81, 100
4, 44425, Note_on_c, 3, 81, 0
4, 44425, Note_on_c, 3, 82, 100
4, 44451, Note_on_c, 3, 82, 0
4, 44451, Note_on_c, 3, 79, 100
4, 44460, Note_on_c, 3, 93, 0
4, 44479, Note_on_c, 3, 81, 100
4, 44484, Note_on_c, 3, 79, 0
4, 44489, Note_on_c, 3, 97, 0
4, 44489, Note_on_c, 3, 93, 100
4, 44505, Note_on_c, 3, 93, 0
4, 44510, Note_on_c, 3, 81, 0
4, 44510, Note_on_c, 3, 82, 100
4, 44522, Note_on_c, 3, 98, 100
4, 44522, Note_on_c, 3, 89, 100
4, 44548, Note_on_c, 3, 81, 100
4, 44549, Note_on_c, 3, 82, 0
4, 44578, Note_on_c, 3, 79, 100
4, 44582, Note_on_c, 3, 81, 0
4, 44584, Note_on_c, 3, 89, 0
4, 44607, Note_on_c, 3, 77, 100
4, 44608, Note_on_c, 3, 79, 0
4, 44612, Note_on_c, 3, 86, 100
4, 44626, Note_on_c, 3, 86, 0
4, 44637, Note_on_c, 3, 77, 0
4, 44640, Note_on_c, 3, 79, 100
4, 44649, Note_on_c, 3, 88, 100
4, 44676, Note_on_c, 3, 81, 100
4, 44680, Note_on_c, 3, 79, 0
4, 44708, Note_on_c, 3, 77, 100
4, 44710, Note_on_c, 3, 81, 0
4, 44733, Note_on_c, 3, 100, 100
4, 44736, Note_on_c, 3, 77, 0
4, 44736, Note_on_c, 3, 79, 100
4, 44737, Note_on_c, 3, 98, 0
4, 44745, Note_on_c, 3, 100, 0
4, 44763, Note_on_c, 3, 81, 100
4, 44766, Note_on_c, 3, 79, 0
4, 44768, Note_on_c, 3, 96, 100
4, 44793, Note_on_c, 3, 79, 100
4, 44797, Note_on_c, 3, 81, 0
4, 44822, Note_on_c, 3, 78, 100
4, 44826, Note_on_c, 3, 79, 0
4, 44843, Note_on_c, 3, 88, 0
4, 44844, Note_on_c, 3, 93, 100
4, 44852, Note_on_c, 3, 78, 0
4, 44852, Note_on_c, 3, 76, 100
4, 44859, Note_on_c, 3, 93, 0
4, 44875, Note_on_c, 3, 86, 100
4, 44879, Note_on_c, 3, 78, 100
4, 44881, Note_on_c, 3, 76, 0
4, 44907, Note_on_c, 3, 86, 0
4, 44907, Note_on_c, 3, 87, 100
4, 44936, Note_on_c, 3, 87, 0
4, 44936, Note_on_c, 3, 84, 100
4, 44960, Note_on_c, 3, 78, 0
4, 44961, Note_on_c, 3, 74, 100
4, 44964, Note_on_c, 3, 84, 0
4, 44964, Note_on_c, 3, 86, 100
4, 44988, Note_on_c, 3, 74, 0
4, 44991, Note_on_c, 3, 79, 100
4, 44993, Note_on_c, 3, 96, 0
4, 44994, Note_on_c, 3, 87, 100
4, 44995, Note_on_c, 3, 94, 100
4, 44997, Note_on_c, 3, 86, 0
4, 45000, Note_on_c, 3, 87, 0
4, 45021, Note_on_c, 3, 86, 100
4, 45050, Note_on_c, 3, 84, 100
4, 45052, Note_on_c, 3, 86, 0
4, 45072, Note_on_c, 3, 94, 0
4, 45079, Note_on_c, 3, 82, 100
4, 45081, Note_on_c, 3, 84, 0
4, 45082, Note_on_c, 3, 99, 100
4, 45093, Note_on_c, 3, 99, 0
4, 45109, Note_on_c, 3, 84, 100
4, 45111, Note_on_c, 3, 82, 0
4, 45113, Note_on_c, 3, 93, 100
4, 45128, Note_on_c, 3, 84, 0
4, 45140, Note_on_c, 3, 87, 100
4, 45144, Note_on_c, 3, 96, 100
4, 45145, Note_on_c, 3, 93, 0
4, 45170, Note_on_c, 3, 86, 100
4, 45172, Note_on_c, 3, 87, 0
4, 45172, Note_on_c, 3, 96, 0
4, 45173, Note_on_c, 3, 94, 100
4, 45195, Note_on_c, 3, 94, 0
4, 45196, Note_on_c, 3, 87, 100
4, 45198, Note_on_c, 3, 79, 0
4, 45198, Note_on_c, 3, 86, 0
4, 45202, Note_on_c, 3, 96, 100
4, 45215, Note_on_c, 3, 87, 0
4, 45227, Note_on_c, 3, 81, 100
4, 45228, Note_on_c, 3, 78, 100
4, 45231, Note_on_c, 3, 96, 0
4, 45233, Note_on_c, 3, 98, 100
4, 45248, Note_on_c, 3, 81, 0
4, 45263, Note_on_c, 3, 96, 100
4, 45264, Note_on_c, 3, 98, 0
4, 45291, Note_on_c, 3, 86, 100
4, 45294, Note_on_c, 3, 96, 0
4, 45294, Note_on_c, 3, 94, 100
4, 45313, Note_on_c, 3, 78, 0
4, 45323, Note_on_c, 3, 94, 0
4, 45324, Note_on_c, 3, 93, 100
4, 45348, Note_on_c, 3, 79, 100
4, 45353, Note_on_c, 3, 94, 100
4, 45358, Note_on_c, 3, 93, 0
4, 45370, Note_on_c, 3, 94, 0
4, 45379, Note_on_c, 3, 86, 0
4, 45387, Note_on_c, 3, 101, 100
4, 45388, Note_on_c, 3, 93, 100
4, 45416, Note_on_c, 3, 101, 0
4, 45417, Note_on_c, 3, 91, 100
4, 45417, Note_on_c, 3, 100, 100
4, 45418, Note_on_c, 3, 93, 0
4, 45445, Note_on_c, 3, 93, 100
4, 45446, Note_on_c, 3, 91, 0
4, 45446, Note_on_c, 3, 100, 0
4, 45447, Note_on_c, 3, 101, 100
4, 45477, Note_on_c, 3, 93, 0
4, 45477, Note_on_c, 3, 101, 0
4, 45478, Note_on_c, 3, 103, 100
4, 45479, Note_on_c, 3, 94, 100
4, 45510, Note_on_c, 3, 103, 0
4, 45510, Note_on_c, 3, 93, 100
4, 45511, Note_on_c, 3, 94, 0
4, 45511, Note_on_c, 3, 101, 100
4, 45526, Note_on_c, 3, 93, 0
4, 45536, Note_on_c, 3, 91, 100
4, 45540, Note_on_c, 3, 100, 100
4, 45541, Note_on_c, 3, 101, 0
4, 45549, Note_on_c, 3, 91, 0
4, 45566, Note_on_c, 3, 89, 100
4, 45568, Note_on_c, 3, 100, 0
4, 45569, Note_on_c, 3, 98, 100
4, 45577, Note_on_c, 3, 89, 0
4, 45583, Note_on_c, 3, 98, 0
4, 45597, Note_on_c, 3, 79, 0
4, 45598, Note_on_c, 3, 88, 100
4, 45599, Note_on_c, 3, 97, 100
4, 45625, Note_on_c, 3, 88, 0
4, 45627, Note_on_c, 3, 89, 100
4, 45627, Note_on_c, 3, 86, 100
4, 45656, Note_on_c, 3, 86, 0
4, 45657, Note_on_c, 3, 85, 100
4, 45658, Note_on_c, 3, 89, 0
4, 45659, Note_on_c, 3, 88, 100
4, 45684, Note_on_c, 3, 85, 0
4, 45687, Note_on_c, 3, 86, 100
4, 45688, Note_on_c, 3, 97, 0
4, 45688, Note_on_c, 3, 89, 100
4, 45689, Note_on_c, 3, 88, 0
4, 45709, Note_on_c, 3, 89, 0
4, 45716, Note_on_c, 3, 86, 0
4, 45717, Note_on_c, 3, 88, 100
4, 45718, Note_on_c, 3, 91, 100
4, 45743, Note_on_c, 3, 88, 0
4, 45745, Note_on_c, 3, 86, 100
4, 45745, Note_on_c, 3, 89, 100
4, 45747, Note_on_c, 3, 91, 0
4, 45759, Note_on_c, 3, 89, 0
4, 45772, Note_on_c, 3, 86, 0
4, 45773, Note_on_c, 3, 85, 100
4, 45780, Note_on_c, 3, 88, 100
4, 45803, Note_on_c, 3, 83, 100
4, 45804, Note_on_c, 3, 85, 0
4, 45833, Note_on_c, 3, 83, 0
4, 45833, Note_on_c, 3, 81, 100
4, 45867, Note_on_c, 3, 93, 100
4, 45893, Note_on_c, 3, 93, 0
4, 45894, Note_on_c, 3, 88, 0
4, 45894, Note_on_c, 3, 81, 0
4, 45894, Note_on_c, 3, 77, 100
4, 45897, Note_on_c, 3, 94, 100
4, 45897, Note_on_c, 3, 86, 100
4, 45926, Note_on_c, 3, 94, 0
4, 45926, Note_on_c, 3, 93, 100
4, 45934, Note_on_c, 3, 86, 0
4, 45950, Note_on_c, 3, 93, 0
4, 45952, Note_on_c, 3, 77, 0
4, 45952, Note_on_c, 3, 82, 100
4, 45955, Note_on_c, 3, 91, 100
4, 45986, Note_on_c, 3, 93, 100
4, 46014, Note_on_c, 3, 81, 100
4, 46015, Note_on_c, 3, 93, 0
4, 46016, Note_on_c, 3, 95, 100
4, 46040, Note_on_c, 3, 81, 0
4, 46041, Note_on_c, 3, 79, 100
4, 46047, Note_on_c, 3, 95, 0
4, 46047, Note_on_c, 3, 97, 100
4, 46050, Note_on_c, 3, 79, 0
4, 46055, Note_on_c, 3, 82, 0
4, 46072, Note_on_c, 3, 81, 100
4, 46075, Note_on_c, 3, 97, 0
4, 46077, Note_on_c, 3, 98, 100
4, 46079, Note_on_c, 3, 91, 0
4, 46103, Note_on_c, 3, 82, 100
4, 46106, Note_on_c, 3, 81, 0
4, 46106, Note_on_c, 3, 91, 100
4, 46131, Note_on_c, 3, 82, 0
4, 46133, Note_on_c, 3, 79, 100
4, 46138, Note_on_c, 3, 93, 100
4, 46141, Note_on_c, 3, 91, 0
4, 46164, Note_on_c, 3, 81, 100
4, 46165, Note_on_c, 3, 91, 100
4, 46167, Note_on_c, 3, 79, 0
4, 46168, Note_on_c, 3, 93, 0
4, 46192, Note_on_c, 3, 81, 0
4, 46193, Note_on_c, 3, 84, 100
4, 46195, Note_on_c, 3, 90, 100
4, 46196, Note_on_c, 3, 91, 0
4, 46224, Note_on_c, 3, 82, 100
4, 46226, Note_on_c, 3, 91, 100
4, 46227, Note_on_c, 3, 90, 0
4, 46228, Note_on_c, 3, 84, 0
4, 46254, Note_on_c, 3, 81, 100
4, 46257, Note_on_c, 3, 82, 0
4, 46257, Note_on_c, 3, 91, 0
4, 46257, Note_on_c, 3, 93, 100
4, 46283, Note_on_c, 3, 79, 100
4, 46284, Note_on_c, 3, 81, 0
4, 46286, Note_on_c, 3, 93, 0
4, 46287, Note_on_c, 3, 94, 100
4, 46313, Note_on_c, 3, 78, 100
4, 46315, Note_on_c, 3, 79, 0
4, 46316, Note_on_c, 3, 94, 0
4, 46318, Note_on_c, 3, 96, 100
4, 46339, Note_on_c, 3, 98, 0
4, 46341, Note_on_c, 3, 96, 0
4, 46344, Note_on_c, 3, 86, 100
4, 46362, Note_on_c, 3, 86, 0
4, 46371, Note_on_c, 3, 78, 0
4, 46372, Note_on_c, 3, 94, 100
4, 46372, Note_on_c, 3, 103, 100
4, 46373, Note_on_c, 3, 79, 100
4, 46375, Note_on_c, 3, 87, 100
4, 46401, Note_on_c, 3, 87, 0
4, 46403, Note_on_c, 3, 86, 100
4, 46418, Note_on_c, 3, 103, 0
4, 46419, Note_on_c, 3, 94, 0
4, 46426, Note_on_c, 3, 86, 0
4, 46432, Note_on_c, 3, 81, 100
4, 46432, Note_on_c, 3, 93, 100
4, 46432, Note_on_c, 3, 102, 100
4, 46432, Note_on_c, 3, 84, 100
4, 46434, Note_on_c, 3, 79, 0
4, 46461, Note_on_c, 3, 102, 0
4, 46462, Note_on_c, 3, 84, 0
4, 46463, Note_on_c, 3, 86, 100
4, 46465, Note_on_c, 3, 93, 0
4, 46484, Note_on_c, 3, 86, 0
4, 46490, Note_on_c, 3, 88, 100
4, 46491, Note_on_c, 3, 81, 0
4, 46491, Note_on_c, 3, 96, 100
4, 46491, Note_on_c, 3, 105, 100
4, 46507, Note_on_c, 3, 105, 0
4, 46513, Note_on_c, 3, 96, 0
4, 46518, Note_on_c, 3, 88, 0
4, 46519, Note_on_c, 3, 90, 100
4, 46547, Note_on_c, 3, 90, 0
4, 46549, Note_on_c, 3, 91, 100
4, 46552, Note_on_c, 3, 94, 100
4, 46552, Note_on_c, 3, 98, 100
4, 46575, Note_on_c, 3, 91, 0
4, 46578, Note_on_c, 3, 79, 100
4, 46611, Note_on_c, 3, 88, 100
4, 46612, Note_on_c, 3, 79, 0
4, 46612, Note_on_c, 3, 82, 100
4, 46615, Note_on_c, 3, 98, 0
4, 46615, Note_on_c, 3, 97, 100
4, 46616, Note_on_c, 3, 94, 0
4, 46616, Note_on_c, 3, 91, 100
4, 46642, Note_on_c, 3, 81, 100
4, 46643, Note_on_c, 3, 82, 0
4, 46648, Note_on_c, 3, 88, 0
4, 46653, Note_on_c, 3, 97, 0
4, 46654, Note_on_c, 3, 91, 0
4, 46672, Note_on_c, 3, 79, 100
4, 46674, Note_on_c, 3, 81, 0
4, 46702, Note_on_c, 3, 81, 100
4, 46704, Note_on_c, 3, 79, 0
4, 46732, Note_on_c, 3, 83, 100
4, 46733, Note_on_c, 3, 81, 0
4, 46740, Note_on_c, 3, 100, 100
4, 46740, Note_on_c, 3, 91, 100
4, 46740, Note_on_c, 3, 93, 100
4, 46761, Note_on_c, 3, 83, 0
4, 46761, Note_on_c, 3, 100, 0
4, 46761, Note_on_c, 3, 93, 0
4, 46762, Note_on_c, 3, 91, 0
4, 46763, Note_on_c, 3, 85, 100
4, 46778, Note_on_c, 3, 85, 0
4, 46800, Note_on_c, 3, 86, 100
4, 46803, Note_on_c, 3, 93, 100
4, 46804, Note_on_c, 3, 91, 100
4, 46804, Note_on_c, 3, 100, 100
4, 46832, Note_on_c, 3, 86, 0
4, 46832, Note_on_c, 3, 69, 100
4, 46856, Note_on_c, 3, 69, 0
4, 46859, Note_on_c, 3, 74, 100
4, 46862, Note_on_c, 3, 98, 100
4, 46862, Note_on_c, 3, 89, 100
4, 46863, Note_on_c, 3, 100, 0
4, 46864, Note_on_c, 3, 91, 0
4, 46890, Note_on_c, 3, 74, 0
4, 46890, Note_on_c, 3, 77, 100
4, 46892, Note_on_c, 3, 98, 0
4, 46894, Note_on_c, 3, 93, 0
4, 46894, Note_on_c, 3, 89, 0
4, 46921, Note_on_c, 3, 81, 100
4, 46922, Note_on_c, 3, 77, 0
4, 46943, Note_on_c, 3, 81, 0
4, 46951, Note_on_c, 3, 74, 100
4, 46977, Note_on_c, 3, 93, 100
4, 46977, Note_on_c, 3, 105, 100
4, 46977, Note_on_c, 3, 98, 100
4, 46979, Note_on_c, 3, 77, 100
4, 46981, Note_on_c, 3, 74, 0
4, 46995, Note_on_c, 3, 105, 0
4, 46996, Note_on_c, 3, 98, 0
4, 46997, Note_on_c, 3, 93, 0
4, 47005, Note_on_c, 3, 81, 100
4, 47006, Note_on_c, 3, 77, 0
4, 47032, Note_on_c, 3, 81, 0
4, 47035, Note_on_c, 3, 82, 100
4, 47039, Note_on_c, 3, 98, 100
4, 47040, Note_on_c, 3, 105, 100
4, 47040, Note_on_c, 3, 101, 100
4, 47066, Note_on_c, 3, 79, 100
4, 47067, Note_on_c, 3, 82, 0
4, 47093, Note_on_c, 3, 105, 0
4, 47094, Note_on_c, 3, 101, 0
4, 47098, Note_on_c, 3, 103, 100
4, 47098, Note_on_c, 3, 76, 100
4, 47099, Note_on_c, 3, 100, 100
4, 47102, Note_on_c, 3, 79, 0
4, 47124, Note_on_c, 3, 100, 0
4, 47125, Note_on_c, 3, 103, 0
4, 47126, Note_on_c, 3, 79, 100
4, 47127, Note_on_c, 3, 76, 0
4, 47130, Note_on_c, 3, 98, 0
4, 47157, Note_on_c, 3, 73, 100
4, 47160, Note_on_c, 3, 79, 0
4, 47188, Note_on_c, 3, 73, 0
4, 47188, Note_on_c, 3, 82, 100
4, 47215, Note_on_c, 3, 81, 100
4, 47217, Note_on_c, 3, 82, 0
4, 47218, Note_on_c, 3, 93, 100
4, 47219, Note_on_c, 3, 100, 100
4, 47219, Note_on_c, 3, 97, 100
4, 47219, Note_on_c, 3, 103, 100
4, 47233, Note_on_c, 3, 97, 0
4, 47234, Note_on_c, 3, 93, 0
4, 47234, Note_on_c, 3, 103, 0
4, 47235, Note_on_c, 3, 100, 0
4, 47244, Note_on_c, 3, 79, 100
4, 47247, Note_on_c, 3, 81, 0
4, 47257, Note_on_c, 3, 79, 0
4, 47275, Note_on_c, 3, 77, 100
4, 47279, Note_on_c, 3, 100, 100
4, 47279, Note_on_c, 3, 103, 100
4, 47279, Note_on_c, 3, 93, 100
4, 47306, Note_on_c, 3, 74, 100
4, 47308, Note_on_c, 3, 77, 0
4, 47321, Note_on_c, 3, 103, 0
4, 47326, Note_on_c, 3, 100, 0
4, 47335, Note_on_c, 3, 77, 100
4, 47336, Note_on_c, 3, 74, 0
4, 47338, Note_on_c, 3, 98, 100
4, 47339, Note_on_c, 3, 101, 100
4, 47354, Note_on_c, 3, 101, 0
4, 47355, Note_on_c, 3, 98, 0
4, 47362, Note_on_c, 3, 81, 100
4, 47363, Note_on_c, 3, 77, 0
4, 47368, Note_on_c, 3, 96, 100
4, 47369, Note_on_c, 3, 100, 100
4, 47370, Note_on_c, 3, 81, 0
4, 47377, Note_on_c, 3, 96, 0
4, 47383, Note_on_c, 3, 100, 0
4, 47392, Note_on_c, 3, 93, 0
4, 47396, Note_on_c, 3, 86, 100
4, 47400, Note_on_c, 3, 98, 100
4, 47401, Note_on_c, 3, 101, 100
4, 47430, Note_on_c, 3, 93, 100
4, 47460, Note_on_c, 3, 93, 0
4, 47460, Note_on_c, 3, 94, 100
4, 47485, Note_on_c, 3, 93, 100
4, 47487, Note_on_c, 3, 98, 0
4, 47487, Note_on_c, 3, 96, 100
4, 47488, Note_on_c, 3, 94, 0
4, 47493, Note_on_c, 3, 93, 0
4, 47514, Note_on_c, 3, 96, 0
4, 47516, Note_on_c, 3, 94, 100
4, 47517, Note_on_c, 3, 100, 100
4, 47518, Note_on_c, 3, 91, 100
4, 47520, Note_on_c, 3, 101, 0
4, 47544, Note_on_c, 3, 93, 100
4, 47545, Note_on_c, 3, 94, 0
4, 47545, Note_on_c, 3, 91, 0
4, 47546, Note_on_c, 3, 96, 100
4, 47572, Note_on_c, 3, 93, 0
4, 47574, Note_on_c, 3, 89, 100
4, 47577, Note_on_c, 3, 93, 100
4, 47578, Note_on_c, 3, 96, 0
4, 47601, Note_on_c, 3, 91, 100
4, 47605, Note_on_c, 3, 94, 100
4, 47606, Note_on_c, 3, 89, 0
4, 47606, Note_on_c, 3, 93, 0
4, 47630, Note_on_c, 3, 91, 0
4, 47631, Note_on_c, 3, 86, 0
4, 47631, Note_on_c, 3, 93, 100
4, 47631, Note_on_c, 3, 84, 100
4, 47634, Note_on_c, 3, 94, 0
4, 47635, Note_on_c, 3, 96, 100
4, 47663, Note_on_c, 3, 91, 100
4, 47663, Note_on_c, 3, 94, 100
4, 47667, Note_on_c, 3, 96, 0
4, 47671, Note_on_c, 3, 93, 0
4, 47690, Note_on_c, 3, 90, 100
4, 47692, Note_on_c, 3, 91, 0
4, 47693, Note_on_c, 3, 93, 100
4, 47694, Note_on_c, 3, 94, 0
4, 47718, Note_on_c, 3, 90, 0
4, 47719, Note_on_c, 3, 88, 100
4, 47724, Note_on_c, 3, 91, 100
4, 47726, Note_on_c, 3, 93, 0
4, 47749, Note_on_c, 3, 100, 0
4, 47750, Note_on_c, 3, 91, 0
4, 47751, Note_on_c, 3, 88, 0
4, 47751, Note_on_c, 3, 90, 100
4, 47752, Note_on_c, 3, 98, 100
4, 47778, Note_on_c, 3, 90, 0
4, 47779, Note_on_c, 3, 86, 100
4, 47781, Note_on_c, 3, 105, 100
4, 47810, Note_on_c, 3, 88, 100
4, 47811, Note_on_c, 3, 86, 0
4, 47812, Note_on_c, 3, 105, 0
4, 47812, Note_on_c, 3, 103, 100
4, 47838, Note_on_c, 3, 90, 100
4, 47840, Note_on_c, 3, 88, 0
4, 47841, Note_on_c, 3, 105, 100
4, 47842, Note_on_c, 3, 103, 0
4, 47865, Note_on_c, 3, 90, 0
4, 47868, Note_on_c, 3, 91, 100
4, 47869, Note_on_c, 3, 84, 0
4, 47872, Note_on_c, 3, 82, 100
4, 47872, Note_on_c, 3, 106, 100
4, 47875, Note_on_c, 3, 105, 0
4, 47897, Note_on_c, 3, 106, 0
4, 47899, Note_on_c, 3, 89, 100
4, 47902, Note_on_c, 3, 91, 0
4, 47902, Note_on_c, 3, 105, 100
4, 47928, Note_on_c, 3, 87, 100
4, 47931, Note_on_c, 3, 89, 0
4, 47932, Note_on_c, 3, 103, 100
4, 47933, Note_on_c, 3, 105, 0
4, 47954, Note_on_c, 3, 87, 0
4, 47957, Note_on_c, 3, 86, 100
4, 47960, Note_on_c, 3, 103, 0
4, 47960, Note_on_c, 3, 101, 100
4, 47966, Note_on_c, 3, 98, 0
4, 47981, Note_on_c, 3, 101, 0
4, 47986, Note_on_c, 3, 84, 100
4, 47987, Note_on_c, 3, 86, 0
4, 47988, Note_on_c, 3, 82, 0
4, 47992, Note_on_c, 3, 100, 100
4, 47993, Note_on_c, 3, 96, 100
4, 47994, Note_on_c, 3, 91, 100
4, 48014, Note_on_c, 3, 84, 0
4, 48017, Note_on_c, 3, 72, 100
4, 48050, Note_on_c, 3, 76, 100
4, 48053, Note_on_c, 3, 72, 0
4, 48077, Note_on_c, 3, 79, 100
4, 48078, Note_on_c, 3, 76, 0
4, 48088, Note_on_c, 3, 100, 0
4, 48089, Note_on_c, 3, 91, 0
4, 48107, Note_on_c, 3, 79, 0
4, 48108, Note_on_c, 3, 84, 100
4, 48114, Note_on_c, 3, 93, 100
4, 48114, Note_on_c, 3, 101, 100
4, 48140, Note_on_c, 3, 77, 100
4, 48142, Note_on_c, 3, 84, 0
4, 48169, Note_on_c, 3, 81, 100
4, 48170, Note_on_c, 3, 77, 0
4, 48198, Note_on_c, 3, 84, 100
4, 48202, Note_on_c, 3, 81, 0
4, 48204, Note_on_c, 3, 93, 0
4, 48229, Note_on_c, 3, 84, 0
4, 48230, Note_on_c, 3, 86, 100
4, 48238, Note_on_c, 3, 94, 100
4, 48238, Note_on_c, 3, 91, 100
4, 48242, Note_on_c, 3, 96, 0
4, 48265, Note_on_c, 3, 82, 100
4, 48266, Note_on_c, 3, 86, 0
4, 48295, Note_on_c, 3, 86, 100
4, 48296, Note_on_c, 3, 82, 0
4, 48296, Note_on_c, 3, 100, 100
4, 48298, Note_on_c, 3, 101, 0
4, 48324, Note_on_c, 3, 82, 100
4, 48326, Note_on_c, 3, 86, 0
4, 48326, Note_on_c, 3, 100, 0
4, 48327, Note_on_c, 3, 98, 100
4, 48337, Note_on_c, 3, 98, 0
4, 48338, Note_on_c, 3, 82, 0
4, 48354, Note_on_c, 3, 76, 100
4, 48360, Note_on_c, 3, 100, 100
4, 48384, Note_on_c, 3, 86, 100
4, 48393, Note_on_c, 3, 76, 0
4, 48414, Note_on_c, 3, 84, 100
4, 48417, Note_on_c, 3, 86, 0
4, 48445, Note_on_c, 3, 84, 0
4, 48445, Note_on_c, 3, 82, 100
4, 48467, Note_on_c, 3, 100, 0
4, 48467, Note_on_c, 3, 101, 100
4, 48468, Note_on_c, 3, 94, 0
4, 48468, Note_on_c, 3, 89, 100
4, 48469, Note_on_c, 3, 91, 0
4, 48469, Note_on_c, 3, 82, 0
4, 48475, Note_on_c, 3, 81, 100
4, 48498, Note_on_c, 3, 98, 100
4, 48499, Note_on_c, 3, 81, 0
4, 48528, Note_on_c, 3, 98, 0
4, 48529, Note_on_c, 3, 77, 100
4, 48529, Note_on_c, 3, 94, 100
4, 48553, Note_on_c, 3, 77, 0
4, 48557, Note_on_c, 3, 96, 100
4, 48558, Note_on_c, 3, 94, 0
4, 48560, Note_on_c, 3, 101, 0
4, 48566, Note_on_c, 3, 89, 0
4, 48584, Note_on_c, 3, 96, 0
4, 48586, Note_on_c, 3, 82, 100
4, 48586, Note_on_c, 3, 98, 100
4, 48619, Note_on_c, 3, 96, 100
4, 48620, Note_on_c, 3, 98, 0
4, 48645, Note_on_c, 3, 89, 100
4, 48650, Note_on_c, 3, 96, 0
4, 48651, Note_on_c, 3, 94, 100
4, 48669, Note_on_c, 3, 89, 0
4, 48682, Note_on_c, 3, 93, 100
4, 48686, Note_on_c, 3, 94, 0
4, 48704, Note_on_c, 3, 93, 0
4, 48709, Note_on_c, 3, 84, 100
4, 48716, Note_on_c, 3, 91, 100
4, 48739, Note_on_c, 3, 88, 100
4, 48741, Note_on_c, 3, 84, 0
4, 48749, Note_on_c, 3, 103, 100
4, 48753, Note_on_c, 3, 88, 0
4, 48773, Note_on_c, 3, 82, 0
4, 48773, Note_on_c, 3, 79, 100
4, 48775, Note_on_c, 3, 84, 100
4, 48779, Note_on_c, 3, 100, 100
4, 48780, Note_on_c, 3, 103, 0
4, 48806, Note_on_c, 3, 86, 100
4, 48808, Note_on_c, 3, 101, 100
4, 48810, Note_on_c, 3, 84, 0
4, 48813, Note_on_c, 3, 100, 0
4, 48825, Note_on_c, 3, 101, 0
4, 48834, Note_on_c, 3, 86, 0
4, 48836, Note_on_c, 3, 88, 100
4, 48839, Note_on_c, 3, 103, 100
4, 48864, Note_on_c, 3, 88, 0
4, 48866, Note_on_c, 3, 86, 100
4, 48870, Note_on_c, 3, 101, 100
4, 48871, Note_on_c, 3, 103, 0
4, 48896, Note_on_c, 3, 86, 0
4, 48896, Note_on_c, 3, 84, 100
4, 48900, Note_on_c, 3, 101, 0
4, 48900, Note_on_c, 3, 100, 100
4, 48927, Note_on_c, 3, 84, 0
4, 48927, Note_on_c, 3, 82, 100
4, 48929, Note_on_c, 3, 100, 0
4, 48929, Note_on_c, 3, 98, 100
4, 48932, Note_on_c, 3, 79, 0
4, 48953, Note_on_c, 3, 98, 0
4, 48955, Note_on_c, 3, 82, 0
4, 48957, Note_on_c, 3, 81, 100
4, 48959, Note_on_c, 3, 96, 100
4, 48985, Note_on_c, 3, 84, 100
4, 48988, Note_on_c, 3, 81, 0
4, 48989, Note_on_c, 3, 93, 100
4, 48993, Note_on_c, 3, 91, 0
4, 49005, Note_on_c, 3, 84, 0
4, 49015, Note_on_c, 3, 81, 100
4, 49019, Note_on_c, 3, 93, 0
4, 49020, Note_on_c, 3, 89, 100
4, 49047, Note_on_c, 3, 82, 100
4, 49048, Note_on_c, 3, 81, 0
4, 49049, Note_on_c, 3, 91, 100
4, 49050, Note_on_c, 3, 89, 0
4, 49077, Note_on_c, 3, 82, 0
4, 49078, Note_on_c, 3, 84, 100
4, 49080, Note_on_c, 3, 93, 100
4, 49082, Note_on_c, 3, 91, 0
4, 49107, Note_on_c, 3, 82, 100
4, 49108, Note_on_c, 3, 84, 0
4, 49109, Note_on_c, 3, 91, 100
4, 49112, Note_on_c, 3, 93, 0
4, 49133, Note_on_c, 3, 82, 0
4, 49135, Note_on_c, 3, 72, 100
4, 49136, Note_on_c, 3, 81, 100
4, 49141, Note_on_c, 3, 91, 0
4, 49142, Note_on_c, 3, 89, 100
4, 49166, Note_on_c, 3, 79, 100
4, 49167, Note_on_c, 3, 81, 0
4, 49169, Note_on_c, 3, 87, 100
4, 49171, Note_on_c, 3, 89, 0
4, 49178, Note_on_c, 3, 72, 0
4, 49183, Note_on_c, 3, 79, 0
4, 49196, Note_on_c, 3, 74, 100
4, 49196, Note_on_c, 3, 77, 100
4, 49199, Note_on_c, 3, 87, 0
4, 49199, Note_on_c, 3, 86, 100
4, 49228, Note_on_c, 3, 96, 0
4, 49230, Note_on_c, 3, 93, 100
4, 49231, Note_on_c, 3, 74, 0
4, 49256, Note_on_c, 3, 70, 100
4, 49259, Note_on_c, 3, 94, 100
4, 49261, Note_on_c, 3, 93, 0
4, 49286, Note_on_c, 3, 86, 0
4, 49286, Note_on_c, 3, 94, 0
4, 49286, Note_on_c, 3, 88, 100
4, 49287, Note_on_c, 3, 98, 100
4, 49305, Note_on_c, 3, 88, 0
4, 49306, Note_on_c, 3, 77, 0
4, 49311, Note_on_c, 3, 70, 0
4, 49317, Note_on_c, 3, 89, 100
4, 49318, Note_on_c, 3, 96, 100
4, 49320, Note_on_c, 3, 98, 0
4, 49333, Note_on_c, 3, 89, 0
4, 49333, Note_on_c, 3, 88, 100
4, 49347, Note_on_c, 3, 88, 0
4, 49348, Note_on_c, 3, 89, 100
4, 49351, Note_on_c, 3, 94, 100
4, 49353, Note_on_c, 3, 96, 0
4, 49359, Note_on_c, 3, 88, 100
4, 49360, Note_on_c, 3, 89, 0
4, 49369, Note_on_c, 3, 88, 0
4, 49370, Note_on_c, 3, 89, 100
4, 49375, Note_on_c, 3, 94, 0
4, 49376, Note_on_c, 3, 93, 100
4, 49378, Note_on_c, 3, 88, 100
4, 49381, Note_on_c, 3, 89, 0
4, 49401, Note_on_c, 3, 86, 100
4, 49403, Note_on_c, 3, 88, 0
4, 49404, Note_on_c, 3, 93, 0
4, 49404, Note_on_c, 3, 91, 100
4, 49417, Note_on_c, 3, 88, 100
4, 49421, Note_on_c, 3, 86, 0
4, 49434, Note_on_c, 3, 91, 0
4, 49435, Note_on_c, 3, 93, 100
4, 49437, Note_on_c, 3, 88, 0
4, 49438, Note_on_c, 3, 89, 100
4, 49449, Note_on_c, 3, 93, 0
4, 49460, Note_on_c, 3, 89, 0
4, 49464, Note_on_c, 3, 81, 100
4, 49469, Note_on_c, 3, 89, 100
4, 49488, Note_on_c, 3, 81, 0
4, 49494, Note_on_c, 3, 89, 0
4, 49494, Note_on_c, 3, 84, 100
4, 49496, Note_on_c, 3, 93, 100
4, 49514, Note_on_c, 3, 84, 0
4, 49521, Note_on_c, 3, 88, 100
4, 49525, Note_on_c, 3, 93, 0
4, 49525, Note_on_c, 3, 96, 100
4, 49542, Note_on_c, 3, 88, 0
4, 49552, Note_on_c, 3, 93, 100
4, 49554, Note_on_c, 3, 96, 0
4, 49556, Note_on_c, 3, 101, 100
4, 49577, Note_on_c, 3, 101, 0
4, 49581, Note_on_c, 3, 93, 0
4, 49583, Note_on_c, 3, 89, 100
4, 49586, Note_on_c, 3, 96, 100
4, 49606, Note_on_c, 3, 89, 0
4, 49613, Note_on_c, 3, 84, 100
4, 49614, Note_on_c, 3, 96, 0
4, 49619, Note_on_c, 3, 101, 100
4, 49639, Note_on_c, 3, 101, 0
4, 49642, Note_on_c, 3, 81, 100
4, 49647, Note_on_c, 3, 103, 100
4, 49663, Note_on_c, 3, 81, 0
4, 49665, Note_on_c, 3, 103, 0
4, 49676, Note_on_c, 3, 77, 100
4, 49678, Note_on_c, 3, 104, 100
4, 49710, Note_on_c, 3, 104, 0
4, 49710, Note_on_c, 3, 101, 100
4, 49738, Note_on_c, 3, 83, 100
4, 49739, Note_on_c, 3, 84, 0
4, 49740, Note_on_c, 3, 98, 100
4, 49743, Note_on_c, 3, 101, 0
4, 49767, Note_on_c, 3, 101, 100
4, 49771, Note_on_c, 3, 98, 0
4, 49775, Note_on_c, 3, 83, 0
4, 49777, Note_on_c, 3, 77, 0
4, 49800, Note_on_c, 3, 101, 0
4, 49801, Note_on_c, 3, 95, 100
4, 49833, Note_on_c, 3, 104, 100
4, 49834, Note_on_c, 3, 95, 0
4, 49857, Note_on_c, 3, 104, 0
4, 49860, Note_on_c, 3, 74, 100
4, 49861, Note_on_c, 3, 79, 100
4, 49861, Note_on_c, 3, 83, 100
4, 49864, Note_on_c, 3, 103, 100
4, 49886, Note_on_c, 3, 83, 0
4, 49888, Note_on_c, 3, 74, 0
4, 49888, Note_on_c, 3, 79, 0
4, 49892, Note_on_c, 3, 101, 100
4, 49897, Note_on_c, 3, 103, 0
4, 49922, Note_on_c, 3, 101, 0
4, 49924, Note_on_c, 3, 84, 100
4, 49924, Note_on_c, 3, 79, 100
4, 49924, Note_on_c, 3, 72, 100
4, 49926, Note_on_c, 3, 100, 100
4, 49957, Note_on_c, 3, 98, 100
4, 49986, Note_on_c, 3, 98, 0
4, 49986, Note_on_c, 3, 96, 100
4, 50015, Note_on_c, 3, 96, 0
4, 50016, Note_on_c, 3, 94, 100
4, 50044, Note_on_c, 3, 100, 0
4, 50044, Note_on_c, 3, 94, 0
4, 50045, Note_on_c, 3, 93, 100
4, 50074, Note_on_c, 3, 96, 100
4, 50102, Note_on_c, 3, 77, 100
4, 50103, Note_on_c, 3, 96, 0
4, 50103, Note_on_c, 3, 101, 100
4, 50106, Note_on_c, 3, 79, 0
4, 50131, Note_on_c, 3, 83, 100
4, 50132, Note_on_c, 3, 93, 0
4, 50132, Note_on_c, 3, 92, 100
4, 50134, Note_on_c, 3, 84, 0
4, 50154, Note_on_c, 3, 92, 0
4, 50161, Note_on_c, 3, 79, 100
4, 50162, Note_on_c, 3, 83, 0
4, 50162, Note_on_c, 3, 84, 100
4, 50163, Note_on_c, 3, 91, 100
4, 50164, Note_on_c, 3, 77, 0
4, 50167, Note_on_c, 3, 101, 0
4, 50193, Note_on_c, 3, 101, 100
4, 50226, Note_on_c, 3, 100, 100
4, 50228, Note_on_c, 3, 101, 0
4, 50256, Note_on_c, 3, 98, 100
4, 50258, Note_on_c, 3, 100, 0
4, 50275, Note_on_c, 3, 98, 0
4, 50287, Note_on_c, 3, 100, 100
4, 50316, Note_on_c, 3, 93, 100
4, 50317, Note_on_c, 3, 91, 0
4, 50338, Note_on_c, 3, 93, 0
4, 50345, Note_on_c, 3, 94, 100
4, 50352, Note_on_c, 3, 100, 0
4, 50380, Note_on_c, 3, 100, 100
4, 50407, Note_on_c, 3, 100, 0
4, 50409, Note_on_c, 3, 84, 0
4, 50411, Note_on_c, 3, 79, 0
4, 50413, Note_on_c, 3, 94, 0
4, 50435, Note_on_c, 3, 77, 100
4, 50435, Note_on_c, 3, 101, 100
4, 50435, Note_on_c, 3, 93, 100
4, 50436, Note_on_c, 3, 84, 100
4, 50879, Note_on_c, 3, 72, 0
4, 50881, Note_on_c, 3, 77, 0
4, 50881, Note_on_c, 3, 101, 0
4, 50882, Note_on_c, 3, 93, 0
4, 50884, Note_on_c, 3, 84, 0
4, 50884, End_track
5, 0, Start_track
5, 0, Title_t, "Man 2 2/3"
5, 0, MIDI_port, 0
5, 0, Control_c, 4, 7, 69
5, 0, Control_c, 4, 10, 59
5, 0, Control_c, 4, 91, 100
5, 0, Program_c, 4, 73
5, 30, Note_on_c, 4, 79, 100
5, 60, Note_on_c, 4, 79, 0
5, 60, Note_on_c, 4, 84, 100
5, 88, Note_on_c, 4, 84, 0
5, 88, Note_on_c, 4, 88, 100
5, 120, Note_on_c, 4, 88, 0
5, 120, Note_on_c, 4, 91, 100
5, 153, Note_on_c, 4, 91, 0
5, 153, Note_on_c, 4, 84, 100
5, 183, Note_on_c, 4, 84, 0
5, 183, Note_on_c, 4, 88, 100
5, 211, Note_on_c, 4, 91, 100
5, 214, Note_on_c, 4, 88, 0
5, 234, Note_on_c, 4, 91, 0
5, 244, Note_on_c, 4, 93, 100
5, 273, Note_on_c, 4, 89, 100
5, 275, Note_on_c, 4, 93, 0
5, 303, Note_on_c, 4, 89, 0
5, 303, Note_on_c, 4, 86, 100
5, 334, Note_on_c, 4, 89, 100
5, 335, Note_on_c, 4, 86, 0
5, 364, Note_on_c, 4, 89, 0
5, 364, Note_on_c, 4, 83, 100
5, 394, Note_on_c, 4, 93, 100
5, 395, Note_on_c, 4, 83, 0
5, 423, Note_on_c, 4, 91, 100
5, 424, Note_on_c, 4, 93, 0
5, 453, Note_on_c, 4, 89, 100
5, 454, Note_on_c, 4, 91, 0
5, 482, Note_on_c, 4, 89, 0
5, 482, Note_on_c, 4, 88, 100
5, 515, Note_on_c, 4, 72, 100
5, 517, Note_on_c, 4, 88, 0
5, 545, Note_on_c, 4, 96, 100
5, 545, Note_on_c, 4, 76, 100
5, 546, Note_on_c, 4, 72, 0
5, 574, Note_on_c, 4, 79, 100
5, 576, Note_on_c, 4, 76, 0
5, 605, Note_on_c, 4, 79, 0
5, 605, Note_on_c, 4, 84, 100
5, 632, Note_on_c, 4, 84, 0
5, 634, Note_on_c, 4, 76, 100
5, 664, Note_on_c, 4, 79, 100
5, 665, Note_on_c, 4, 95, 100
5, 668, Note_on_c, 4, 76, 0
5, 670, Note_on_c, 4, 96, 0
5, 691, Note_on_c, 4, 83, 100
5, 692, Note_on_c, 4, 79, 0
5, 695, Note_on_c, 4, 93, 100
5, 697, Note_on_c, 4, 95, 0
5, 723, Note_on_c, 4, 83, 0
5, 724, Note_on_c, 4, 88, 100
5, 725, Note_on_c, 4, 93, 0
5, 725, Note_on_c, 4, 91, 100
5, 754, Note_on_c, 4, 84, 100
5, 755, Note_on_c, 4, 88, 0
5, 759, Note_on_c, 4, 93, 100
5, 760, Note_on_c, 4, 91, 0
5, 783, Note_on_c, 4, 81, 100
5, 784, Note_on_c, 4, 84, 0
5, 785, Note_on_c, 4, 93, 0
5, 787, Note_on_c, 4, 89, 100
5, 807, Note_on_c, 4, 89, 0
5, 810, Note_on_c, 4, 81, 0
5, 811, Note_on_c, 4, 84, 100
5, 813, Note_on_c, 4, 91, 100
5, 842, Note_on_c, 4, 93, 100
5, 843, Note_on_c, 4, 84, 0
5, 843, Note_on_c, 4, 91, 0
5, 843, Note_on_c, 4, 77, 100
5, 872, Note_on_c, 4, 77, 0
5, 872, Note_on_c, 4, 91, 100
5, 873, Note_on_c, 4, 88, 100
5, 875, Note_on_c, 4, 93, 0
5, 902, Note_on_c, 4, 88, 0
5, 903, Note_on_c, 4, 89, 100
5, 904, Note_on_c, 4, 86, 100
5, 905, Note_on_c, 4, 91, 0
5, 930, Note_on_c, 4, 89, 0
5, 932, Note_on_c, 4, 86, 0
5, 932, Note_on_c, 4, 88, 100
5, 933, Note_on_c, 4, 84, 100
5, 962, Note_on_c, 4, 84, 0
5, 963, Note_on_c, 4, 86, 100
5, 963, Note_on_c, 4, 83, 100
5, 964, Note_on_c, 4, 88, 0
5, 993, Note_on_c, 4, 88, 100
5, 994, Note_on_c, 4, 86, 0
5, 994, Note_on_c, 4, 84, 100
5, 995, Note_on_c, 4, 83, 0
5, 1022, Note_on_c, 4, 84, 0
5, 1022, Note_on_c, 4, 81, 100
5, 1023, Note_on_c, 4, 88, 0
5, 1023, Note_on_c, 4, 89, 100
5, 1052, Note_on_c, 4, 81, 0
5, 1052, Note_on_c, 4, 83, 100
5, 1085, Note_on_c, 4, 83, 0
5, 1086, Note_on_c, 4, 84, 100
5, 1110, Note_on_c, 4, 84, 0
5, 1113, Note_on_c, 4, 81, 100
5, 1142, Note_on_c, 4, 88, 100
5, 1143, Note_on_c, 4, 89, 0
5, 1143, Note_on_c, 4, 79, 100
5, 1145, Note_on_c, 4, 81, 0
5, 1172, Note_on_c, 4, 86, 100
5, 1173, Note_on_c, 4, 88, 0
5, 1173, Note_on_c, 4, 77, 100
5, 1175, Note_on_c, 4, 79, 0
5, 1203, Note_on_c, 4, 86, 0
5, 1204, Note_on_c, 4, 77, 0
5, 1204, Note_on_c, 4, 84, 100
5, 1204, Note_on_c, 4, 76, 100
5, 1231, Note_on_c, 4, 76, 0
5, 1233, Note_on_c, 4, 86, 100
5, 1234, Note_on_c, 4, 84, 0
5, 1234, Note_on_c, 4, 77, 100
5, 1261, Note_on_c, 4, 77, 0
5, 1261, Note_on_c, 4, 74, 100
5, 1262, Note_on_c, 4, 86, 0
5, 1263, Note_on_c, 4, 83, 100
5, 1280, Note_on_c, 4, 83, 0
5, 1290, Note_on_c, 4, 84, 100
5, 1291, Note_on_c, 4, 74, 0
5, 1291, Note_on_c, 4, 76, 100
5, 1306, Note_on_c, 4, 84, 0
5, 1321, Note_on_c, 4, 86, 100
5, 1322, Note_on_c, 4, 77, 100
5, 1323, Note_on_c, 4, 76, 0
5, 1352, Note_on_c, 4, 84, 100
5, 1353, Note_on_c, 4, 86, 0
5, 1378, Note_on_c, 4, 84, 0
5, 1379, Note_on_c, 4, 83, 100
5, 1410, Note_on_c, 4, 81, 100
5, 1415, Note_on_c, 4, 83, 0
5, 1422, Note_on_c, 4, 81, 0
5, 1439, Note_on_c, 4, 79, 100
5, 1441, Note_on_c, 4, 79, 100
5, 1449, Note_on_c, 4, 77, 0
5, 1474, Note_on_c, 4, 84, 100
5, 1479, Note_on_c, 4, 79, 0
5, 1503, Note_on_c, 4, 76, 100
5, 1503, Note_on_c, 4, 88, 100
5, 1504, Note_on_c, 4, 84, 0
5, 1531, Note_on_c, 4, 88, 0
5, 1531, Note_on_c, 4, 91, 100
5, 1531, Note_on_c, 4, 74, 100
5, 1533, Note_on_c, 4, 76, 0
5, 1560, Note_on_c, 4, 91, 0
5, 1562, Note_on_c, 4, 74, 0
5, 1562, Note_on_c, 4, 76, 100
5, 1562, Note_on_c, 4, 96, 100
5, 1578, Note_on_c, 4, 79, 0
5, 1580, Note_on_c, 4, 76, 0
5, 1591, Note_on_c, 4, 88, 100
5, 1592, Note_on_c, 4, 96, 0
5, 1619, Note_on_c, 4, 76, 100
5, 1620, Note_on_c, 4, 72, 100
5, 1622, Note_on_c, 4, 88, 0
5, 1622, Note_on_c, 4, 91, 100
5, 1643, Note_on_c, 4, 76, 0
5, 1646, Note_on_c, 4, 72, 0
5, 1648, Note_on_c, 4, 91, 0
5, 1650, Note_on_c, 4, 96, 100
5, 1680, Note_on_c, 4, 72, 100
5, 1681, Note_on_c, 4, 100, 100
5, 1681, Note_on_c, 4, 67, 100
5, 1682, Note_on_c, 4, 96, 0
5, 1711, Note_on_c, 4, 72, 0
5, 1712, Note_on_c, 4, 96, 100
5, 1713, Note_on_c, 4, 100, 0
5, 1716, Note_on_c, 4, 67, 0
5, 1742, Note_on_c, 4, 93, 100
5, 1743, Note_on_c, 4, 96, 0
5, 1743, Note_on_c, 4, 76, 100
5, 1743, Note_on_c, 4, 72, 100
5, 1770, Note_on_c, 4, 96, 100
5, 1774, Note_on_c, 4, 93, 0
5, 1785, Note_on_c, 4, 76, 0
5, 1802, Note_on_c, 4, 81, 100
5, 1802, Note_on_c, 4, 89, 100
5, 1805, Note_on_c, 4, 96, 0
5, 1830, Note_on_c, 4, 79, 100
5, 1832, Note_on_c, 4, 89, 0
5, 1832, Note_on_c, 4, 100, 100
5, 1835, Note_on_c, 4, 81, 0
5, 1859, Note_on_c, 4, 77, 100
5, 1862, Note_on_c, 4, 79, 0
5, 1862, Note_on_c, 4, 98, 100
5, 1863, Note_on_c, 4, 100, 0
5, 1888, Note_on_c, 4, 77, 0
5, 1889, Note_on_c, 4, 76, 100
5, 1891, Note_on_c, 4, 96, 100
5, 1892, Note_on_c, 4, 98, 0
5, 1907, Note_on_c, 4, 76, 0
5, 1920, Note_on_c, 4, 77, 100
5, 1921, Note_on_c, 4, 96, 0
5, 1922, Note_on_c, 4, 95, 100
5, 1949, Note_on_c, 4, 79, 100
5, 1950, Note_on_c, 4, 77, 0
5, 1951, Note_on_c, 4, 95, 0
5, 1964, Note_on_c, 4, 79, 0
5, 1980, Note_on_c, 4, 81, 100
5, 1987, Note_on_c, 4, 72, 0
5, 1987, Note_on_c, 4, 101, 100
5, 2008, Note_on_c, 4, 72, 100
5, 2020, Note_on_c, 4, 72, 0
5, 2038, Note_on_c, 4, 71, 100
5, 2044, Note_on_c, 4, 81, 0
5, 2069, Note_on_c, 4, 81, 100
5, 2098, Note_on_c, 4, 101, 0
5, 2099, Note_on_c, 4, 79, 100
5, 2100, Note_on_c, 4, 100, 100
5, 2104, Note_on_c, 4, 81, 0
5, 2129, Note_on_c, 4, 77, 100
5, 2130, Note_on_c, 4, 79, 0
5, 2130, Note_on_c, 4, 100, 0
5, 2130, Note_on_c, 4, 98, 100
5, 2140, Note_on_c, 4, 77, 0
5, 2157, Note_on_c, 4, 71, 0
5, 2159, Note_on_c, 4, 76, 100
5, 2159, Note_on_c, 4, 72, 100
5, 2161, Note_on_c, 4, 98, 0
5, 2161, Note_on_c, 4, 96, 100
5, 2190, Note_on_c, 4, 98, 100
5, 2191, Note_on_c, 4, 96, 0
5, 2192, Note_on_c, 4, 76, 0
5, 2194, Note_on_c, 4, 72, 0
5, 2218, Note_on_c, 4, 79, 100
5, 2219, Note_on_c, 4, 76, 100
5, 2220, Note_on_c, 4, 98, 0
5, 2220, Note_on_c, 4, 95, 100
5, 2250, Note_on_c, 4, 96, 100
5, 2254, Note_on_c, 4, 95, 0
5, 2262, Note_on_c, 4, 79, 0
5, 2264, Note_on_c, 4, 96, 0
5, 2268, Note_on_c, 4, 76, 0
5, 2277, Note_on_c, 4, 77, 100
5, 2278, Note_on_c, 4, 81, 100
5, 2281, Note_on_c, 4, 98, 100
5, 2312, Note_on_c, 4, 96, 100
5, 2314, Note_on_c, 4, 98, 0
5, 2317, Note_on_c, 4, 81, 0
5, 2320, Note_on_c, 4, 77, 0
5, 2338, Note_on_c, 4, 74, 100
5, 2338, Note_on_c, 4, 77, 100
5, 2342, Note_on_c, 4, 96, 0
5, 2342, Note_on_c, 4, 95, 100
5, 2367, Note_on_c, 4, 77, 0
5, 2372, Note_on_c, 4, 93, 100
5, 2373, Note_on_c, 4, 74, 0
5, 2373, Note_on_c, 4, 95, 0
5, 2396, Note_on_c, 4, 76, 100
5, 2397, Note_on_c, 4, 79, 100
5, 2400, Note_on_c, 4, 93, 0
5, 2405, Note_on_c, 4, 91, 100
5, 2428, Note_on_c, 4, 79, 0
5, 2430, Note_on_c, 4, 77, 100
5, 2431, Note_on_c, 4, 76, 0
5, 2434, Note_on_c, 4, 91, 0
5, 2434, Note_on_c, 4, 93, 100
5, 2443, Note_on_c, 4, 77, 0
5, 2463, Note_on_c, 4, 79, 100
5, 2464, Note_on_c, 4, 93, 0
5, 2464, Note_on_c, 4, 94, 100
5, 2495, Note_on_c, 4, 89, 100
5, 2525, Note_on_c, 4, 89, 0
5, 2525, Note_on_c, 4, 72, 100
5, 2526, Note_on_c, 4, 88, 100
5, 2542, Note_on_c, 4, 79, 0
5, 2554, Note_on_c, 4, 88, 0
5, 2557, Note_on_c, 4, 86, 100
5, 2572, Note_on_c, 4, 94, 0
5, 2577, Note_on_c, 4, 86, 0
5, 2584, Note_on_c, 4, 84, 100
5, 2585, Note_on_c, 4, 93, 100
5, 2585, Note_on_c, 4, 84, 100
5, 2598, Note_on_c, 4, 84, 0
5, 2612, Note_on_c, 4, 84, 0
5, 2613, Note_on_c, 4, 82, 100
5, 2614, Note_on_c, 4, 91, 100
5, 2617, Note_on_c, 4, 93, 0
5, 2642, Note_on_c, 4, 82, 0
5, 2643, Note_on_c, 4, 81, 100
5, 2644, Note_on_c, 4, 91, 0
5, 2644, Note_on_c, 4, 89, 100
5, 2645, Note_on_c, 4, 81, 100
5, 2670, Note_on_c, 4, 82, 100
5, 2671, Note_on_c, 4, 81, 0
5, 2671, Note_on_c, 4, 89, 0
5, 2672, Note_on_c, 4, 91, 100
5, 2673, Note_on_c, 4, 82, 100
5, 2674, Note_on_c, 4, 81, 0
5, 2687, Note_on_c, 4, 82, 0
5, 2698, Note_on_c, 4, 79, 100
5, 2701, Note_on_c, 4, 91, 0
5, 2702, Note_on_c, 4, 82, 0
5, 2702, Note_on_c, 4, 79, 100
5, 2703, Note_on_c, 4, 88, 100
5, 2727, Note_on_c, 4, 81, 100
5, 2729, Note_on_c, 4, 79, 0
5, 2731, Note_on_c, 4, 88, 0
5, 2731, Note_on_c, 4, 89, 100
5, 2732, Note_on_c, 4, 79, 0
5, 2732, Note_on_c, 4, 81, 100
5, 2757, Note_on_c, 4, 82, 100
5, 2761, Note_on_c, 4, 81, 0
5, 2762, Note_on_c, 4, 89, 0
5, 2763, Note_on_c, 4, 81, 0
5, 2763, Note_on_c, 4, 82, 100
5, 2763, Note_on_c, 4, 91, 100
5, 2770, Note_on_c, 4, 72, 0
5, 2791, Note_on_c, 4, 89, 100
5, 2792, Note_on_c, 4, 91, 0
5, 2819, Note_on_c, 4, 74, 100
5, 2821, Note_on_c, 4, 88, 100
5, 2822, Note_on_c, 4, 89, 0
5, 2850, Note_on_c, 4, 86, 100
5, 2851, Note_on_c, 4, 88, 0
5, 2854, Note_on_c, 4, 74, 0
5, 2875, Note_on_c, 4, 76, 100
5, 2876, Note_on_c, 4, 82, 0
5, 2879, Note_on_c, 4, 86, 0
5, 2880, Note_on_c, 4, 84, 100
5, 2888, Note_on_c, 4, 82, 0
5, 2911, Note_on_c, 4, 82, 100
5, 2941, Note_on_c, 4, 81, 100
5, 2942, Note_on_c, 4, 82, 0
5, 2969, Note_on_c, 4, 79, 100
5, 2972, Note_on_c, 4, 81, 0
5, 3002, Note_on_c, 4, 76, 0
5, 3003, Note_on_c, 4, 79, 0
5, 3003, Note_on_c, 4, 81, 100
5, 3023, Note_on_c, 4, 76, 100
5, 3035, Note_on_c, 4, 76, 0
5, 3058, Note_on_c, 4, 77, 100
5, 3062, Note_on_c, 4, 81, 0
5, 3085, Note_on_c, 4, 81, 100
5, 3096, Note_on_c, 4, 81, 0
5, 3117, Note_on_c, 4, 79, 100
5, 3127, Note_on_c, 4, 77, 0
5, 3145, Note_on_c, 4, 77, 100
5, 3175, Note_on_c, 4, 76, 100
5, 3176, Note_on_c, 4, 77, 0
5, 3203, Note_on_c, 4, 76, 0
5, 3203, Note_on_c, 4, 74, 100
5, 3230, Note_on_c, 4, 74, 0
5, 3233, Note_on_c, 4, 72, 100
5, 3258, Note_on_c, 4, 72, 0
5, 3260, Note_on_c, 4, 74, 100
5, 3275, Note_on_c, 4, 74, 0
5, 3292, Note_on_c, 4, 76, 100
5, 3299, Note_on_c, 4, 81, 100
5, 3301, Note_on_c, 4, 79, 0
5, 3327, Note_on_c, 4, 89, 100
5, 3328, Note_on_c, 4, 84, 0
5, 3360, Note_on_c, 4, 81, 0
5, 3360, Note_on_c, 4, 74, 100
5, 3361, Note_on_c, 4, 83, 100
5, 3363, Note_on_c, 4, 76, 0
5, 3367, Note_on_c, 4, 89, 0
5, 3388, Note_on_c, 4, 67, 100
5, 3390, Note_on_c, 4, 74, 0
5, 3390, Note_on_c, 4, 89, 100
5, 3417, Note_on_c, 4, 71, 100
5, 3419, Note_on_c, 4, 83, 0
5, 3419, Note_on_c, 4, 67, 0
5, 3419, Note_on_c, 4, 86, 100
5, 3420, Note_on_c, 4, 89, 0
5, 3444, Note_on_c, 4, 74, 100
5, 3445, Note_on_c, 4, 71, 0
5, 3449, Note_on_c, 4, 89, 100
5, 3473, Note_on_c, 4, 74, 0
5, 3475, Note_on_c, 4, 79, 100
5, 3480, Note_on_c, 4, 89, 0
5, 3482, Note_on_c, 4, 88, 100
5, 3505, Note_on_c, 4, 79, 0
5, 3505, Note_on_c, 4, 72, 100
5, 3533, Note_on_c, 4, 76, 100
5, 3536, Note_on_c, 4, 72, 0
5, 3540, Note_on_c, 4, 84, 100
5, 3541, Note_on_c, 4, 86, 0
5, 3564, Note_on_c, 4, 76, 0
5, 3564, Note_on_c, 4, 79, 100
5, 3570, Note_on_c, 4, 84, 0
5, 3571, Note_on_c, 4, 83, 100
5, 3595, Note_on_c, 4, 79, 0
5, 3595, Note_on_c, 4, 81, 100
5, 3604, Note_on_c, 4, 83, 0
5, 3604, Note_on_c, 4, 84, 100
5, 3627, Note_on_c, 4, 78, 100
5, 3629, Note_on_c, 4, 81, 0
5, 3653, Note_on_c, 4, 88, 0
5, 3656, Note_on_c, 4, 74, 100
5, 3659, Note_on_c, 4, 78, 0
5, 3662, Note_on_c, 4, 93, 100
5, 3685, Note_on_c, 4, 74, 0
5, 3685, Note_on_c, 4, 78, 100
5, 3714, Note_on_c, 4, 71, 100
5, 3716, Note_on_c, 4, 78, 0
5, 3722, Note_on_c, 4, 86, 100
5, 3723, Note_on_c, 4, 93, 0
5, 3746, Note_on_c, 4, 71, 0
5, 3747, Note_on_c, 4, 81, 100
5, 3776, Note_on_c, 4, 81, 0
5, 3777, Note_on_c, 4, 79, 100
5, 3780, Note_on_c, 4, 86, 0
5, 3781, Note_on_c, 4, 91, 100
5, 3782, Note_on_c, 4, 83, 100
5, 3783, Note_on_c, 4, 84, 0
5, 3805, Note_on_c, 4, 77, 100
5, 3806, Note_on_c, 4, 79, 0
5, 3837, Note_on_c, 4, 77, 0
5, 3839, Note_on_c, 4, 76, 100
5, 3842, Note_on_c, 4, 84, 100
5, 3843, Note_on_c, 4, 83, 0
5, 3845, Note_on_c, 4, 91, 0
5, 3873, Note_on_c, 4, 91, 100
5, 3899, Note_on_c, 4, 74, 100
5, 3900, Note_on_c, 4, 76, 0
5, 3905, Note_on_c, 4, 90, 100
5, 3906, Note_on_c, 4, 91, 0
5, 3935, Note_on_c, 4, 88, 100
5, 3939, Note_on_c, 4, 90, 0
5, 3952, Note_on_c, 4, 74, 0
5, 3959, Note_on_c, 4, 72, 100
5, 3964, Note_on_c, 4, 90, 100
5, 3966, Note_on_c, 4, 88, 0
5, 3994, Note_on_c, 4, 91, 100
5, 3996, Note_on_c, 4, 90, 0
5, 4025, Note_on_c, 4, 91, 0
5, 4025, Note_on_c, 4, 88, 100
5, 4053, Note_on_c, 4, 90, 100
5, 4056, Note_on_c, 4, 88, 0
5, 4078, Note_on_c, 4, 72, 0
5, 4082, Note_on_c, 4, 91, 100
5, 4083, Note_on_c, 4, 90, 0
5, 4083, Note_on_c, 4, 74, 100
5, 4087, Note_on_c, 4, 84, 0
5, 4093, Note_on_c, 4, 74, 0
5, 4110, Note_on_c, 4, 74, 100
5, 4112, Note_on_c, 4, 91, 0
5, 4113, Note_on_c, 4, 86, 100
5, 4141, Note_on_c, 4, 83, 100
5, 4143, Note_on_c, 4, 91, 100
5, 4144, Note_on_c, 4, 86, 0
5, 4169, Note_on_c, 4, 81, 100
5, 4170, Note_on_c, 4, 83, 0
5, 4171, Note_on_c, 4, 95, 100
5, 4173, Note_on_c, 4, 91, 0
5, 4182, Note_on_c, 4, 81, 0
5, 4199, Note_on_c, 4, 98, 100
5, 4200, Note_on_c, 4, 95, 0
5, 4201, Note_on_c, 4, 83, 100
5, 4210, Note_on_c, 4, 74, 0
5, 4228, Note_on_c, 4, 98, 0
5, 4230, Note_on_c, 4, 91, 100
5, 4255, Note_on_c, 4, 79, 100
5, 4258, Note_on_c, 4, 95, 100
5, 4259, Note_on_c, 4, 91, 0
5, 4288, Note_on_c, 4, 98, 100
5, 4289, Note_on_c, 4, 95, 0
5, 4314, Note_on_c, 4, 84, 100
5, 4320, Note_on_c, 4, 83, 0
5, 4321, Note_on_c, 4, 79, 0
5, 4323, Note_on_c, 4, 100, 100
5, 4324, Note_on_c, 4, 98, 0
5, 4348, Note_on_c, 4, 96, 100
5, 4349, Note_on_c, 4, 100, 0
5, 4375, Note_on_c, 4, 72, 100
5, 4377, Note_on_c, 4, 82, 100
5, 4378, Note_on_c, 4, 84, 0
5, 4379, Note_on_c, 4, 91, 100
5, 4380, Note_on_c, 4, 96, 0
5, 4409, Note_on_c, 4, 91, 0
5, 4410, Note_on_c, 4, 96, 100
5, 4437, Note_on_c, 4, 82, 0
5, 4437, Note_on_c, 4, 81, 100
5, 4440, Note_on_c, 4, 89, 100
5, 4442, Note_on_c, 4, 96, 0
5, 4445, Note_on_c, 4, 72, 0
5, 4470, Note_on_c, 4, 89, 0
5, 4470, Note_on_c, 4, 100, 100
5, 4496, Note_on_c, 4, 77, 100
5, 4500, Note_on_c, 4, 98, 100
5, 4505, Note_on_c, 4, 100, 0
5, 4530, Note_on_c, 4, 96, 100
5, 4533, Note_on_c, 4, 98, 0
5, 4556, Note_on_c, 4, 79, 100
5, 4558, Note_on_c, 4, 81, 0
5, 4558, Note_on_c, 4, 96, 0
5, 4559, Note_on_c, 4, 95, 100
5, 4560, Note_on_c, 4, 77, 0
5, 4588, Note_on_c, 4, 77, 100
5, 4615, Note_on_c, 4, 91, 100
5, 4616, Note_on_c, 4, 95, 0
5, 4622, Note_on_c, 4, 76, 100
5, 4624, Note_on_c, 4, 77, 0
5, 4638, Note_on_c, 4, 76, 0
5, 4645, Note_on_c, 4, 74, 100
5, 4667, Note_on_c, 4, 74, 0
5, 4674, Note_on_c, 4, 96, 100
5, 4675, Note_on_c, 4, 76, 100
5, 4676, Note_on_c, 4, 91, 0
5, 4690, Note_on_c, 4, 79, 0
5, 4700, Note_on_c, 4, 79, 100
5, 4723, Note_on_c, 4, 79, 0
5, 4735, Note_on_c, 4, 94, 100
5, 4736, Note_on_c, 4, 86, 100
5, 4741, Note_on_c, 4, 96, 0
5, 4766, Note_on_c, 4, 85, 100
5, 4767, Note_on_c, 4, 86, 0
5, 4794, Note_on_c, 4, 78, 100
5, 4797, Note_on_c, 4, 85, 0
5, 4797, Note_on_c, 4, 86, 100
5, 4798, Note_on_c, 4, 76, 0
5, 4798, Note_on_c, 4, 94, 0
5, 4824, Note_on_c, 4, 74, 100
5, 4825, Note_on_c, 4, 78, 0
5, 4829, Note_on_c, 4, 94, 100
5, 4852, Note_on_c, 4, 78, 100
5, 4855, Note_on_c, 4, 74, 0
5, 4858, Note_on_c, 4, 94, 0
5, 4860, Note_on_c, 4, 93, 100
5, 4882, Note_on_c, 4, 81, 100
5, 4883, Note_on_c, 4, 78, 0
5, 4888, Note_on_c, 4, 91, 100
5, 4889, Note_on_c, 4, 93, 0
5, 4913, Note_on_c, 4, 84, 100
5, 4916, Note_on_c, 4, 81, 0
5, 4916, Note_on_c, 4, 91, 0
5, 4920, Note_on_c, 4, 93, 100
5, 4944, Note_on_c, 4, 78, 100
5, 4949, Note_on_c, 4, 84, 0
5, 4974, Note_on_c, 4, 81, 100
5, 4977, Note_on_c, 4, 78, 0
5, 5001, Note_on_c, 4, 84, 100
5, 5002, Note_on_c, 4, 81, 0
5, 5016, Note_on_c, 4, 86, 0
5, 5029, Note_on_c, 4, 84, 0
5, 5033, Note_on_c, 4, 83, 100
5, 5063, Note_on_c, 4, 86, 100
5, 5091, Note_on_c, 4, 82, 100
5, 5094, Note_on_c, 4, 91, 100
5, 5096, Note_on_c, 4, 93, 0
5, 5096, Note_on_c, 4, 83, 0
5, 5102, Note_on_c, 4, 86, 0
5, 5124, Note_on_c, 4, 85, 100
5, 5146, Note_on_c, 4, 82, 0
5, 5148, Note_on_c, 4, 81, 100
5, 5155, Note_on_c, 4, 86, 100
5, 5156, Note_on_c, 4, 91, 0
5, 5156, Note_on_c, 4, 85, 0
5, 5186, Note_on_c, 4, 91, 100
5, 5216, Note_on_c, 4, 90, 100
5, 5217, Note_on_c, 4, 91, 0
5, 5234, Note_on_c, 4, 81, 0
5, 5246, Note_on_c, 4, 86, 0
5, 5250, Note_on_c, 4, 84, 100
5, 5275, Note_on_c, 4, 79, 100
5, 5280, Note_on_c, 4, 84, 0
5, 5280, Note_on_c, 4, 91, 100
5, 5281, Note_on_c, 4, 83, 100
5, 5283, Note_on_c, 4, 90, 0
5, 5303, Note_on_c, 4, 79, 0
5, 5308, Note_on_c, 4, 67, 100
5, 5313, Note_on_c, 4, 91, 0
5, 5324, Note_on_c, 4, 83, 0
5, 5337, Note_on_c, 4, 71, 100
5, 5338, Note_on_c, 4, 67, 0
5, 5342, Note_on_c, 4, 89, 100
5, 5343, Note_on_c, 4, 84, 100
5, 5367, Note_on_c, 4, 74, 100
5, 5368, Note_on_c, 4, 71, 0
5, 5369, Note_on_c, 4, 89, 0
5, 5375, Note_on_c, 4, 84, 0
5, 5398, Note_on_c, 4, 79, 100
5, 5399, Note_on_c, 4, 74, 0
5, 5399, Note_on_c, 4, 84, 100
5, 5400, Note_on_c, 4, 88, 100
5, 5417, Note_on_c, 4, 79, 0
5, 5428, Note_on_c, 4, 72, 100
5, 5454, Note_on_c, 4, 72, 0
5, 5457, Note_on_c, 4, 76, 100
5, 5484, Note_on_c, 4, 79, 100
5, 5486, Note_on_c, 4, 76, 0
5, 5515, Note_on_c, 4, 79, 0
5, 5515, Note_on_c, 4, 81, 100
5, 5522, Note_on_c, 4, 86, 100
5, 5527, Note_on_c, 4, 88, 0
5, 5529, Note_on_c, 4, 84, 0
5, 5535, Note_on_c, 4, 84, 100
5, 5548, Note_on_c, 4, 78, 100
5, 5551, Note_on_c, 4, 81, 0
5, 5581, Note_on_c, 4, 74, 100
5, 5585, Note_on_c, 4, 78, 0
5, 5612, Note_on_c, 4, 74, 0
5, 5612, Note_on_c, 4, 78, 100
5, 5640, Note_on_c, 4, 78, 0
5, 5641, Note_on_c, 4, 69, 100
5, 5643, Note_on_c, 4, 84, 0
5, 5671, Note_on_c, 4, 76, 100
5, 5673, Note_on_c, 4, 69, 0
5, 5673, Note_on_c, 4, 84, 100
5, 5700, Note_on_c, 4, 74, 100
5, 5702, Note_on_c, 4, 76, 0
5, 5703, Note_on_c, 4, 83, 100
5, 5704, Note_on_c, 4, 84, 0
5, 5728, Note_on_c, 4, 72, 100
5, 5729, Note_on_c, 4, 74, 0
5, 5734, Note_on_c, 4, 81, 100
5, 5735, Note_on_c, 4, 83, 0
5, 5743, Note_on_c, 4, 72, 0
5, 5757, Note_on_c, 4, 71, 100
5, 5760, Note_on_c, 4, 81, 0
5, 5762, Note_on_c, 4, 83, 100
5, 5791, Note_on_c, 4, 86, 0
5, 5791, Note_on_c, 4, 83, 0
5, 5794, Note_on_c, 4, 74, 100
5, 5823, Note_on_c, 4, 79, 100
5, 5825, Note_on_c, 4, 74, 0
5, 5851, Note_on_c, 4, 83, 100
5, 5853, Note_on_c, 4, 79, 0
5, 5879, Note_on_c, 4, 71, 0
5, 5880, Note_on_c, 4, 86, 100
5, 5882, Note_on_c, 4, 83, 0
5, 5903, Note_on_c, 4, 86, 0
5, 5911, Note_on_c, 4, 79, 100
5, 5940, Note_on_c, 4, 74, 100
5, 5941, Note_on_c, 4, 83, 100
5, 5943, Note_on_c, 4, 79, 0
5, 5968, Note_on_c, 4, 86, 100
5, 5969, Note_on_c, 4, 83, 0
5, 5999, Note_on_c, 4, 88, 100
5, 6004, Note_on_c, 4, 86, 0
5, 6030, Note_on_c, 4, 88, 0
5, 6030, Note_on_c, 4, 84, 100
5, 6037, Note_on_c, 4, 74, 0
5, 6056, Note_on_c, 4, 72, 100
5, 6060, Note_on_c, 4, 81, 100
5, 6062, Note_on_c, 4, 84, 0
5, 6085, Note_on_c, 4, 72, 0
5, 6085, Note_on_c, 4, 71, 100
5, 6089, Note_on_c, 4, 81, 0
5, 6090, Note_on_c, 4, 84, 100
5, 6117, Note_on_c, 4, 71, 0
5, 6119, Note_on_c, 4, 69, 100
5, 6119, Note_on_c, 4, 78, 100
5, 6120, Note_on_c, 4, 84, 0
5, 6151, Note_on_c, 4, 88, 100
5, 6152, Note_on_c, 4, 69, 0
5, 6153, Note_on_c, 4, 78, 0
5, 6177, Note_on_c, 4, 78, 100
5, 6180, Note_on_c, 4, 86, 100
5, 6182, Note_on_c, 4, 88, 0
5, 6208, Note_on_c, 4, 84, 100
5, 6209, Note_on_c, 4, 86, 0
5, 6210, Note_on_c, 4, 78, 0
5, 6238, Note_on_c, 4, 84, 0
5, 6239, Note_on_c, 4, 79, 100
5, 6240, Note_on_c, 4, 83, 100
5, 6260, Note_on_c, 4, 79, 0
5, 6267, Note_on_c, 4, 67, 100
5, 6283, Note_on_c, 4, 83, 0
5, 6298, Note_on_c, 4, 91, 100
5, 6298, Note_on_c, 4, 71, 100
5, 6299, Note_on_c, 4, 67, 0
5, 6326, Note_on_c, 4, 71, 0
5, 6326, Note_on_c, 4, 74, 100
5, 6356, Note_on_c, 4, 79, 100
5, 6357, Note_on_c, 4, 74, 0
5, 6378, Note_on_c, 4, 79, 0
5, 6384, Note_on_c, 4, 71, 100
5, 6408, Note_on_c, 4, 91, 0
5, 6414, Note_on_c, 4, 71, 0
5, 6415, Note_on_c, 4, 74, 100
5, 6417, Note_on_c, 4, 90, 100
5, 6439, Note_on_c, 4, 74, 0
5, 6442, Note_on_c, 4, 79, 100
5, 6444, Note_on_c, 4, 88, 100
5, 6445, Note_on_c, 4, 90, 0
5, 6473, Note_on_c, 4, 83, 100
5, 6474, Note_on_c, 4, 79, 0
5, 6474, Note_on_c, 4, 86, 100
5, 6475, Note_on_c, 4, 88, 0
5, 6503, Note_on_c, 4, 79, 100
5, 6507, Note_on_c, 4, 83, 0
5, 6507, Note_on_c, 4, 88, 100
5, 6510, Note_on_c, 4, 86, 0
5, 6531, Note_on_c, 4, 76, 100
5, 6532, Note_on_c, 4, 79, 0
5, 6537, Note_on_c, 4, 88, 0
5, 6537, Note_on_c, 4, 84, 100
5, 6561, Note_on_c, 4, 79, 100
5, 6562, Note_on_c, 4, 76, 0
5, 6562, Note_on_c, 4, 84, 0
5, 6565, Note_on_c, 4, 86, 100
5, 6582, Note_on_c, 4, 86, 0
5, 6591, Note_on_c, 4, 72, 100
5, 6593, Note_on_c, 4, 79, 0
5, 6598, Note_on_c, 4, 88, 100
5, 6624, Note_on_c, 4, 88, 0
5, 6625, Note_on_c, 4, 83, 100
5, 6626, Note_on_c, 4, 72, 0
5, 6626, Note_on_c, 4, 86, 100
5, 6651, Note_on_c, 4, 84, 100
5, 6654, Note_on_c, 4, 81, 100
5, 6655, Note_on_c, 4, 86, 0
5, 6656, Note_on_c, 4, 83, 0
5, 6681, Note_on_c, 4, 79, 100
5, 6683, Note_on_c, 4, 81, 0
5, 6686, Note_on_c, 4, 83, 100
5, 6688, Note_on_c, 4, 84, 0
5, 6706, Note_on_c, 4, 83, 0
5, 6714, Note_on_c, 4, 79, 0
5, 6714, Note_on_c, 4, 78, 100
5, 6722, Note_on_c, 4, 81, 100
5, 6744, Note_on_c, 4, 79, 100
5, 6746, Note_on_c, 4, 78, 0
5, 6753, Note_on_c, 4, 83, 100
5, 6754, Note_on_c, 4, 81, 0
5, 6767, Note_on_c, 4, 83, 0
5, 6779, Note_on_c, 4, 79, 0
5, 6779, Note_on_c, 4, 76, 100
5, 6782, Note_on_c, 4, 84, 100
5, 6808, Note_on_c, 4, 78, 100
5, 6811, Note_on_c, 4, 76, 0
5, 6838, Note_on_c, 4, 78, 0
5, 6840, Note_on_c, 4, 79, 100
5, 6865, Note_on_c, 4, 76, 100
5, 6868, Note_on_c, 4, 79, 0
5, 6897, Note_on_c, 4, 74, 100
5, 6898, Note_on_c, 4, 83, 100
5, 6899, Note_on_c, 4, 84, 0
5, 6899, Note_on_c, 4, 76, 0
5, 6925, Note_on_c, 4, 72, 100
5, 6926, Note_on_c, 4, 74, 0
5, 6928, Note_on_c, 4, 81, 100
5, 6933, Note_on_c, 4, 83, 0
5, 6940, Note_on_c, 4, 81, 0
5, 6956, Note_on_c, 4, 72, 0
5, 6956, Note_on_c, 4, 71, 100
5, 6957, Note_on_c, 4, 79, 100
5, 6960, Note_on_c, 4, 79, 100
5, 6990, Note_on_c, 4, 86, 100
5, 6994, Note_on_c, 4, 79, 0
5, 6997, Note_on_c, 4, 79, 0
5, 7018, Note_on_c, 4, 74, 100
5, 7020, Note_on_c, 4, 86, 0
5, 7020, Note_on_c, 4, 91, 100
5, 7043, Note_on_c, 4, 74, 0
5, 7046, Note_on_c, 4, 91, 0
5, 7046, Note_on_c, 4, 95, 100
5, 7076, Note_on_c, 4, 79, 100
5, 7082, Note_on_c, 4, 95, 0
5, 7082, Note_on_c, 4, 98, 100
5, 7083, Note_on_c, 4, 71, 0
5, 7112, Note_on_c, 4, 98, 0
5, 7113, Note_on_c, 4, 91, 100
5, 7138, Note_on_c, 4, 71, 100
5, 7142, Note_on_c, 4, 91, 0
5, 7143, Note_on_c, 4, 95, 100
5, 7171, Note_on_c, 4, 98, 100
5, 7172, Note_on_c, 4, 95, 0
5, 7175, Note_on_c, 4, 71, 0
5, 7197, Note_on_c, 4, 72, 100
5, 7202, Note_on_c, 4, 100, 100
5, 7206, Note_on_c, 4, 98, 0
5, 7235, Note_on_c, 4, 100, 0
5, 7235, Note_on_c, 4, 96, 100
5, 7240, Note_on_c, 4, 79, 0
5, 7259, Note_on_c, 4, 76, 100
5, 7263, Note_on_c, 4, 93, 100
5, 7264, Note_on_c, 4, 96, 0
5, 7292, Note_on_c, 4, 93, 0
5, 7292, Note_on_c, 4, 96, 100
5, 7322, Note_on_c, 4, 76, 0
5, 7322, Note_on_c, 4, 96, 0
5, 7322, Note_on_c, 4, 90, 100
5, 7323, Note_on_c, 4, 81, 100
5, 7343, Note_on_c, 4, 72, 0
5, 7352, Note_on_c, 4, 100, 100
5, 7355, Note_on_c, 4, 90, 0
5, 7378, Note_on_c, 4, 72, 100
5, 7382, Note_on_c, 4, 98, 100
5, 7383, Note_on_c, 4, 100, 0
5, 7398, Note_on_c, 4, 72, 0
5, 7411, Note_on_c, 4, 96, 100
5, 7412, Note_on_c, 4, 98, 0
5, 7440, Note_on_c, 4, 74, 100
5, 7442, Note_on_c, 4, 81, 0
5, 7443, Note_on_c, 4, 96, 0
5, 7443, Note_on_c, 4, 95, 100
5, 7472, Note_on_c, 4, 79, 100
5, 7480, Note_on_c, 4, 95, 0
5, 7502, Note_on_c, 4, 83, 100
5, 7503, Note_on_c, 4, 79, 0
5, 7504, Note_on_c, 4, 91, 100
5, 7531, Note_on_c, 4, 91, 0
5, 7532, Note_on_c, 4, 95, 100
5, 7532, Note_on_c, 4, 86, 100
5, 7535, Note_on_c, 4, 83, 0
5, 7554, Note_on_c, 4, 86, 0
5, 7561, Note_on_c, 4, 95, 0
5, 7563, Note_on_c, 4, 100, 100
5, 7564, Note_on_c, 4, 91, 100
5, 7579, Note_on_c, 4, 74, 0
5, 7592, Note_on_c, 4, 91, 0
5, 7592, Note_on_c, 4, 88, 100
5, 7622, Note_on_c, 4, 83, 100
5, 7626, Note_on_c, 4, 88, 0
5, 7626, Note_on_c, 4, 91, 100
5, 7645, Note_on_c, 4, 83, 0
5, 7655, Note_on_c, 4, 91, 0
5, 7656, Note_on_c, 4, 95, 100
5, 7682, Note_on_c, 4, 95, 0
5, 7682, Note_on_c, 4, 81, 100
5, 7686, Note_on_c, 4, 96, 100
5, 7714, Note_on_c, 4, 96, 0
5, 7715, Note_on_c, 4, 93, 100
5, 7743, Note_on_c, 4, 93, 0
5, 7743, Note_on_c, 4, 98, 100
5, 7744, Note_on_c, 4, 90, 100
5, 7748, Note_on_c, 4, 100, 0
5, 7772, Note_on_c, 4, 96, 100
5, 7773, Note_on_c, 4, 98, 0
5, 7774, Note_on_c, 4, 90, 0
5, 7775, Note_on_c, 4, 93, 100
5, 7798, Note_on_c, 4, 96, 0
5, 7803, Note_on_c, 4, 102, 100
5, 7804, Note_on_c, 4, 93, 0
5, 7804, Note_on_c, 4, 84, 100
5, 7805, Note_on_c, 4, 81, 0
5, 7832, Note_on_c, 4, 100, 100
5, 7841, Note_on_c, 4, 84, 0
5, 7860, Note_on_c, 4, 100, 0
5, 7861, Note_on_c, 4, 98, 100
5, 7888, Note_on_c, 4, 98, 0
5, 7888, Note_on_c, 4, 84, 100
5, 7890, Note_on_c, 4, 96, 100
5, 7902, Note_on_c, 4, 84, 0
5, 7918, Note_on_c, 4, 96, 0
5, 7918, Note_on_c, 4, 86, 100
5, 7921, Note_on_c, 4, 102, 0
5, 7921, Note_on_c, 4, 103, 100
5, 7923, Note_on_c, 4, 95, 100
5, 7947, Note_on_c, 4, 86, 0
5, 7948, Note_on_c, 4, 74, 100
5, 7962, Note_on_c, 4, 103, 0
5, 7977, Note_on_c, 4, 79, 100
5, 7981, Note_on_c, 4, 74, 0
5, 7982, Note_on_c, 4, 98, 100
5, 8004, Note_on_c, 4, 79, 0
5, 8005, Note_on_c, 4, 83, 100
5, 8035, Note_on_c, 4, 83, 0
5, 8035, Note_on_c, 4, 86, 100
5, 8038, Note_on_c, 4, 98, 0
5, 8041, Note_on_c, 4, 101, 100
5, 8066, Note_on_c, 4, 86, 0
5, 8067, Note_on_c, 4, 80, 100
5, 8073, Note_on_c, 4, 95, 0
5, 8081, Note_on_c, 4, 101, 0
5, 8094, Note_on_c, 4, 83, 100
5, 8095, Note_on_c, 4, 80, 0
5, 8101, Note_on_c, 4, 100, 100
5, 8102, Note_on_c, 4, 94, 100
5, 8125, Note_on_c, 4, 86, 100
5, 8127, Note_on_c, 4, 83, 0
5, 8135, Note_on_c, 4, 94, 0
5, 8158, Note_on_c, 4, 89, 100
5, 8160, Note_on_c, 4, 86, 0
5, 8162, Note_on_c, 4, 93, 100
5, 8189, Note_on_c, 4, 86, 100
5, 8193, Note_on_c, 4, 89, 0
5, 8218, Note_on_c, 4, 86, 0
5, 8219, Note_on_c, 4, 100, 0
5, 8219, Note_on_c, 4, 83, 100
5, 8219, Note_on_c, 4, 98, 100
5, 8220, Note_on_c, 4, 95, 100
5, 8247, Note_on_c, 4, 86, 100
5, 8248, Note_on_c, 4, 83, 0
5, 8251, Note_on_c, 4, 93, 0
5, 8272, Note_on_c, 4, 95, 0
5, 8272, Note_on_c, 4, 86, 0
5, 8276, Note_on_c, 4, 79, 100
5, 8311, Note_on_c, 4, 95, 100
5, 8324, Note_on_c, 4, 95, 0
5, 8338, Note_on_c, 4, 98, 0
5, 8338, Note_on_c, 4, 88, 100
5, 8339, Note_on_c, 4, 96, 100
5, 8369, Note_on_c, 4, 88, 0
5, 8370, Note_on_c, 4, 94, 100
5, 8370, Note_on_c, 4, 91, 100
5, 8372, Note_on_c, 4, 96, 0
5, 8395, Note_on_c, 4, 84, 100
5, 8396, Note_on_c, 4, 94, 0
5, 8397, Note_on_c, 4, 91, 0
5, 8399, Note_on_c, 4, 93, 100
5, 8425, Note_on_c, 4, 93, 0
5, 8430, Note_on_c, 4, 88, 100
5, 8442, Note_on_c, 4, 79, 0
5, 8455, Note_on_c, 4, 81, 100
5, 8457, Note_on_c, 4, 89, 100
5, 8458, Note_on_c, 4, 88, 0
5, 8481, Note_on_c, 4, 79, 100
5, 8486, Note_on_c, 4, 81, 0
5, 8486, Note_on_c, 4, 89, 0
5, 8487, Note_on_c, 4, 93, 100
5, 8504, Note_on_c, 4, 93, 0
5, 8513, Note_on_c, 4, 77, 100
5, 8515, Note_on_c, 4, 79, 0
5, 8516, Note_on_c, 4, 84, 0
5, 8518, Note_on_c, 4, 98, 100
5, 8543, Note_on_c, 4, 81, 100
5, 8576, Note_on_c, 4, 81, 0
5, 8576, Note_on_c, 4, 86, 100
5, 8609, Note_on_c, 4, 89, 100
5, 8622, Note_on_c, 4, 86, 0
5, 8641, Note_on_c, 4, 89, 0
5, 8642, Note_on_c, 4, 91, 100
5, 8653, Note_on_c, 4, 98, 0
5, 8670, Note_on_c, 4, 86, 100
5, 8698, Note_on_c, 4, 77, 0
5, 8698, Note_on_c, 4, 79, 100
5, 8699, Note_on_c, 4, 88, 100
5, 8700, Note_on_c, 4, 86, 0
5, 8704, Note_on_c, 4, 91, 0
5, 8724, Note_on_c, 4, 79, 0
5, 8725, Note_on_c, 4, 77, 100
5, 8729, Note_on_c, 4, 91, 100
5, 8732, Note_on_c, 4, 88, 0
5, 8755, Note_on_c, 4, 77, 0
5, 8757, Note_on_c, 4, 76, 100
5, 8760, Note_on_c, 4, 91, 0
5, 8761, Note_on_c, 4, 96, 100
5, 8782, Note_on_c, 4, 76, 0
5, 8787, Note_on_c, 4, 67, 100
5, 8815, Note_on_c, 4, 72, 100
5, 8819, Note_on_c, 4, 67, 0
5, 8844, Note_on_c, 4, 72, 0
5, 8844, Note_on_c, 4, 76, 100
5, 8875, Note_on_c, 4, 77, 100
5, 8876, Note_on_c, 4, 76, 0
5, 8878, Note_on_c, 4, 89, 100
5, 8905, Note_on_c, 4, 77, 0
5, 8905, Note_on_c, 4, 74, 100
5, 8934, Note_on_c, 4, 77, 100
5, 8937, Note_on_c, 4, 74, 0
5, 8937, Note_on_c, 4, 94, 100
5, 8939, Note_on_c, 4, 96, 0
5, 8962, Note_on_c, 4, 77, 0
5, 8962, Note_on_c, 4, 81, 100
5, 8967, Note_on_c, 4, 94, 0
5, 8967, Note_on_c, 4, 93, 100
5, 8993, Note_on_c, 4, 81, 0
5, 8993, Note_on_c, 4, 86, 100
5, 9001, Note_on_c, 4, 93, 0
5, 9001, Note_on_c, 4, 94, 100
5, 9024, Note_on_c, 4, 82, 100
5, 9028, Note_on_c, 4, 86, 0
5, 9056, Note_on_c, 4, 77, 100
5, 9057, Note_on_c, 4, 82, 0
5, 9083, Note_on_c, 4, 82, 100
5, 9085, Note_on_c, 4, 77, 0
5, 9110, Note_on_c, 4, 82, 0
5, 9111, Note_on_c, 4, 76, 100
5, 9113, Note_on_c, 4, 89, 0
5, 9114, Note_on_c, 4, 91, 100
5, 9142, Note_on_c, 4, 76, 0
5, 9142, Note_on_c, 4, 86, 100
5, 9172, Note_on_c, 4, 84, 100
5, 9174, Note_on_c, 4, 86, 0
5, 9176, Note_on_c, 4, 94, 0
5, 9178, Note_on_c, 4, 93, 100
5, 9180, Note_on_c, 4, 91, 0
5, 9202, Note_on_c, 4, 82, 100
5, 9203, Note_on_c, 4, 84, 0
5, 9207, Note_on_c, 4, 93, 0
5, 9208, Note_on_c, 4, 91, 100
5, 9234, Note_on_c, 4, 82, 0
5, 9234, Note_on_c, 4, 81, 100
5, 9239, Note_on_c, 4, 93, 100
5, 9248, Note_on_c, 4, 91, 0
5, 9263, Note_on_c, 4, 79, 100
5, 9264, Note_on_c, 4, 81, 0
5, 9295, Note_on_c, 4, 81, 100
5, 9296, Note_on_c, 4, 79, 0
5, 9299, Note_on_c, 4, 89, 100
5, 9304, Note_on_c, 4, 93, 0
5, 9323, Note_on_c, 4, 83, 100
5, 9330, Note_on_c, 4, 81, 0
5, 9351, Note_on_c, 4, 83, 0
5, 9354, Note_on_c, 4, 84, 100
5, 9356, Note_on_c, 4, 91, 100
5, 9388, Note_on_c, 4, 89, 0
5, 9388, Note_on_c, 4, 86, 100
5, 9400, Note_on_c, 4, 86, 0
5, 9419, Note_on_c, 4, 88, 100
5, 9432, Note_on_c, 4, 84, 0
5, 9445, Note_on_c, 4, 82, 100
5, 9459, Note_on_c, 4, 82, 0
5, 9483, Note_on_c, 4, 81, 100
5, 9511, Note_on_c, 4, 84, 100
5, 9512, Note_on_c, 4, 88, 0
5, 9539, Note_on_c, 4, 81, 0
5, 9540, Note_on_c, 4, 80, 100
5, 9541, Note_on_c, 4, 89, 100
5, 9542, Note_on_c, 4, 91, 0
5, 9571, Note_on_c, 4, 84, 0
5, 9571, Note_on_c, 4, 83, 100
5, 9596, Note_on_c, 4, 80, 0
5, 9596, Note_on_c, 4, 79, 100
5, 9603, Note_on_c, 4, 83, 0
5, 9604, Note_on_c, 4, 84, 100
5, 9620, Note_on_c, 4, 79, 0
5, 9629, Note_on_c, 4, 67, 100
5, 9658, Note_on_c, 4, 89, 0
5, 9658, Note_on_c, 4, 67, 0
5, 9658, Note_on_c, 4, 72, 100
5, 9661, Note_on_c, 4, 88, 100
5, 9687, Note_on_c, 4, 76, 100
5, 9688, Note_on_c, 4, 72, 0
5, 9688, Note_on_c, 4, 86, 100
5, 9692, Note_on_c, 4, 88, 0
5, 9717, Note_on_c, 4, 86, 0
5, 9718, Note_on_c, 4, 76, 0
5, 9718, Note_on_c, 4, 79, 100
5, 9719, Note_on_c, 4, 88, 100
5, 9746, Note_on_c, 4, 72, 100
5, 9747, Note_on_c, 4, 79, 0
5, 9751, Note_on_c, 4, 88, 0
5, 9775, Note_on_c, 4, 76, 100
5, 9778, Note_on_c, 4, 91, 100
5, 9779, Note_on_c, 4, 72, 0
5, 9804, Note_on_c, 4, 79, 100
5, 9813, Note_on_c, 4, 76, 0
5, 9832, Note_on_c, 4, 79, 0
5, 9833, Note_on_c, 4, 81, 100
5, 9864, Note_on_c, 4, 77, 100
5, 9869, Note_on_c, 4, 81, 0
5, 9878, Note_on_c, 4, 84, 0
5, 9895, Note_on_c, 4, 74, 100
5, 9896, Note_on_c, 4, 77, 0
5, 9897, Note_on_c, 4, 89, 100
5, 9900, Note_on_c, 4, 91, 0
5, 9923, Note_on_c, 4, 77, 100
5, 9927, Note_on_c, 4, 89, 0
5, 9928, Note_on_c, 4, 74, 0
5, 9928, Note_on_c, 4, 88, 100
5, 9952, Note_on_c, 4, 77, 0
5, 9953, Note_on_c, 4, 71, 100
5, 9959, Note_on_c, 4, 86, 100
5, 9962, Note_on_c, 4, 88, 0
5, 9987, Note_on_c, 4, 81, 100
5, 9988, Note_on_c, 4, 71, 0
5, 9989, Note_on_c, 4, 88, 100
5, 9992, Note_on_c, 4, 86, 0
5, 9998, Note_on_c, 4, 88, 0
5, 10016, Note_on_c, 4, 79, 100
5, 10017, Note_on_c, 4, 81, 0
5, 10021, Note_on_c, 4, 89, 100
5, 10021, Note_on_c, 4, 86, 100
5, 10046, Note_on_c, 4, 77, 100
5, 10047, Note_on_c, 4, 79, 0
5, 10076, Note_on_c, 4, 77, 0
5, 10076, Note_on_c, 4, 76, 100
5, 10105, Note_on_c, 4, 74, 100
5, 10111, Note_on_c, 4, 76, 0
5, 10133, Note_on_c, 4, 74, 0
5, 10135, Note_on_c, 4, 89, 0
5, 10135, Note_on_c, 4, 86, 0
5, 10135, Note_on_c, 4, 76, 100
5, 10137, Note_on_c, 4, 88, 100
5, 10137, Note_on_c, 4, 84, 100
5, 10162, Note_on_c, 4, 78, 100
5, 10165, Note_on_c, 4, 76, 0
5, 10187, Note_on_c, 4, 88, 0
5, 10192, Note_on_c, 4, 86, 100
5, 10193, Note_on_c, 4, 78, 0
5, 10195, Note_on_c, 4, 79, 100
5, 10220, Note_on_c, 4, 74, 100
5, 10223, Note_on_c, 4, 79, 0
5, 10238, Note_on_c, 4, 74, 0
5, 10247, Note_on_c, 4, 84, 0
5, 10249, Note_on_c, 4, 79, 100
5, 10251, Note_on_c, 4, 83, 100
5, 10278, Note_on_c, 4, 88, 100
5, 10281, Note_on_c, 4, 86, 0
5, 10306, Note_on_c, 4, 88, 0
5, 10308, Note_on_c, 4, 84, 100
5, 10309, Note_on_c, 4, 83, 0
5, 10311, Note_on_c, 4, 81, 100
5, 10313, Note_on_c, 4, 79, 0
5, 10338, Note_on_c, 4, 79, 100
5, 10369, Note_on_c, 4, 79, 0
5, 10370, Note_on_c, 4, 78, 100
5, 10396, Note_on_c, 4, 78, 0
5, 10399, Note_on_c, 4, 76, 100
5, 10432, Note_on_c, 4, 76, 0
5, 10437, Note_on_c, 4, 78, 100
5, 10452, Note_on_c, 4, 84, 0
5, 10467, Note_on_c, 4, 88, 100
5, 10496, Note_on_c, 4, 88, 0
5, 10501, Note_on_c, 4, 86, 100
5, 10530, Note_on_c, 4, 84, 100
5, 10534, Note_on_c, 4, 86, 0
5, 10557, Note_on_c, 4, 78, 0
5, 10559, Note_on_c, 4, 79, 100
5, 10560, Note_on_c, 4, 84, 0
5, 10561, Note_on_c, 4, 83, 100
5, 10563, Note_on_c, 4, 81, 0
5, 10580, Note_on_c, 4, 83, 0
5, 10593, Note_on_c, 4, 86, 100
5, 10598, Note_on_c, 4, 79, 0
5, 10619, Note_on_c, 4, 83, 100
5, 10620, Note_on_c, 4, 86, 0
5, 10622, Note_on_c, 4, 91, 100
5, 10649, Note_on_c, 4, 83, 0
5, 10649, Note_on_c, 4, 81, 100
5, 10650, Note_on_c, 4, 95, 100
5, 10653, Note_on_c, 4, 91, 0
5, 10680, Note_on_c, 4, 83, 100
5, 10682, Note_on_c, 4, 81, 0
5, 10682, Note_on_c, 4, 95, 0
5, 10682, Note_on_c, 4, 98, 100
5, 10697, Note_on_c, 4, 83, 0
5, 10700, Note_on_c, 4, 98, 0
5, 10711, Note_on_c, 4, 91, 100
5, 10738, Note_on_c, 4, 86, 100
5, 10738, Note_on_c, 4, 79, 100
5, 10741, Note_on_c, 4, 95, 100
5, 10742, Note_on_c, 4, 91, 0
5, 10764, Note_on_c, 4, 86, 0
5, 10770, Note_on_c, 4, 98, 100
5, 10771, Note_on_c, 4, 95, 0
5, 10784, Note_on_c, 4, 79, 0
5, 10794, Note_on_c, 4, 79, 100
5, 10798, Note_on_c, 4, 84, 100
5, 10802, Note_on_c, 4, 100, 100
5, 10805, Note_on_c, 4, 98, 0
5, 10822, Note_on_c, 4, 79, 0
5, 10832, Note_on_c, 4, 100, 0
5, 10833, Note_on_c, 4, 96, 100
5, 10840, Note_on_c, 4, 84, 0
5, 10859, Note_on_c, 4, 78, 100
5, 10862, Note_on_c, 4, 93, 100
5, 10864, Note_on_c, 4, 96, 0
5, 10889, Note_on_c, 4, 78, 0
5, 10889, Note_on_c, 4, 79, 100
5, 10890, Note_on_c, 4, 93, 0
5, 10891, Note_on_c, 4, 96, 100
5, 10919, Note_on_c, 4, 79, 0
5, 10919, Note_on_c, 4, 81, 100
5, 10921, Note_on_c, 4, 96, 0
5, 10921, Note_on_c, 4, 90, 100
5, 10951, Note_on_c, 4, 90, 0
5, 10951, Note_on_c, 4, 100, 100
5, 10957, Note_on_c, 4, 81, 0
5, 10976, Note_on_c, 4, 78, 100
5, 10977, Note_on_c, 4, 74, 100
5, 10982, Note_on_c, 4, 98, 100
5, 10984, Note_on_c, 4, 100, 0
5, 11015, Note_on_c, 4, 96, 100
5, 11016, Note_on_c, 4, 98, 0
5, 11021, Note_on_c, 4, 74, 0
5, 11042, Note_on_c, 4, 79, 100
5, 11043, Note_on_c, 4, 78, 0
5, 11043, Note_on_c, 4, 96, 0
5, 11044, Note_on_c, 4, 95, 100
5, 11070, Note_on_c, 4, 83, 100
5, 11075, Note_on_c, 4, 79, 0
5, 11092, Note_on_c, 4, 95, 0
5, 11098, Note_on_c, 4, 88, 100
5, 11101, Note_on_c, 4, 97, 100
5, 11102, Note_on_c, 4, 83, 0
5, 11102, Note_on_c, 4, 76, 100
5, 11125, Note_on_c, 4, 91, 100
5, 11128, Note_on_c, 4, 88, 0
5, 11152, Note_on_c, 4, 97, 0
5, 11156, Note_on_c, 4, 91, 0
5, 11156, Note_on_c, 4, 77, 100
5, 11157, Note_on_c, 4, 76, 0
5, 11161, Note_on_c, 4, 98, 100
5, 11161, Note_on_c, 4, 93, 100
5, 11191, Note_on_c, 4, 86, 100
5, 11194, Note_on_c, 4, 93, 0
5, 11197, Note_on_c, 4, 77, 0
5, 11218, Note_on_c, 4, 74, 100
5, 11220, Note_on_c, 4, 86, 0
5, 11221, Note_on_c, 4, 89, 100
5, 11250, Note_on_c, 4, 89, 0
5, 11250, Note_on_c, 4, 93, 100
5, 11256, Note_on_c, 4, 74, 0
5, 11274, Note_on_c, 4, 93, 0
5, 11274, Note_on_c, 4, 79, 100
5, 11281, Note_on_c, 4, 94, 100
5, 11307, Note_on_c, 4, 94, 0
5, 11307, Note_on_c, 4, 91, 100
5, 11334, Note_on_c, 4, 79, 0
5, 11334, Note_on_c, 4, 91, 0
5, 11335, Note_on_c, 4, 82, 100
5, 11336, Note_on_c, 4, 98, 0
5, 11336, Note_on_c, 4, 97, 100
5, 11336, Note_on_c, 4, 88, 100
5, 11365, Note_on_c, 4, 91, 100
5, 11366, Note_on_c, 4, 97, 0
5, 11366, Note_on_c, 4, 88, 0
5, 11367, Note_on_c, 4, 98, 100
5, 11386, Note_on_c, 4, 91, 0
5, 11390, Note_on_c, 4, 82, 0
5, 11393, Note_on_c, 4, 85, 100
5, 11394, Note_on_c, 4, 81, 100
5, 11396, Note_on_c, 4, 100, 100
5, 11397, Note_on_c, 4, 98, 0
5, 11421, Note_on_c, 4, 85, 0
5, 11426, Note_on_c, 4, 94, 100
5, 11451, Note_on_c, 4, 81, 0
5, 11452, Note_on_c, 4, 85, 100
5, 11457, Note_on_c, 4, 94, 0
5, 11457, Note_on_c, 4, 93, 100
5, 11486, Note_on_c, 4, 91, 100
5, 11487, Note_on_c, 4, 93, 0
5, 11498, Note_on_c, 4, 91, 0
5, 11515, Note_on_c, 4, 85, 0
5, 11515, Note_on_c, 4, 86, 100
5, 11517, Note_on_c, 4, 89, 100
5, 11544, Note_on_c, 4, 74, 100
5, 11545, Note_on_c, 4, 86, 0
5, 11550, Note_on_c, 4, 100, 0
5, 11573, Note_on_c, 4, 77, 100
5, 11577, Note_on_c, 4, 74, 0
5, 11578, Note_on_c, 4, 98, 100
5, 11603, Note_on_c, 4, 77, 0
5, 11603, Note_on_c, 4, 81, 100
5, 11633, Note_on_c, 4, 89, 0
5, 11633, Note_on_c, 4, 81, 0
5, 11634, Note_on_c, 4, 86, 100
5, 11636, Note_on_c, 4, 88, 100
5, 11664, Note_on_c, 4, 81, 100
5, 11666, Note_on_c, 4, 86, 0
5, 11694, Note_on_c, 4, 84, 100
5, 11695, Note_on_c, 4, 96, 100
5, 11696, Note_on_c, 4, 98, 0
5, 11696, Note_on_c, 4, 93, 100
5, 11697, Note_on_c, 4, 81, 0
5, 11701, Note_on_c, 4, 88, 0
5, 11722, Note_on_c, 4, 86, 100
5, 11725, Note_on_c, 4, 84, 0
5, 11728, Note_on_c, 4, 96, 0
5, 11742, Note_on_c, 4, 86, 0
5, 11753, Note_on_c, 4, 89, 100
5, 11754, Note_on_c, 4, 95, 100
5, 11784, Note_on_c, 4, 86, 100
5, 11786, Note_on_c, 4, 89, 0
5, 11788, Note_on_c, 4, 95, 0
5, 11789, Note_on_c, 4, 96, 100
5, 11794, Note_on_c, 4, 93, 0
5, 11813, Note_on_c, 4, 86, 0
5, 11814, Note_on_c, 4, 83, 100
5, 11818, Note_on_c, 4, 92, 100
5, 11818, Note_on_c, 4, 98, 100
5, 11820, Note_on_c, 4, 96, 0
5, 11843, Note_on_c, 4, 86, 100
5, 11844, Note_on_c, 4, 83, 0
5, 11847, Note_on_c, 4, 92, 0
5, 11847, Note_on_c, 4, 93, 100
5, 11865, Note_on_c, 4, 93, 0
5, 11873, Note_on_c, 4, 86, 0
5, 11874, Note_on_c, 4, 80, 100
5, 11878, Note_on_c, 4, 95, 100
5, 11903, Note_on_c, 4, 89, 100
5, 11906, Note_on_c, 4, 80, 0
5, 11933, Note_on_c, 4, 88, 100
5, 11934, Note_on_c, 4, 89, 0
5, 11962, Note_on_c, 4, 86, 100
5, 11966, Note_on_c, 4, 88, 0
5, 11991, Note_on_c, 4, 84, 100
5, 11992, Note_on_c, 4, 86, 0
5, 12027, Note_on_c, 4, 81, 100
5, 12028, Note_on_c, 4, 84, 0
5, 12057, Note_on_c, 4, 84, 100
5, 12058, Note_on_c, 4, 81, 0
5, 12060, Note_on_c, 4, 96, 100
5, 12061, Note_on_c, 4, 95, 0
5, 12061, Note_on_c, 4, 93, 100
5, 12062, Note_on_c, 4, 98, 0
5, 12086, Note_on_c, 4, 84, 0
5, 12087, Note_on_c, 4, 88, 100
5, 12118, Note_on_c, 4, 78, 100
5, 12119, Note_on_c, 4, 96, 0
5, 12119, Note_on_c, 4, 88, 0
5, 12121, Note_on_c, 4, 93, 0
5, 12148, Note_on_c, 4, 88, 100
5, 12149, Note_on_c, 4, 78, 0
5, 12176, Note_on_c, 4, 88, 0
5, 12177, Note_on_c, 4, 93, 100
5, 12177, Note_on_c, 4, 86, 100
5, 12178, Note_on_c, 4, 96, 100
5, 12198, Note_on_c, 4, 93, 0
5, 12198, Note_on_c, 4, 96, 0
5, 12204, Note_on_c, 4, 84, 100
5, 12209, Note_on_c, 4, 86, 0
5, 12225, Note_on_c, 4, 84, 0
5, 12235, Note_on_c, 4, 83, 100
5, 12239, Note_on_c, 4, 93, 100
5, 12240, Note_on_c, 4, 96, 100
5, 12269, Note_on_c, 4, 79, 100
5, 12270, Note_on_c, 4, 83, 0
5, 12297, Note_on_c, 4, 93, 0
5, 12298, Note_on_c, 4, 83, 100
5, 12299, Note_on_c, 4, 91, 100
5, 12300, Note_on_c, 4, 79, 0
5, 12300, Note_on_c, 4, 95, 100
5, 12301, Note_on_c, 4, 96, 0
5, 12330, Note_on_c, 4, 83, 0
5, 12330, Note_on_c, 4, 86, 100
5, 12358, Note_on_c, 4, 86, 0
5, 12358, Note_on_c, 4, 76, 100
5, 12361, Note_on_c, 4, 95, 0
5, 12362, Note_on_c, 4, 91, 0
5, 12388, Note_on_c, 4, 86, 100
5, 12389, Note_on_c, 4, 76, 0
5, 12417, Note_on_c, 4, 86, 0
5, 12417, Note_on_c, 4, 84, 100
5, 12418, Note_on_c, 4, 95, 100
5, 12418, Note_on_c, 4, 91, 100
5, 12436, Note_on_c, 4, 95, 0
5, 12436, Note_on_c, 4, 91, 0
5, 12445, Note_on_c, 4, 83, 100
5, 12450, Note_on_c, 4, 84, 0
5, 12465, Note_on_c, 4, 83, 0
5, 12477, Note_on_c, 4, 81, 100
5, 12479, Note_on_c, 4, 91, 100
5, 12480, Note_on_c, 4, 95, 100
5, 12508, Note_on_c, 4, 81, 0
5, 12508, Note_on_c, 4, 78, 100
5, 12537, Note_on_c, 4, 81, 100
5, 12538, Note_on_c, 4, 91, 0
5, 12539, Note_on_c, 4, 78, 0
5, 12540, Note_on_c, 4, 90, 100
5, 12540, Note_on_c, 4, 93, 100
5, 12544, Note_on_c, 4, 95, 0
5, 12565, Note_on_c, 4, 81, 0
5, 12567, Note_on_c, 4, 84, 100
5, 12596, Note_on_c, 4, 75, 100
5, 12598, Note_on_c, 4, 84, 0
5, 12603, Note_on_c, 4, 93, 0
5, 12604, Note_on_c, 4, 90, 0
5, 12626, Note_on_c, 4, 84, 100
5, 12628, Note_on_c, 4, 75, 0
5, 12650, Note_on_c, 4, 84, 0
5, 12658, Note_on_c, 4, 83, 100
5, 12659, Note_on_c, 4, 90, 100
5, 12659, Note_on_c, 4, 93, 100
5, 12678, Note_on_c, 4, 90, 0
5, 12678, Note_on_c, 4, 93, 0
5, 12686, Note_on_c, 4, 81, 100
5, 12690, Note_on_c, 4, 83, 0
5, 12706, Note_on_c, 4, 81, 0
5, 12716, Note_on_c, 4, 79, 100
5, 12718, Note_on_c, 4, 90, 100
5, 12719, Note_on_c, 4, 93, 100
5, 12746, Note_on_c, 4, 76, 100
5, 12748, Note_on_c, 4, 79, 0
5, 12766, Note_on_c, 4, 76, 0
5, 12773, Note_on_c, 4, 79, 100
5, 12775, Note_on_c, 4, 90, 0
5, 12776, Note_on_c, 4, 93, 0
5, 12777, Note_on_c, 4, 88, 100
5, 12777, Note_on_c, 4, 91, 100
5, 12803, Note_on_c, 4, 79, 0
5, 12804, Note_on_c, 4, 83, 100
5, 12824, Note_on_c, 4, 83, 0
5, 12828, Note_on_c, 4, 91, 0
5, 12834, Note_on_c, 4, 72, 100
5, 12859, Note_on_c, 4, 72, 0
5, 12867, Note_on_c, 4, 88, 0
5, 12870, Note_on_c, 4, 93, 100
5, 12898, Note_on_c, 4, 84, 100
5, 12900, Note_on_c, 4, 88, 100
5, 12901, Note_on_c, 4, 96, 100
5, 12902, Note_on_c, 4, 93, 0
5, 12929, Note_on_c, 4, 96, 0
5, 12929, Note_on_c, 4, 100, 100
5, 12937, Note_on_c, 4, 100, 0
5, 12957, Note_on_c, 4, 88, 0
5, 12957, Note_on_c, 4, 86, 100
5, 12960, Note_on_c, 4, 90, 100
5, 12986, Note_on_c, 4, 84, 0
5, 12990, Note_on_c, 4, 93, 100
5, 12991, Note_on_c, 4, 90, 0
5, 13001, Note_on_c, 4, 93, 0
5, 13015, Note_on_c, 4, 83, 100
5, 13022, Note_on_c, 4, 98, 100
5, 13046, Note_on_c, 4, 81, 100
5, 13047, Note_on_c, 4, 83, 0
5, 13076, Note_on_c, 4, 83, 100
5, 13080, Note_on_c, 4, 81, 0
5, 13081, Note_on_c, 4, 86, 0
5, 13089, Note_on_c, 4, 98, 0
5, 13110, Note_on_c, 4, 95, 100
5, 13138, Note_on_c, 4, 91, 100
5, 13139, Note_on_c, 4, 95, 0
5, 13140, Note_on_c, 4, 86, 100
5, 13162, Note_on_c, 4, 86, 0
5, 13166, Note_on_c, 4, 95, 100
5, 13170, Note_on_c, 4, 91, 0
5, 13196, Note_on_c, 4, 95, 0
5, 13196, Note_on_c, 4, 84, 100
5, 13197, Note_on_c, 4, 88, 100
5, 13203, Note_on_c, 4, 83, 0
5, 13228, Note_on_c, 4, 91, 100
5, 13233, Note_on_c, 4, 88, 0
5, 13241, Note_on_c, 4, 91, 0
5, 13253, Note_on_c, 4, 81, 100
5, 13259, Note_on_c, 4, 96, 100
5, 13281, Note_on_c, 4, 81, 0
5, 13283, Note_on_c, 4, 79, 100
5, 13288, Note_on_c, 4, 95, 100
5, 13289, Note_on_c, 4, 96, 0
5, 13310, Note_on_c, 4, 79, 0
5, 13317, Note_on_c, 4, 81, 100
5, 13321, Note_on_c, 4, 95, 0
5, 13321, Note_on_c, 4, 96, 100
5, 13350, Note_on_c, 4, 96, 0
5, 13351, Note_on_c, 4, 91, 100
5, 13352, Note_on_c, 4, 84, 0
5, 13352, Note_on_c, 4, 81, 0
5, 13374, Note_on_c, 4, 74, 100
5, 13381, Note_on_c, 4, 90, 100
5, 13382, Note_on_c, 4, 91, 0
5, 13396, Note_on_c, 4, 90, 0
5, 13410, Note_on_c, 4, 74, 0
5, 13410, Note_on_c, 4, 96, 100
5, 13423, Note_on_c, 4, 96, 0
5, 13436, Note_on_c, 4, 79, 100
5, 13440, Note_on_c, 4, 95, 100
5, 13462, Note_on_c, 4, 79, 0
5, 13473, Note_on_c, 4, 98, 100
5, 13474, Note_on_c, 4, 95, 0
5, 13497, Note_on_c, 4, 67, 100
5, 13501, Note_on_c, 4, 98, 0
5, 13502, Note_on_c, 4, 95, 100
5, 13525, Note_on_c, 4, 67, 0
5, 13532, Note_on_c, 4, 95, 0
5, 13532, Note_on_c, 4, 91, 100
5, 13560, Note_on_c, 4, 79, 100
5, 13564, Note_on_c, 4, 91, 0
5, 13564, Note_on_c, 4, 88, 100
5, 13585, Note_on_c, 4, 88, 0
5, 13594, Note_on_c, 4, 95, 100
5, 13625, Note_on_c, 4, 91, 100
5, 13626, Note_on_c, 4, 95, 0
5, 13652, Note_on_c, 4, 91, 0
5, 13653, Note_on_c, 4, 88, 100
5, 13683, Note_on_c, 4, 84, 100
5, 13685, Note_on_c, 4, 88, 0
5, 13714, Note_on_c, 4, 88, 100
5, 13720, Note_on_c, 4, 79, 0
5, 13720, Note_on_c, 4, 84, 0
5, 13732, Note_on_c, 4, 88, 0
5, 13741, Note_on_c, 4, 77, 100
5, 13745, Note_on_c, 4, 93, 100
5, 13757, Note_on_c, 4, 77, 0
5, 13772, Note_on_c, 4, 76, 100
5, 13773, Note_on_c, 4, 91, 100
5, 13775, Note_on_c, 4, 93, 0
5, 13790, Note_on_c, 4, 76, 0
5, 13802, Note_on_c, 4, 77, 100
5, 13806, Note_on_c, 4, 93, 100
5, 13809, Note_on_c, 4, 91, 0
5, 13835, Note_on_c, 4, 89, 100
5, 13836, Note_on_c, 4, 93, 0
5, 13863, Note_on_c, 4, 86, 100
5, 13868, Note_on_c, 4, 89, 0
5, 13896, Note_on_c, 4, 86, 0
5, 13897, Note_on_c, 4, 89, 100
5, 13934, Note_on_c, 4, 89, 0
5, 13936, Note_on_c, 4, 83, 100
5, 13956, Note_on_c, 4, 77, 0
5, 13965, Note_on_c, 4, 79, 100
5, 13966, Note_on_c, 4, 83, 0
5, 13991, Note_on_c, 4, 76, 100
5, 13994, Note_on_c, 4, 79, 0
5, 13995, Note_on_c, 4, 83, 100
5, 14019, Note_on_c, 4, 74, 100
5, 14020, Note_on_c, 4, 76, 0
5, 14024, Note_on_c, 4, 83, 0
5, 14025, Note_on_c, 4, 86, 100
5, 14051, Note_on_c, 4, 74, 0
5, 14051, Note_on_c, 4, 76, 100
5, 14055, Note_on_c, 4, 91, 100
5, 14057, Note_on_c, 4, 86, 0
5, 14071, Note_on_c, 4, 91, 0
5, 14082, Note_on_c, 4, 84, 100
5, 14110, Note_on_c, 4, 84, 0
5, 14110, Note_on_c, 4, 88, 100
5, 14112, Note_on_c, 4, 76, 0
5, 14112, Note_on_c, 4, 72, 100
5, 14114, Note_on_c, 4, 96, 100
5, 14142, Note_on_c, 4, 88, 0
5, 14142, Note_on_c, 4, 91, 100
5, 14166, Note_on_c, 4, 72, 0
5, 14166, Note_on_c, 4, 91, 0
5, 14167, Note_on_c, 4, 77, 100
5, 14170, Note_on_c, 4, 96, 0
5, 14172, Note_on_c, 4, 93, 100
5, 14206, Note_on_c, 4, 89, 100
5, 14225, Note_on_c, 4, 89, 0
5, 14227, Note_on_c, 4, 93, 0
5, 14229, Note_on_c, 4, 86, 100
5, 14230, Note_on_c, 4, 101, 100
5, 14259, Note_on_c, 4, 86, 0
5, 14259, Note_on_c, 4, 89, 100
5, 14278, Note_on_c, 4, 89, 0
5, 14288, Note_on_c, 4, 77, 0
5, 14289, Note_on_c, 4, 79, 100
5, 14290, Note_on_c, 4, 83, 100
5, 14318, Note_on_c, 4, 83, 0
5, 14321, Note_on_c, 4, 93, 100
5, 14348, Note_on_c, 4, 101, 0
5, 14349, Note_on_c, 4, 93, 0
5, 14349, Note_on_c, 4, 100, 100
5, 14350, Note_on_c, 4, 91, 100
5, 14379, Note_on_c, 4, 89, 100
5, 14380, Note_on_c, 4, 91, 0
5, 14380, Note_on_c, 4, 98, 100
5, 14381, Note_on_c, 4, 100, 0
5, 14410, Note_on_c, 4, 89, 0
5, 14410, Note_on_c, 4, 98, 0
5, 14410, Note_on_c, 4, 88, 100
5, 14410, Note_on_c, 4, 96, 100
5, 14435, Note_on_c, 4, 79, 0
5, 14438, Note_on_c, 4, 98, 100
5, 14441, Note_on_c, 4, 96, 0
5, 14448, Note_on_c, 4, 88, 0
5, 14465, Note_on_c, 4, 77, 100
5, 14466, Note_on_c, 4, 86, 100
5, 14469, Note_on_c, 4, 98, 0
5, 14469, Note_on_c, 4, 95, 100
5, 14485, Note_on_c, 4, 86, 0
5, 14495, Note_on_c, 4, 84, 100
5, 14495, Note_on_c, 4, 76, 100
5, 14498, Note_on_c, 4, 95, 0
5, 14498, Note_on_c, 4, 96, 100
5, 14500, Note_on_c, 4, 77, 0
5, 14514, Note_on_c, 4, 84, 0
5, 14523, Note_on_c, 4, 76, 0
5, 14527, Note_on_c, 4, 74, 100
5, 14528, Note_on_c, 4, 83, 100
5, 14529, Note_on_c, 4, 96, 0
5, 14529, Note_on_c, 4, 98, 100
5, 14558, Note_on_c, 4, 74, 0
5, 14558, Note_on_c, 4, 96, 100
5, 14560, Note_on_c, 4, 98, 0
5, 14585, Note_on_c, 4, 79, 100
5, 14587, Note_on_c, 4, 95, 100
5, 14589, Note_on_c, 4, 96, 0
5, 14606, Note_on_c, 4, 83, 0
5, 14613, Note_on_c, 4, 95, 0
5, 14615, Note_on_c, 4, 93, 100
5, 14643, Note_on_c, 4, 84, 100
5, 14645, Note_on_c, 4, 91, 100
5, 14646, Note_on_c, 4, 93, 0
5, 14673, Note_on_c, 4, 91, 0
5, 14675, Note_on_c, 4, 93, 100
5, 14703, Note_on_c, 4, 76, 100
5, 14704, Note_on_c, 4, 93, 0
5, 14705, Note_on_c, 4, 94, 100
5, 14706, Note_on_c, 4, 79, 0
5, 14733, Note_on_c, 4, 74, 100
5, 14735, Note_on_c, 4, 76, 0
5, 14761, Note_on_c, 4, 74, 0
5, 14763, Note_on_c, 4, 76, 100
5, 14776, Note_on_c, 4, 84, 0
5, 14791, Note_on_c, 4, 86, 100
5, 14819, Note_on_c, 4, 86, 0
5, 14821, Note_on_c, 4, 94, 0
5, 14822, Note_on_c, 4, 84, 100
5, 14822, Note_on_c, 4, 93, 100
5, 14849, Note_on_c, 4, 82, 100
5, 14850, Note_on_c, 4, 84, 0
5, 14851, Note_on_c, 4, 93, 0
5, 14851, Note_on_c, 4, 91, 100
5, 14879, Note_on_c, 4, 89, 100
5, 14880, Note_on_c, 4, 82, 0
5, 14880, Note_on_c, 4, 91, 0
5, 14881, Note_on_c, 4, 81, 100
5, 14908, Note_on_c, 4, 89, 0
5, 14910, Note_on_c, 4, 91, 100
5, 14917, Note_on_c, 4, 81, 0
5, 14925, Note_on_c, 4, 91, 0
5, 14935, Note_on_c, 4, 74, 100
5, 14936, Note_on_c, 4, 76, 0
5, 14940, Note_on_c, 4, 88, 100
5, 14941, Note_on_c, 4, 82, 100
5, 14970, Note_on_c, 4, 88, 0
5, 14970, Note_on_c, 4, 89, 100
5, 14998, Note_on_c, 4, 89, 0
5, 15000, Note_on_c, 4, 91, 100
5, 15031, Note_on_c, 4, 89, 100
5, 15032, Note_on_c, 4, 82, 0
5, 15033, Note_on_c, 4, 91, 0
5, 15051, Note_on_c, 4, 74, 0
5, 15054, Note_on_c, 4, 72, 100
5, 15057, Note_on_c, 4, 89, 0
5, 15059, Note_on_c, 4, 88, 100
5, 15090, Note_on_c, 4, 86, 100
5, 15091, Note_on_c, 4, 88, 0
5, 15115, Note_on_c, 4, 86, 0
5, 15120, Note_on_c, 4, 81, 100
5, 15121, Note_on_c, 4, 84, 100
5, 15140, Note_on_c, 4, 84, 0
5, 15146, Note_on_c, 4, 72, 0
5, 15148, Note_on_c, 4, 74, 100
5, 15174, Note_on_c, 4, 74, 0
5, 15176, Note_on_c, 4, 71, 100
5, 15178, Note_on_c, 4, 89, 100
5, 15206, Note_on_c, 4, 72, 100
5, 15208, Note_on_c, 4, 71, 0
5, 15214, Note_on_c, 4, 89, 0
5, 15223, Note_on_c, 4, 81, 0
5, 15237, Note_on_c, 4, 72, 0
5, 15237, Note_on_c, 4, 74, 100
5, 15238, Note_on_c, 4, 79, 100
5, 15239, Note_on_c, 4, 83, 100
5, 15266, Note_on_c, 4, 72, 100
5, 15268, Note_on_c, 4, 74, 0
5, 15270, Note_on_c, 4, 83, 0
5, 15296, Note_on_c, 4, 71, 100
5, 15300, Note_on_c, 4, 72, 0
5, 15300, Note_on_c, 4, 86, 100
5, 15326, Note_on_c, 4, 69, 100
5, 15327, Note_on_c, 4, 71, 0
5, 15356, Note_on_c, 4, 67, 100
5, 15362, Note_on_c, 4, 84, 100
5, 15363, Note_on_c, 4, 86, 0
5, 15363, Note_on_c, 4, 69, 0
5, 15364, Note_on_c, 4, 79, 0
5, 15385, Note_on_c, 4, 67, 0
5, 15389, Note_on_c, 4, 81, 100
5, 15401, Note_on_c, 4, 84, 0
5, 15401, Note_on_c, 4, 81, 0
5, 15416, Note_on_c, 4, 72, 100
5, 15421, Note_on_c, 4, 77, 100
5, 15421, Note_on_c, 4, 88, 100
5, 15449, Note_on_c, 4, 79, 100
5, 15450, Note_on_c, 4, 77, 0
5, 15481, Note_on_c, 4, 81, 100
5, 15483, Note_on_c, 4, 79, 0
5, 15509, Note_on_c, 4, 81, 0
5, 15510, Note_on_c, 4, 79, 100
5, 15520, Note_on_c, 4, 72, 0
5, 15530, Note_on_c, 4, 79, 0
5, 15536, Note_on_c, 4, 69, 100
5, 15537, Note_on_c, 4, 77, 100
5, 15540, Note_on_c, 4, 86, 100
5, 15542, Note_on_c, 4, 88, 0
5, 15554, Note_on_c, 4, 77, 0
5, 15567, Note_on_c, 4, 76, 100
5, 15571, Note_on_c, 4, 84, 100
5, 15573, Note_on_c, 4, 86, 0
5, 15577, Note_on_c, 4, 76, 0
5, 15596, Note_on_c, 4, 69, 0
5, 15599, Note_on_c, 4, 84, 0
5, 15599, Note_on_c, 4, 74, 100
5, 15599, Note_on_c, 4, 71, 100
5, 15603, Note_on_c, 4, 83, 100
5, 15621, Note_on_c, 4, 83, 0
5, 15634, Note_on_c, 4, 79, 100
5, 15662, Note_on_c, 4, 79, 0
5, 15662, Note_on_c, 4, 83, 100
5, 15689, Note_on_c, 4, 86, 100
5, 15690, Note_on_c, 4, 83, 0
5, 15715, Note_on_c, 4, 74, 0
5, 15717, Note_on_c, 4, 71, 0
5, 15720, Note_on_c, 4, 86, 0
5, 15722, Note_on_c, 4, 91, 100
5, 15746, Note_on_c, 4, 67, 100
5, 15751, Note_on_c, 4, 84, 100
5, 15752, Note_on_c, 4, 91, 0
5, 15766, Note_on_c, 4, 67, 0
5, 15776, Note_on_c, 4, 71, 100
5, 15782, Note_on_c, 4, 84, 0
5, 15782, Note_on_c, 4, 88, 100
5, 15796, Note_on_c, 4, 71, 0
5, 15805, Note_on_c, 4, 74, 100
5, 15811, Note_on_c, 4, 88, 0
5, 15811, Note_on_c, 4, 91, 100
5, 15821, Note_on_c, 4, 74, 0
5, 15837, Note_on_c, 4, 79, 100
5, 15841, Note_on_c, 4, 94, 100
5, 15842, Note_on_c, 4, 91, 0
5, 15872, Note_on_c, 4, 91, 100
5, 15873, Note_on_c, 4, 94, 0
5, 15899, Note_on_c, 4, 82, 100
5, 15901, Note_on_c, 4, 88, 100
5, 15902, Note_on_c, 4, 91, 0
5, 15928, Note_on_c, 4, 91, 100
5, 15929, Note_on_c, 4, 88, 0
5, 15933, Note_on_c, 4, 79, 0
5, 15934, Note_on_c, 4, 82, 0
5, 15956, Note_on_c, 4, 76, 100
5, 15956, Note_on_c, 4, 79, 100
5, 15961, Note_on_c, 4, 91, 0
5, 15961, Note_on_c, 4, 85, 100
5, 15979, Note_on_c, 4, 79, 0
5, 15980, Note_on_c, 4, 76, 0
5, 15984, Note_on_c, 4, 85, 0
5, 15992, Note_on_c, 4, 94, 100
5, 16005, Note_on_c, 4, 94, 0
5, 16019, Note_on_c, 4, 93, 100
5, 16019, Note_on_c, 4, 76, 100
5, 16019, Note_on_c, 4, 73, 100
5, 16043, Note_on_c, 4, 73, 0
5, 16044, Note_on_c, 4, 76, 0
5, 16046, Note_on_c, 4, 93, 0
5, 16049, Note_on_c, 4, 91, 100
5, 16066, Note_on_c, 4, 91, 0
5, 16078, Note_on_c, 4, 74, 100
5, 16079, Note_on_c, 4, 81, 100
5, 16080, Note_on_c, 4, 90, 100
5, 16104, Note_on_c, 4, 81, 0
5, 16108, Note_on_c, 4, 74, 0
5, 16108, Note_on_c, 4, 86, 100
5, 16109, Note_on_c, 4, 90, 0
5, 16116, Note_on_c, 4, 86, 0
5, 16136, Note_on_c, 4, 81, 100
5, 16138, Note_on_c, 4, 86, 100
5, 16139, Note_on_c, 4, 90, 100
5, 16158, Note_on_c, 4, 90, 0
5, 16169, Note_on_c, 4, 93, 100
5, 16184, Note_on_c, 4, 93, 0
5, 16202, Note_on_c, 4, 81, 0
5, 16202, Note_on_c, 4, 95, 100
5, 16227, Note_on_c, 4, 78, 100
5, 16246, Note_on_c, 4, 78, 0
5, 16257, Note_on_c, 4, 79, 100
5, 16282, Note_on_c, 4, 79, 0
5, 16284, Note_on_c, 4, 83, 100
5, 16313, Note_on_c, 4, 86, 0
5, 16314, Note_on_c, 4, 83, 0
5, 16316, Note_on_c, 4, 88, 100
5, 16340, Note_on_c, 4, 88, 0
5, 16346, Note_on_c, 4, 76, 100
5, 16374, Note_on_c, 4, 76, 0
5, 16374, Note_on_c, 4, 81, 100
5, 16379, Note_on_c, 4, 93, 100
5, 16381, Note_on_c, 4, 95, 0
5, 16401, Note_on_c, 4, 81, 0
5, 16402, Note_on_c, 4, 84, 100
5, 16433, Note_on_c, 4, 84, 0
5, 16433, Note_on_c, 4, 86, 100
5, 16465, Note_on_c, 4, 79, 100
5, 16469, Note_on_c, 4, 86, 0
5, 16494, Note_on_c, 4, 83, 100
5, 16496, Note_on_c, 4, 91, 100
5, 16497, Note_on_c, 4, 79, 0
5, 16498, Note_on_c, 4, 93, 0
5, 16523, Note_on_c, 4, 86, 100
5, 16527, Note_on_c, 4, 83, 0
5, 16534, Note_on_c, 4, 86, 0
5, 16555, Note_on_c, 4, 88, 100
5, 16558, Note_on_c, 4, 91, 0
5, 16587, Note_on_c, 4, 84, 100
5, 16590, Note_on_c, 4, 88, 0
5, 16590, Note_on_c, 4, 88, 100
5, 16618, Note_on_c, 4, 84, 0
5, 16618, Note_on_c, 4, 81, 100
5, 16619, Note_on_c, 4, 90, 100
5, 16622, Note_on_c, 4, 88, 0
5, 16632, Note_on_c, 4, 90, 0
5, 16645, Note_on_c, 4, 81, 0
5, 16645, Note_on_c, 4, 84, 100
5, 16646, Note_on_c, 4, 93, 100
5, 16659, Note_on_c, 4, 93, 0
5, 16674, Note_on_c, 4, 84, 0
5, 16674, Note_on_c, 4, 78, 100
5, 16675, Note_on_c, 4, 96, 100
5, 16703, Note_on_c, 4, 78, 0
5, 16703, Note_on_c, 4, 88, 100
5, 16717, Note_on_c, 4, 96, 0
5, 16731, Note_on_c, 4, 86, 100
5, 16732, Note_on_c, 4, 90, 100
5, 16733, Note_on_c, 4, 88, 0
5, 16759, Note_on_c, 4, 90, 0
5, 16760, Note_on_c, 4, 84, 100
5, 16761, Note_on_c, 4, 86, 0
5, 16785, Note_on_c, 4, 84, 0
5, 16789, Note_on_c, 4, 91, 100
5, 16791, Note_on_c, 4, 83, 100
5, 16823, Note_on_c, 4, 83, 0
5, 16824, Note_on_c, 4, 84, 100
5, 16843, Note_on_c, 4, 84, 0
5, 16851, Note_on_c, 4, 81, 100
5, 16851, Note_on_c, 4, 79, 100
5, 16886, Note_on_c, 4, 81, 0
5, 16888, Note_on_c, 4, 83, 100
5, 16909, Note_on_c, 4, 83, 0
5, 16918, Note_on_c, 4, 84, 100
5, 16922, Note_on_c, 4, 91, 0
5, 16922, Note_on_c, 4, 93, 100
5, 16939, Note_on_c, 4, 84, 0
5, 16952, Note_on_c, 4, 86, 100
5, 16979, Note_on_c, 4, 78, 100
5, 16982, Note_on_c, 4, 79, 0
5, 16983, Note_on_c, 4, 83, 100
5, 16984, Note_on_c, 4, 86, 0
5, 17007, Note_on_c, 4, 76, 100
5, 17008, Note_on_c, 4, 78, 0
5, 17013, Note_on_c, 4, 83, 0
5, 17013, Note_on_c, 4, 84, 100
5, 17038, Note_on_c, 4, 74, 100
5, 17041, Note_on_c, 4, 76, 0
5, 17046, Note_on_c, 4, 84, 0
5, 17046, Note_on_c, 4, 86, 100
5, 17069, Note_on_c, 4, 74, 0
5, 17070, Note_on_c, 4, 76, 100
5, 17075, Note_on_c, 4, 93, 0
5, 17075, Note_on_c, 4, 91, 100
5, 17078, Note_on_c, 4, 86, 0
5, 17100, Note_on_c, 4, 72, 100
5, 17101, Note_on_c, 4, 76, 0
5, 17105, Note_on_c, 4, 88, 100
5, 17106, Note_on_c, 4, 91, 0
5, 17130, Note_on_c, 4, 72, 0
5, 17130, Note_on_c, 4, 74, 100
5, 17133, Note_on_c, 4, 88, 0
5, 17134, Note_on_c, 4, 91, 100
5, 17153, Note_on_c, 4, 91, 0
5, 17163, Note_on_c, 4, 76, 100
5, 17164, Note_on_c, 4, 74, 0
5, 17164, Note_on_c, 4, 84, 100
5, 17190, Note_on_c, 4, 74, 100
5, 17191, Note_on_c, 4, 84, 0
5, 17193, Note_on_c, 4, 95, 100
5, 17194, Note_on_c, 4, 76, 0
5, 17219, Note_on_c, 4, 72, 100
5, 17221, Note_on_c, 4, 93, 100
5, 17222, Note_on_c, 4, 95, 0
5, 17225, Note_on_c, 4, 74, 0
5, 17248, Note_on_c, 4, 71, 100
5, 17249, Note_on_c, 4, 72, 0
5, 17249, Note_on_c, 4, 91, 100
5, 17251, Note_on_c, 4, 93, 0
5, 17261, Note_on_c, 4, 91, 0
5, 17264, Note_on_c, 4, 71, 0
5, 17276, Note_on_c, 4, 69, 100
5, 17281, Note_on_c, 4, 90, 100
5, 17303, Note_on_c, 4, 69, 0
5, 17304, Note_on_c, 4, 71, 100
5, 17312, Note_on_c, 4, 91, 100
5, 17316, Note_on_c, 4, 90, 0
5, 17321, Note_on_c, 4, 71, 0
5, 17328, Note_on_c, 4, 91, 0
5, 17338, Note_on_c, 4, 72, 100
5, 17341, Note_on_c, 4, 88, 100
5, 17370, Note_on_c, 4, 88, 0
5, 17370, Note_on_c, 4, 90, 100
5, 17387, Note_on_c, 4, 90, 0
5, 17402, Note_on_c, 4, 91, 100
5, 17432, Note_on_c, 4, 88, 100
5, 17434, Note_on_c, 4, 91, 0
5, 17457, Note_on_c, 4, 71, 100
5, 17458, Note_on_c, 4, 72, 0
5, 17461, Note_on_c, 4, 88, 0
5, 17463, Note_on_c, 4, 86, 100
5, 17487, Note_on_c, 4, 69, 100
5, 17489, Note_on_c, 4, 71, 0
5, 17492, Note_on_c, 4, 84, 100
5, 17493, Note_on_c, 4, 86, 0
5, 17512, Note_on_c, 4, 84, 0
5, 17520, Note_on_c, 4, 67, 100
5, 17521, Note_on_c, 4, 69, 0
5, 17522, Note_on_c, 4, 83, 100
5, 17549, Note_on_c, 4, 67, 0
5, 17550, Note_on_c, 4, 86, 100
5, 17551, Note_on_c, 4, 83, 0
5, 17579, Note_on_c, 4, 86, 0
5, 17579, Note_on_c, 4, 91, 100
5, 17579, Note_on_c, 4, 71, 100
5, 17581, Note_on_c, 4, 83, 100
5, 17610, Note_on_c, 4, 83, 0
5, 17610, Note_on_c, 4, 79, 100
5, 17636, Note_on_c, 4, 71, 0
5, 17637, Note_on_c, 4, 72, 100
5, 17639, Note_on_c, 4, 79, 0
5, 17640, Note_on_c, 4, 81, 100
5, 17670, Note_on_c, 4, 83, 100
5, 17673, Note_on_c, 4, 81, 0
5, 17678, Note_on_c, 4, 72, 0
5, 17696, Note_on_c, 4, 74, 100
5, 17699, Note_on_c, 4, 83, 0
5, 17699, Note_on_c, 4, 89, 100
5, 17700, Note_on_c, 4, 84, 100
5, 17701, Note_on_c, 4, 91, 0
5, 17729, Note_on_c, 4, 89, 0
5, 17729, Note_on_c, 4, 88, 100
5, 17734, Note_on_c, 4, 84, 0
5, 17742, Note_on_c, 4, 74, 0
5, 17756, Note_on_c, 4, 67, 100
5, 17760, Note_on_c, 4, 83, 100
5, 17764, Note_on_c, 4, 86, 100
5, 17765, Note_on_c, 4, 88, 0
5, 17787, Note_on_c, 4, 79, 100
5, 17791, Note_on_c, 4, 88, 100
5, 17792, Note_on_c, 4, 86, 0
5, 17793, Note_on_c, 4, 67, 0
5, 17795, Note_on_c, 4, 83, 0
5, 17818, Note_on_c, 4, 88, 0
5, 17819, Note_on_c, 4, 79, 0
5, 17819, Note_on_c, 4, 76, 100
5, 17820, Note_on_c, 4, 84, 100
5, 17847, Note_on_c, 4, 79, 100
5, 17848, Note_on_c, 4, 86, 100
5, 17849, Note_on_c, 4, 84, 0
5, 17851, Note_on_c, 4, 76, 0
5, 17863, Note_on_c, 4, 79, 0
5, 17877, Note_on_c, 4, 72, 100
5, 17880, Note_on_c, 4, 88, 100
5, 17881, Note_on_c, 4, 86, 0
5, 17908, Note_on_c, 4, 83, 100
5, 17910, Note_on_c, 4, 72, 0
5, 17910, Note_on_c, 4, 86, 100
5, 17912, Note_on_c, 4, 88, 0
5, 17937, Note_on_c, 4, 81, 100
5, 17939, Note_on_c, 4, 83, 0
5, 17940, Note_on_c, 4, 84, 100
5, 17942, Note_on_c, 4, 86, 0
5, 17967, Note_on_c, 4, 79, 100
5, 17970, Note_on_c, 4, 83, 100
5, 17971, Note_on_c, 4, 81, 0
5, 17973, Note_on_c, 4, 84, 0
5, 17993, Note_on_c, 4, 79, 0
5, 17998, Note_on_c, 4, 78, 100
5, 18000, Note_on_c, 4, 81, 100
5, 18001, Note_on_c, 4, 83, 0
5, 18026, Note_on_c, 4, 79, 100
5, 18029, Note_on_c, 4, 81, 0
5, 18030, Note_on_c, 4, 83, 100
5, 18032, Note_on_c, 4, 78, 0
5, 18043, Note_on_c, 4, 83, 0
5, 18056, Note_on_c, 4, 79, 0
5, 18056, Note_on_c, 4, 76, 100
5, 18062, Note_on_c, 4, 84, 100
5, 18085, Note_on_c, 4, 76, 0
5, 18086, Note_on_c, 4, 78, 100
5, 18113, Note_on_c, 4, 78, 0
5, 18117, Note_on_c, 4, 79, 100
5, 18145, Note_on_c, 4, 79, 0
5, 18146, Note_on_c, 4, 76, 100
5, 18176, Note_on_c, 4, 76, 0
5, 18176, Note_on_c, 4, 74, 100
5, 18177, Note_on_c, 4, 83, 100
5, 18180, Note_on_c, 4, 84, 0
5, 18202, Note_on_c, 4, 74, 0
5, 18204, Note_on_c, 4, 72, 100
5, 18209, Note_on_c, 4, 81, 100
5, 18213, Note_on_c, 4, 83, 0
5, 18219, Note_on_c, 4, 72, 0
5, 18237, Note_on_c, 4, 74, 100
5, 18243, Note_on_c, 4, 83, 100
5, 18245, Note_on_c, 4, 81, 0
5, 18267, Note_on_c, 4, 83, 0
5, 18276, Note_on_c, 4, 79, 100
5, 18302, Note_on_c, 4, 77, 100
5, 18305, Note_on_c, 4, 83, 100
5, 18306, Note_on_c, 4, 79, 0
5, 18332, Note_on_c, 4, 83, 0
5, 18333, Note_on_c, 4, 86, 100
5, 18353, Note_on_c, 4, 77, 0
5, 18358, Note_on_c, 4, 76, 100
5, 18362, Note_on_c, 4, 86, 0
5, 18363, Note_on_c, 4, 91, 100
5, 18365, Note_on_c, 4, 74, 0
5, 18391, Note_on_c, 4, 84, 100
5, 18393, Note_on_c, 4, 91, 0
5, 18420, Note_on_c, 4, 88, 100
5, 18421, Note_on_c, 4, 84, 0
5, 18421, Note_on_c, 4, 79, 100
5, 18449, Note_on_c, 4, 91, 100
5, 18450, Note_on_c, 4, 88, 0
5, 18461, Note_on_c, 4, 79, 0
5, 18478, Note_on_c, 4, 77, 100
5, 18479, Note_on_c, 4, 76, 0
5, 18480, Note_on_c, 4, 93, 100
5, 18481, Note_on_c, 4, 91, 0
5, 18510, Note_on_c, 4, 89, 100
5, 18513, Note_on_c, 4, 93, 0
5, 18514, Note_on_c, 4, 77, 0
5, 18537, Note_on_c, 4, 81, 100
5, 18537, Note_on_c, 4, 77, 100
5, 18542, Note_on_c, 4, 89, 0
5, 18542, Note_on_c, 4, 86, 100
5, 18566, Note_on_c, 4, 76, 100
5, 18569, Note_on_c, 4, 77, 0
5, 18571, Note_on_c, 4, 89, 100
5, 18572, Note_on_c, 4, 86, 0
5, 18579, Note_on_c, 4, 76, 0
5, 18587, Note_on_c, 4, 89, 0
5, 18600, Note_on_c, 4, 81, 0
5, 18600, Note_on_c, 4, 74, 100
5, 18600, Note_on_c, 4, 83, 100
5, 18631, Note_on_c, 4, 93, 100
5, 18664, Note_on_c, 4, 93, 0
5, 18664, Note_on_c, 4, 91, 100
5, 18691, Note_on_c, 4, 91, 0
5, 18691, Note_on_c, 4, 89, 100
5, 18716, Note_on_c, 4, 89, 0
5, 18720, Note_on_c, 4, 88, 100
5, 18725, Note_on_c, 4, 83, 0
5, 18731, Note_on_c, 4, 74, 0
5, 18748, Note_on_c, 4, 76, 100
5, 18767, Note_on_c, 4, 76, 0
5, 18778, Note_on_c, 4, 72, 100
5, 18779, Note_on_c, 4, 79, 100
5, 18780, Note_on_c, 4, 88, 0
5, 18805, Note_on_c, 4, 79, 0
5, 18806, Note_on_c, 4, 72, 0
5, 18806, Note_on_c, 4, 71, 100
5, 18808, Note_on_c, 4, 84, 100
5, 18837, Note_on_c, 4, 71, 0
5, 18838, Note_on_c, 4, 72, 100
5, 18840, Note_on_c, 4, 84, 0
5, 18840, Note_on_c, 4, 88, 100
5, 18840, Note_on_c, 4, 93, 100
5, 18871, Note_on_c, 4, 81, 100
5, 18874, Note_on_c, 4, 88, 0
5, 18880, Note_on_c, 4, 72, 0
5, 18900, Note_on_c, 4, 81, 0
5, 18900, Note_on_c, 4, 76, 100
5, 18901, Note_on_c, 4, 84, 100
5, 18929, Note_on_c, 4, 88, 100
5, 18933, Note_on_c, 4, 84, 0
5, 18951, Note_on_c, 4, 88, 0
5, 18958, Note_on_c, 4, 89, 100
5, 18985, Note_on_c, 4, 89, 0
5, 18989, Note_on_c, 4, 86, 100
5, 19014, Note_on_c, 4, 74, 100
5, 19018, Note_on_c, 4, 76, 0
5, 19019, Note_on_c, 4, 83, 100
5, 19020, Note_on_c, 4, 86, 0
5, 19045, Note_on_c, 4, 72, 100
5, 19047, Note_on_c, 4, 74, 0
5, 19048, Note_on_c, 4, 83, 0
5, 19048, Note_on_c, 4, 86, 100
5, 19073, Note_on_c, 4, 86, 0
5, 19075, Note_on_c, 4, 72, 0
5, 19076, Note_on_c, 4, 79, 100
5, 19076, Note_on_c, 4, 74, 100
5, 19077, Note_on_c, 4, 95, 100
5, 19078, Note_on_c, 4, 93, 0
5, 19099, Note_on_c, 4, 79, 0
5, 19106, Note_on_c, 4, 89, 100
5, 19115, Note_on_c, 4, 74, 0
5, 19135, Note_on_c, 4, 89, 0
5, 19136, Note_on_c, 4, 88, 100
5, 19144, Note_on_c, 4, 77, 100
5, 19167, Note_on_c, 4, 88, 0
5, 19168, Note_on_c, 4, 86, 100
5, 19194, Note_on_c, 4, 95, 0
5, 19194, Note_on_c, 4, 91, 100
5, 19195, Note_on_c, 4, 86, 0
5, 19195, Note_on_c, 4, 96, 100
5, 19222, Note_on_c, 4, 91, 0
5, 19227, Note_on_c, 4, 88, 100
5, 19250, Note_on_c, 4, 77, 0
5, 19252, Note_on_c, 4, 88, 0
5, 19253, Note_on_c, 4, 76, 100
5, 19257, Note_on_c, 4, 84, 100
5, 19278, Note_on_c, 4, 84, 0
5, 19285, Note_on_c, 4, 91, 100
5, 19306, Note_on_c, 4, 91, 0
5, 19315, Note_on_c, 4, 81, 100
5, 19335, Note_on_c, 4, 81, 0
5, 19346, Note_on_c, 4, 91, 100
5, 19366, Note_on_c, 4, 91, 0
5, 19374, Note_on_c, 4, 74, 100
5, 19375, Note_on_c, 4, 76, 0
5, 19376, Note_on_c, 4, 89, 100
5, 19390, Note_on_c, 4, 89, 0
5, 19402, Note_on_c, 4, 72, 100
5, 19404, Note_on_c, 4, 88, 100
5, 19405, Note_on_c, 4, 74, 0
5, 19412, Note_on_c, 4, 88, 0
5, 19426, Note_on_c, 4, 96, 0
5, 19428, Note_on_c, 4, 72, 0
5, 19431, Note_on_c, 4, 86, 100
5, 19432, Note_on_c, 4, 71, 100
5, 19460, Note_on_c, 4, 71, 0
5, 19460, Note_on_c, 4, 72, 100
5, 19489, Note_on_c, 4, 69, 100
5, 19490, Note_on_c, 4, 72, 0
5, 19490, Note_on_c, 4, 98, 100
5, 19519, Note_on_c, 4, 71, 100
5, 19522, Note_on_c, 4, 69, 0
5, 19548, Note_on_c, 4, 86, 0
5, 19549, Note_on_c, 4, 88, 100
5, 19550, Note_on_c, 4, 71, 0
5, 19550, Note_on_c, 4, 72, 100
5, 19577, Note_on_c, 4, 71, 100
5, 19582, Note_on_c, 4, 72, 0
5, 19604, Note_on_c, 4, 98, 0
5, 19608, Note_on_c, 4, 69, 100
5, 19610, Note_on_c, 4, 71, 0
5, 19612, Note_on_c, 4, 96, 100
5, 19612, Note_on_c, 4, 90, 100
5, 19613, Note_on_c, 4, 88, 0
5, 19639, Note_on_c, 4, 67, 100
5, 19643, Note_on_c, 4, 69, 0
5, 19654, Note_on_c, 4, 96, 0
5, 19657, Note_on_c, 4, 90, 0
5, 19666, Note_on_c, 4, 67, 0
5, 19668, Note_on_c, 4, 74, 100
5, 19675, Note_on_c, 4, 95, 100
5, 19675, Note_on_c, 4, 91, 100
5, 19710, Note_on_c, 4, 96, 100
5, 19712, Note_on_c, 4, 95, 0
5, 19721, Note_on_c, 4, 74, 0
5, 19736, Note_on_c, 4, 96, 0
5, 19738, Note_on_c, 4, 72, 100
5, 19738, Note_on_c, 4, 93, 100
5, 19746, Note_on_c, 4, 91, 0
5, 19762, Note_on_c, 4, 72, 0
5, 19765, Note_on_c, 4, 93, 0
5, 19765, Note_on_c, 4, 74, 100
5, 19766, Note_on_c, 4, 95, 100
5, 19777, Note_on_c, 4, 95, 0
5, 19778, Note_on_c, 4, 74, 0
5, 19794, Note_on_c, 4, 76, 100
5, 19798, Note_on_c, 4, 96, 100
5, 19829, Note_on_c, 4, 94, 100
5, 19832, Note_on_c, 4, 96, 0
5, 19860, Note_on_c, 4, 94, 0
5, 19861, Note_on_c, 4, 93, 100
5, 19892, Note_on_c, 4, 93, 0
5, 19892, Note_on_c, 4, 91, 100
5, 19917, Note_on_c, 4, 91, 0
5, 19923, Note_on_c, 4, 93, 100
5, 19953, Note_on_c, 4, 81, 100
5, 19954, Note_on_c, 4, 93, 0
5, 19978, Note_on_c, 4, 76, 0
5, 19980, Note_on_c, 4, 74, 100
5, 19985, Note_on_c, 4, 86, 100
5, 19987, Note_on_c, 4, 81, 0
5, 19998, Note_on_c, 4, 74, 0
5, 20007, Note_on_c, 4, 73, 100
5, 20013, Note_on_c, 4, 89, 100
5, 20015, Note_on_c, 4, 86, 0
5, 20018, Note_on_c, 4, 73, 0
5, 20040, Note_on_c, 4, 74, 100
5, 20042, Note_on_c, 4, 89, 0
5, 20044, Note_on_c, 4, 93, 100
5, 20065, Note_on_c, 4, 93, 0
5, 20074, Note_on_c, 4, 86, 100
5, 20102, Note_on_c, 4, 86, 0
5, 20102, Note_on_c, 4, 89, 100
5, 20132, Note_on_c, 4, 89, 0
5, 20132, Note_on_c, 4, 93, 100
5, 20162, Note_on_c, 4, 94, 100
5, 20164, Note_on_c, 4, 93, 0
5, 20190, Note_on_c, 4, 94, 0
5, 20190, Note_on_c, 4, 91, 100
5, 20195, Note_on_c, 4, 74, 0
5, 20217, Note_on_c, 4, 73, 100
5, 20221, Note_on_c, 4, 88, 100
5, 20222, Note_on_c, 4, 91, 0
5, 20236, Note_on_c, 4, 73, 0
5, 20245, Note_on_c, 4, 74, 100
5, 20249, Note_on_c, 4, 91, 100
5, 20251, Note_on_c, 4, 88, 0
5, 20260, Note_on_c, 4, 74, 0
5, 20271, Note_on_c, 4, 91, 0
5, 20276, Note_on_c, 4, 76, 100
5, 20280, Note_on_c, 4, 85, 100
5, 20293, Note_on_c, 4, 85, 0
5, 20309, Note_on_c, 4, 94, 100
5, 20338, Note_on_c, 4, 94, 0
5, 20340, Note_on_c, 4, 93, 100
5, 20340, Note_on_c, 4, 97, 100
5, 20363, Note_on_c, 4, 76, 0
5, 20363, Note_on_c, 4, 97, 0
5, 20369, Note_on_c, 4, 93, 0
5, 20369, Note_on_c, 4, 91, 100
5, 20395, Note_on_c, 4, 69, 100
5, 20399, Note_on_c, 4, 91, 0
5, 20399, Note_on_c, 4, 98, 100
5, 20400, Note_on_c, 4, 89, 100
5, 20425, Note_on_c, 4, 89, 0
5, 20426, Note_on_c, 4, 98, 0
5, 20428, Note_on_c, 4, 100, 100
5, 20457, Note_on_c, 4, 81, 100
5, 20459, Note_on_c, 4, 100, 0
5, 20459, Note_on_c, 4, 101, 100
5, 20486, Note_on_c, 4, 101, 0
5, 20487, Note_on_c, 4, 100, 100
5, 20499, Note_on_c, 4, 81, 0
5, 20503, Note_on_c, 4, 69, 0
5, 20515, Note_on_c, 4, 83, 100
5, 20518, Note_on_c, 4, 100, 0
5, 20518, Note_on_c, 4, 98, 100
5, 20549, Note_on_c, 4, 98, 0
5, 20549, Note_on_c, 4, 96, 100
5, 20550, Note_on_c, 4, 83, 0
5, 20575, Note_on_c, 4, 96, 0
5, 20576, Note_on_c, 4, 95, 100
5, 20577, Note_on_c, 4, 77, 100
5, 20577, Note_on_c, 4, 86, 100
5, 20606, Note_on_c, 4, 93, 100
5, 20607, Note_on_c, 4, 95, 0
5, 20621, Note_on_c, 4, 86, 0
5, 20626, Note_on_c, 4, 93, 0
5, 20637, Note_on_c, 4, 76, 100
5, 20638, Note_on_c, 4, 88, 100
5, 20638, Note_on_c, 4, 92, 100
5, 20639, Note_on_c, 4, 77, 0
5, 20661, Note_on_c, 4, 88, 0
5, 20667, Note_on_c, 4, 86, 100
5, 20681, Note_on_c, 4, 86, 0
5, 20689, Note_on_c, 4, 92, 0
5, 20697, Note_on_c, 4, 93, 100
5, 20699, Note_on_c, 4, 84, 100
5, 20723, Note_on_c, 4, 84, 0
5, 20724, Note_on_c, 4, 83, 100
5, 20732, Note_on_c, 4, 93, 0
5, 20732, Note_on_c, 4, 83, 0
5, 20754, Note_on_c, 4, 95, 100
5, 20757, Note_on_c, 4, 80, 100
5, 20762, Note_on_c, 4, 76, 0
5, 20783, Note_on_c, 4, 77, 100
5, 20813, Note_on_c, 4, 76, 100
5, 20814, Note_on_c, 4, 77, 0
5, 20836, Note_on_c, 4, 76, 0
5, 20840, Note_on_c, 4, 74, 100
5, 20850, Note_on_c, 4, 74, 0
5, 20871, Note_on_c, 4, 72, 100
5, 20875, Note_on_c, 4, 95, 0
5, 20895, Note_on_c, 4, 80, 0
5, 20910, Note_on_c, 4, 88, 100
5, 20939, Note_on_c, 4, 93, 100
5, 20940, Note_on_c, 4, 76, 100
5, 20944, Note_on_c, 4, 88, 0
5, 20968, Note_on_c, 4, 93, 0
5, 20968, Note_on_c, 4, 96, 100
5, 20973, Note_on_c, 4, 76, 0
5, 20998, Note_on_c, 4, 96, 0
5, 20998, Note_on_c, 4, 81, 100
5, 20998, Note_on_c, 4, 100, 100
5, 21004, Note_on_c, 4, 72, 0
5, 21024, Note_on_c, 4, 100, 0
5, 21029, Note_on_c, 4, 93, 100
5, 21053, Note_on_c, 4, 72, 100
5, 21059, Note_on_c, 4, 93, 0
5, 21059, Note_on_c, 4, 96, 100
5, 21075, Note_on_c, 4, 72, 0
5, 21088, Note_on_c, 4, 100, 100
5, 21090, Note_on_c, 4, 96, 0
5, 21114, Note_on_c, 4, 71, 100
5, 21118, Note_on_c, 4, 101, 100
5, 21120, Note_on_c, 4, 100, 0
5, 21138, Note_on_c, 4, 81, 0
5, 21149, Note_on_c, 4, 98, 100
5, 21150, Note_on_c, 4, 101, 0
5, 21171, Note_on_c, 4, 80, 100
5, 21180, Note_on_c, 4, 95, 100
5, 21181, Note_on_c, 4, 98, 0
5, 21186, Note_on_c, 4, 80, 0
5, 21205, Note_on_c, 4, 81, 100
5, 21208, Note_on_c, 4, 98, 100
5, 21211, Note_on_c, 4, 95, 0
5, 21222, Note_on_c, 4, 81, 0
5, 21238, Note_on_c, 4, 83, 100
5, 21239, Note_on_c, 4, 92, 100
5, 21240, Note_on_c, 4, 98, 0
5, 21265, Note_on_c, 4, 83, 0
5, 21267, Note_on_c, 4, 71, 0
5, 21271, Note_on_c, 4, 101, 100
5, 21272, Note_on_c, 4, 92, 0
5, 21292, Note_on_c, 4, 101, 0
5, 21296, Note_on_c, 4, 76, 100
5, 21297, Note_on_c, 4, 80, 100
5, 21300, Note_on_c, 4, 100, 100
5, 21328, Note_on_c, 4, 98, 100
5, 21329, Note_on_c, 4, 80, 0
5, 21330, Note_on_c, 4, 100, 0
5, 21331, Note_on_c, 4, 76, 0
5, 21335, Note_on_c, 4, 98, 0
5, 21357, Note_on_c, 4, 69, 100
5, 21357, Note_on_c, 4, 81, 100
5, 21360, Note_on_c, 4, 96, 100
5, 21374, Note_on_c, 4, 81, 0
5, 21383, Note_on_c, 4, 69, 0
5, 21388, Note_on_c, 4, 93, 100
5, 21391, Note_on_c, 4, 96, 0
5, 21417, Note_on_c, 4, 81, 100
5, 21418, Note_on_c, 4, 90, 100
5, 21418, Note_on_c, 4, 84, 100
5, 21419, Note_on_c, 4, 93, 0
5, 21449, Note_on_c, 4, 93, 100
5, 21453, Note_on_c, 4, 90, 0
5, 21461, Note_on_c, 4, 84, 0
5, 21461, Note_on_c, 4, 93, 0
5, 21462, Note_on_c, 4, 81, 0
5, 21476, Note_on_c, 4, 78, 100
5, 21476, Note_on_c, 4, 81, 100
5, 21479, Note_on_c, 4, 87, 100
5, 21501, Note_on_c, 4, 81, 0
5, 21502, Note_on_c, 4, 78, 0
5, 21506, Note_on_c, 4, 87, 0
5, 21509, Note_on_c, 4, 96, 100
5, 21527, Note_on_c, 4, 96, 0
5, 21535, Note_on_c, 4, 78, 100
5, 21536, Note_on_c, 4, 75, 100
5, 21540, Note_on_c, 4, 95, 100
5, 21562, Note_on_c, 4, 75, 0
5, 21563, Note_on_c, 4, 78, 0
5, 21568, Note_on_c, 4, 93, 100
5, 21570, Note_on_c, 4, 95, 0
5, 21576, Note_on_c, 4, 93, 0
5, 21597, Note_on_c, 4, 76, 100
5, 21600, Note_on_c, 4, 92, 100
5, 21632, Note_on_c, 4, 88, 100
5, 21637, Note_on_c, 4, 76, 0
5, 21650, Note_on_c, 4, 88, 0
5, 21661, Note_on_c, 4, 64, 100
5, 21663, Note_on_c, 4, 83, 100
5, 21687, Note_on_c, 4, 83, 0
5, 21691, Note_on_c, 4, 86, 100
5, 21695, Note_on_c, 4, 92, 0
5, 21701, Note_on_c, 4, 64, 0
5, 21703, Note_on_c, 4, 86, 0
5, 21721, Note_on_c, 4, 85, 100
5, 21753, Note_on_c, 4, 94, 100
5, 21756, Note_on_c, 4, 85, 0
5, 21780, Note_on_c, 4, 69, 100
5, 21781, Note_on_c, 4, 94, 0
5, 21783, Note_on_c, 4, 93, 100
5, 21805, Note_on_c, 4, 69, 0
5, 21809, Note_on_c, 4, 93, 0
5, 21812, Note_on_c, 4, 91, 100
5, 21824, Note_on_c, 4, 91, 0
5, 21840, Note_on_c, 4, 74, 100
5, 21843, Note_on_c, 4, 90, 100
5, 21871, Note_on_c, 4, 74, 0
5, 21871, Note_on_c, 4, 86, 100
5, 21900, Note_on_c, 4, 62, 100
5, 21900, Note_on_c, 4, 81, 100
5, 21902, Note_on_c, 4, 86, 0
5, 21917, Note_on_c, 4, 81, 0
5, 21930, Note_on_c, 4, 84, 100
5, 21942, Note_on_c, 4, 62, 0
5, 21942, Note_on_c, 4, 84, 0
5, 21950, Note_on_c, 4, 90, 0
5, 21963, Note_on_c, 4, 83, 100
5, 21991, Note_on_c, 4, 93, 100
5, 22019, Note_on_c, 4, 67, 100
5, 22022, Note_on_c, 4, 93, 0
5, 22022, Note_on_c, 4, 91, 100
5, 22034, Note_on_c, 4, 67, 0
5, 22047, Note_on_c, 4, 91, 0
5, 22054, Note_on_c, 4, 89, 100
5, 22063, Note_on_c, 4, 89, 0
5, 22082, Note_on_c, 4, 88, 100
5, 22083, Note_on_c, 4, 72, 100
5, 22088, Note_on_c, 4, 83, 0
5, 22114, Note_on_c, 4, 88, 0
5, 22116, Note_on_c, 4, 76, 100
5, 22135, Note_on_c, 4, 76, 0
5, 22148, Note_on_c, 4, 81, 100
5, 22175, Note_on_c, 4, 81, 0
5, 22183, Note_on_c, 4, 84, 100
5, 22199, Note_on_c, 4, 84, 0
5, 22213, Note_on_c, 4, 88, 100
5, 22241, Note_on_c, 4, 88, 0
5, 22241, Note_on_c, 4, 81, 100
5, 22269, Note_on_c, 4, 81, 0
5, 22269, Note_on_c, 4, 84, 100
5, 22270, Note_on_c, 4, 72, 0
5, 22294, Note_on_c, 4, 88, 100
5, 22295, Note_on_c, 4, 84, 0
5, 22307, Note_on_c, 4, 88, 0
5, 22320, Note_on_c, 4, 73, 100
5, 22324, Note_on_c, 4, 91, 100
5, 22325, Note_on_c, 4, 94, 100
5, 22353, Note_on_c, 4, 88, 100
5, 22357, Note_on_c, 4, 91, 0
5, 22381, Note_on_c, 4, 85, 100
5, 22382, Note_on_c, 4, 88, 0
5, 22407, Note_on_c, 4, 85, 0
5, 22407, Note_on_c, 4, 88, 100
5, 22436, Note_on_c, 4, 73, 0
5, 22437, Note_on_c, 4, 88, 0
5, 22438, Note_on_c, 4, 94, 0
5, 22438, Note_on_c, 4, 82, 100
5, 22467, Note_on_c, 4, 82, 0
5, 22469, Note_on_c, 4, 91, 100
5, 22497, Note_on_c, 4, 90, 100
5, 22498, Note_on_c, 4, 91, 0
5, 22524, Note_on_c, 4, 88, 100
5, 22525, Note_on_c, 4, 90, 0
5, 22541, Note_on_c, 4, 88, 0
5, 22554, Note_on_c, 4, 87, 100
5, 22555, Note_on_c, 4, 95, 100
5, 22581, Note_on_c, 4, 71, 100
5, 22588, Note_on_c, 4, 95, 0
5, 22604, Note_on_c, 4, 87, 0
5, 22613, Note_on_c, 4, 75, 100
5, 22615, Note_on_c, 4, 71, 0
5, 22619, Note_on_c, 4, 93, 100
5, 22620, Note_on_c, 4, 90, 100
5, 22641, Note_on_c, 4, 75, 0
5, 22641, Note_on_c, 4, 78, 100
5, 22643, Note_on_c, 4, 93, 0
5, 22675, Note_on_c, 4, 78, 0
5, 22676, Note_on_c, 4, 91, 100
5, 22676, Note_on_c, 4, 83, 100
5, 22697, Note_on_c, 4, 83, 0
5, 22705, Note_on_c, 4, 76, 100
5, 22709, Note_on_c, 4, 90, 0
5, 22736, Note_on_c, 4, 88, 100
5, 22737, Note_on_c, 4, 79, 100
5, 22739, Note_on_c, 4, 76, 0
5, 22765, Note_on_c, 4, 83, 100
5, 22766, Note_on_c, 4, 79, 0
5, 22794, Note_on_c, 4, 91, 0
5, 22794, Note_on_c, 4, 83, 0
5, 22795, Note_on_c, 4, 84, 100
5, 22796, Note_on_c, 4, 90, 100
5, 22824, Note_on_c, 4, 81, 100
5, 22826, Note_on_c, 4, 84, 0
5, 22829, Note_on_c, 4, 91, 100
5, 22830, Note_on_c, 4, 90, 0
5, 22855, Note_on_c, 4, 78, 100
5, 22856, Note_on_c, 4, 81, 0
5, 22857, Note_on_c, 4, 93, 100
5, 22858, Note_on_c, 4, 91, 0
5, 22858, Note_on_c, 4, 87, 100
5, 22860, Note_on_c, 4, 88, 0
5, 22883, Note_on_c, 4, 78, 0
5, 22883, Note_on_c, 4, 81, 100
5, 22885, Note_on_c, 4, 88, 100
5, 22886, Note_on_c, 4, 87, 0
5, 22898, Note_on_c, 4, 88, 0
5, 22900, Note_on_c, 4, 81, 0
5, 22912, Note_on_c, 4, 75, 100
5, 22916, Note_on_c, 4, 90, 100
5, 22942, Note_on_c, 4, 75, 0
5, 22942, Note_on_c, 4, 84, 100
5, 22969, Note_on_c, 4, 83, 100
5, 22972, Note_on_c, 4, 84, 0
5, 22999, Note_on_c, 4, 81, 100
5, 23002, Note_on_c, 4, 83, 0
5, 23020, Note_on_c, 4, 81, 0
5, 23030, Note_on_c, 4, 79, 100
5, 23062, Note_on_c, 4, 76, 100
5, 23064, Note_on_c, 4, 79, 0
5, 23092, Note_on_c, 4, 76, 0
5, 23092, Note_on_c, 4, 79, 100
5, 23098, Note_on_c, 4, 91, 100
5, 23099, Note_on_c, 4, 88, 100
5, 23100, Note_on_c, 4, 90, 0
5, 23101, Note_on_c, 4, 93, 0
5, 23122, Note_on_c, 4, 79, 0
5, 23123, Note_on_c, 4, 83, 100
5, 23153, Note_on_c, 4, 73, 100
5, 23154, Note_on_c, 4, 83, 0
5, 23161, Note_on_c, 4, 91, 0
5, 23163, Note_on_c, 4, 88, 0
5, 23184, Note_on_c, 4, 82, 100
5, 23185, Note_on_c, 4, 73, 0
5, 23214, Note_on_c, 4, 82, 0
5, 23214, Note_on_c, 4, 81, 100
5, 23215, Note_on_c, 4, 88, 100
5, 23215, Note_on_c, 4, 91, 100
5, 23231, Note_on_c, 4, 91, 0
5, 23232, Note_on_c, 4, 88, 0
5, 23242, Note_on_c, 4, 79, 100
5, 23245, Note_on_c, 4, 81, 0
5, 23268, Note_on_c, 4, 79, 0
5, 23272, Note_on_c, 4, 77, 100
5, 23274, Note_on_c, 4, 88, 100
5, 23274, Note_on_c, 4, 91, 100
5, 23304, Note_on_c, 4, 74, 100
5, 23305, Note_on_c, 4, 77, 0
5, 23333, Note_on_c, 4, 91, 0
5, 23333, Note_on_c, 4, 77, 100
5, 23334, Note_on_c, 4, 89, 100
5, 23335, Note_on_c, 4, 88, 0
5, 23335, Note_on_c, 4, 74, 0
5, 23335, Note_on_c, 4, 86, 100
5, 23364, Note_on_c, 4, 77, 0
5, 23364, Note_on_c, 4, 81, 100
5, 23366, Note_on_c, 4, 89, 0
5, 23388, Note_on_c, 4, 86, 0
5, 23392, Note_on_c, 4, 81, 0
5, 23393, Note_on_c, 4, 71, 100
5, 23426, Note_on_c, 4, 81, 100
5, 23427, Note_on_c, 4, 71, 0
5, 23451, Note_on_c, 4, 89, 100
5, 23452, Note_on_c, 4, 98, 100
5, 23455, Note_on_c, 4, 81, 0
5, 23455, Note_on_c, 4, 79, 100
5, 23467, Note_on_c, 4, 98, 0
5, 23468, Note_on_c, 4, 89, 0
5, 23480, Note_on_c, 4, 77, 100
5, 23486, Note_on_c, 4, 79, 0
5, 23498, Note_on_c, 4, 77, 0
5, 23509, Note_on_c, 4, 76, 100
5, 23514, Note_on_c, 4, 98, 100
5, 23515, Note_on_c, 4, 89, 100
5, 23544, Note_on_c, 4, 76, 0
5, 23544, Note_on_c, 4, 72, 100
5, 23574, Note_on_c, 4, 76, 100
5, 23576, Note_on_c, 4, 72, 0
5, 23578, Note_on_c, 4, 98, 0
5, 23578, Note_on_c, 4, 96, 100
5, 23579, Note_on_c, 4, 89, 0
5, 23579, Note_on_c, 4, 88, 100
5, 23604, Note_on_c, 4, 76, 0
5, 23604, Note_on_c, 4, 79, 100
5, 23634, Note_on_c, 4, 79, 0
5, 23635, Note_on_c, 4, 88, 0
5, 23635, Note_on_c, 4, 69, 100
5, 23639, Note_on_c, 4, 96, 0
5, 23665, Note_on_c, 4, 69, 0
5, 23665, Note_on_c, 4, 79, 100
5, 23695, Note_on_c, 4, 77, 100
5, 23697, Note_on_c, 4, 79, 0
5, 23699, Note_on_c, 4, 93, 100
5, 23699, Note_on_c, 4, 96, 100
5, 23715, Note_on_c, 4, 93, 0
5, 23716, Note_on_c, 4, 96, 0
5, 23723, Note_on_c, 4, 76, 100
5, 23727, Note_on_c, 4, 77, 0
5, 23743, Note_on_c, 4, 76, 0
5, 23755, Note_on_c, 4, 74, 100
5, 23762, Note_on_c, 4, 96, 100
5, 23762, Note_on_c, 4, 93, 100
5, 23791, Note_on_c, 4, 71, 100
5, 23795, Note_on_c, 4, 74, 0
5, 23820, Note_on_c, 4, 71, 0
5, 23820, Note_on_c, 4, 74, 100
5, 23822, Note_on_c, 4, 96, 0
5, 23822, Note_on_c, 4, 92, 100
5, 23823, Note_on_c, 4, 95, 100
5, 23826, Note_on_c, 4, 93, 0
5, 23847, Note_on_c, 4, 74, 0
5, 23847, Note_on_c, 4, 77, 100
5, 23876, Note_on_c, 4, 77, 0
5, 23877, Note_on_c, 4, 68, 100
5, 23883, Note_on_c, 4, 92, 0
5, 23884, Note_on_c, 4, 95, 0
5, 23908, Note_on_c, 4, 77, 100
5, 23910, Note_on_c, 4, 68, 0
5, 23936, Note_on_c, 4, 76, 100
5, 23937, Note_on_c, 4, 77, 0
5, 23937, Note_on_c, 4, 86, 100
5, 23938, Note_on_c, 4, 83, 100
5, 23954, Note_on_c, 4, 83, 0
5, 23955, Note_on_c, 4, 86, 0
5, 23964, Note_on_c, 4, 74, 100
5, 23969, Note_on_c, 4, 76, 0
5, 23983, Note_on_c, 4, 74, 0
5, 23994, Note_on_c, 4, 72, 100
5, 24000, Note_on_c, 4, 86, 100
5, 24000, Note_on_c, 4, 83, 100
5, 24026, Note_on_c, 4, 69, 100
5, 24027, Note_on_c, 4, 72, 0
5, 24056, Note_on_c, 4, 72, 100
5, 24059, Note_on_c, 4, 69, 0
5, 24065, Note_on_c, 4, 86, 0
5, 24065, Note_on_c, 4, 84, 100
5, 24065, Note_on_c, 4, 81, 100
5, 24068, Note_on_c, 4, 83, 0
5, 24085, Note_on_c, 4, 72, 0
5, 24086, Note_on_c, 4, 76, 100
5, 24119, Note_on_c, 4, 66, 100
5, 24120, Note_on_c, 4, 76, 0
5, 24125, Note_on_c, 4, 84, 0
5, 24126, Note_on_c, 4, 81, 0
5, 24150, Note_on_c, 4, 66, 0
5, 24150, Note_on_c, 4, 76, 100
5, 24175, Note_on_c, 4, 93, 100
5, 24175, Note_on_c, 4, 90, 100
5, 24179, Note_on_c, 4, 75, 100
5, 24183, Note_on_c, 4, 76, 0
5, 24189, Note_on_c, 4, 93, 0
5, 24190, Note_on_c, 4, 90, 0
5, 24205, Note_on_c, 4, 73, 100
5, 24211, Note_on_c, 4, 75, 0
5, 24224, Note_on_c, 4, 73, 0
5, 24233, Note_on_c, 4, 71, 100
5, 24234, Note_on_c, 4, 93, 100
5, 24235, Note_on_c, 4, 90, 100
5, 24262, Note_on_c, 4, 67, 100
5, 24263, Note_on_c, 4, 71, 0
5, 24288, Note_on_c, 4, 71, 100
5, 24290, Note_on_c, 4, 67, 0
5, 24294, Note_on_c, 4, 93, 0
5, 24297, Note_on_c, 4, 91, 100
5, 24320, Note_on_c, 4, 90, 0
5, 24322, Note_on_c, 4, 75, 100
5, 24326, Note_on_c, 4, 71, 0
5, 24341, Note_on_c, 4, 75, 0
5, 24354, Note_on_c, 4, 88, 100
5, 24356, Note_on_c, 4, 79, 100
5, 24381, Note_on_c, 4, 76, 100
5, 24384, Note_on_c, 4, 79, 0
5, 24409, Note_on_c, 4, 76, 0
5, 24410, Note_on_c, 4, 79, 100
5, 24413, Note_on_c, 4, 86, 100
5, 24414, Note_on_c, 4, 88, 0
5, 24438, Note_on_c, 4, 82, 100
5, 24439, Note_on_c, 4, 79, 0
5, 24461, Note_on_c, 4, 82, 0
5, 24467, Note_on_c, 4, 73, 100
5, 24474, Note_on_c, 4, 86, 0
5, 24475, Note_on_c, 4, 88, 100
5, 24497, Note_on_c, 4, 69, 100
5, 24498, Note_on_c, 4, 73, 0
5, 24530, Note_on_c, 4, 73, 100
5, 24532, Note_on_c, 4, 91, 0
5, 24534, Note_on_c, 4, 69, 0
5, 24534, Note_on_c, 4, 93, 100
5, 24558, Note_on_c, 4, 73, 0
5, 24558, Note_on_c, 4, 76, 100
5, 24564, Note_on_c, 4, 91, 100
5, 24568, Note_on_c, 4, 93, 0
5, 24590, Note_on_c, 4, 81, 100
5, 24591, Note_on_c, 4, 76, 0
5, 24598, Note_on_c, 4, 89, 100
5, 24601, Note_on_c, 4, 91, 0
5, 24621, Note_on_c, 4, 77, 100
5, 24623, Note_on_c, 4, 81, 0
5, 24652, Note_on_c, 4, 74, 100
5, 24654, Note_on_c, 4, 77, 0
5, 24660, Note_on_c, 4, 86, 100
5, 24663, Note_on_c, 4, 88, 0
5, 24681, Note_on_c, 4, 74, 0
5, 24681, Note_on_c, 4, 77, 100
5, 24691, Note_on_c, 4, 84, 100
5, 24692, Note_on_c, 4, 86, 0
5, 24703, Note_on_c, 4, 77, 0
5, 24717, Note_on_c, 4, 71, 100
5, 24721, Note_on_c, 4, 84, 0
5, 24721, Note_on_c, 4, 86, 100
5, 24748, Note_on_c, 4, 67, 100
5, 24749, Note_on_c, 4, 71, 0
5, 24774, Note_on_c, 4, 71, 100
5, 24776, Note_on_c, 4, 67, 0
5, 24785, Note_on_c, 4, 89, 0
5, 24786, Note_on_c, 4, 91, 100
5, 24803, Note_on_c, 4, 71, 0
5, 24803, Note_on_c, 4, 74, 100
5, 24817, Note_on_c, 4, 91, 0
5, 24817, Note_on_c, 4, 89, 100
5, 24842, Note_on_c, 4, 74, 0
5, 24842, Note_on_c, 4, 79, 100
5, 24846, Note_on_c, 4, 89, 0
5, 24848, Note_on_c, 4, 88, 100
5, 24873, Note_on_c, 4, 76, 100
5, 24875, Note_on_c, 4, 84, 100
5, 24876, Note_on_c, 4, 79, 0
5, 24877, Note_on_c, 4, 86, 0
5, 24889, Note_on_c, 4, 88, 0
5, 24905, Note_on_c, 4, 72, 100
5, 24906, Note_on_c, 4, 93, 100
5, 24907, Note_on_c, 4, 76, 0
5, 24910, Note_on_c, 4, 84, 0
5, 24931, Note_on_c, 4, 72, 0
5, 24931, Note_on_c, 4, 76, 100
5, 24935, Note_on_c, 4, 84, 100
5, 24947, Note_on_c, 4, 84, 0
5, 24960, Note_on_c, 4, 76, 0
5, 24962, Note_on_c, 4, 74, 100
5, 24968, Note_on_c, 4, 83, 100
5, 24999, Note_on_c, 4, 83, 0
5, 24999, Note_on_c, 4, 84, 100
5, 25027, Note_on_c, 4, 72, 100
5, 25028, Note_on_c, 4, 74, 0
5, 25028, Note_on_c, 4, 81, 100
5, 25030, Note_on_c, 4, 84, 0
5, 25056, Note_on_c, 4, 74, 100
5, 25057, Note_on_c, 4, 83, 100
5, 25058, Note_on_c, 4, 72, 0
5, 25059, Note_on_c, 4, 81, 0
5, 25082, Note_on_c, 4, 74, 0
5, 25083, Note_on_c, 4, 76, 100
5, 25086, Note_on_c, 4, 91, 100
5, 25087, Note_on_c, 4, 93, 0
5, 25087, Note_on_c, 4, 84, 100
5, 25089, Note_on_c, 4, 83, 0
5, 25117, Note_on_c, 4, 83, 100
5, 25118, Note_on_c, 4, 84, 0
5, 25144, Note_on_c, 4, 81, 100
5, 25146, Note_on_c, 4, 81, 100
5, 25147, Note_on_c, 4, 83, 0
5, 25171, Note_on_c, 4, 81, 0
5, 25171, Note_on_c, 4, 79, 100
5, 25177, Note_on_c, 4, 79, 100
5, 25181, Note_on_c, 4, 81, 0
5, 25197, Note_on_c, 4, 79, 0
5, 25199, Note_on_c, 4, 79, 0
5, 25201, Note_on_c, 4, 78, 100
5, 25222, Note_on_c, 4, 76, 0
5, 25235, Note_on_c, 4, 96, 100
5, 25236, Note_on_c, 4, 91, 0
5, 25256, Note_on_c, 4, 74, 100
5, 25264, Note_on_c, 4, 96, 0
5, 25264, Note_on_c, 4, 95, 100
5, 25293, Note_on_c, 4, 96, 100
5, 25294, Note_on_c, 4, 95, 0
5, 25320, Note_on_c, 4, 72, 100
5, 25321, Note_on_c, 4, 74, 0
5, 25321, Note_on_c, 4, 98, 100
5, 25323, Note_on_c, 4, 96, 0
5, 25324, Note_on_c, 4, 78, 0
5, 25351, Note_on_c, 4, 96, 100
5, 25353, Note_on_c, 4, 98, 0
5, 25379, Note_on_c, 4, 78, 100
5, 25382, Note_on_c, 4, 95, 100
5, 25384, Note_on_c, 4, 96, 0
5, 25409, Note_on_c, 4, 78, 0
5, 25410, Note_on_c, 4, 95, 0
5, 25410, Note_on_c, 4, 93, 100
5, 25435, Note_on_c, 4, 72, 0
5, 25436, Note_on_c, 4, 93, 0
5, 25436, Note_on_c, 4, 79, 100
5, 25437, Note_on_c, 4, 74, 100
5, 25439, Note_on_c, 4, 95, 100
5, 25464, Note_on_c, 4, 86, 100
5, 25473, Note_on_c, 4, 95, 0
5, 25494, Note_on_c, 4, 93, 100
5, 25495, Note_on_c, 4, 84, 100
5, 25497, Note_on_c, 4, 86, 0
5, 25523, Note_on_c, 4, 84, 0
5, 25524, Note_on_c, 4, 86, 100
5, 25538, Note_on_c, 4, 93, 0
5, 25551, Note_on_c, 4, 91, 100
5, 25553, Note_on_c, 4, 88, 100
5, 25554, Note_on_c, 4, 79, 0
5, 25555, Note_on_c, 4, 74, 0
5, 25555, Note_on_c, 4, 86, 0
5, 25584, Note_on_c, 4, 86, 100
5, 25586, Note_on_c, 4, 88, 0
5, 25615, Note_on_c, 4, 84, 100
5, 25616, Note_on_c, 4, 86, 0
5, 25642, Note_on_c, 4, 84, 0
5, 25642, Note_on_c, 4, 83, 100
5, 25658, Note_on_c, 4, 83, 0
5, 25673, Note_on_c, 4, 81, 100
5, 25702, Note_on_c, 4, 72, 100
5, 25732, Note_on_c, 4, 71, 100
5, 25737, Note_on_c, 4, 72, 0
5, 25752, Note_on_c, 4, 71, 0
5, 25761, Note_on_c, 4, 72, 100
5, 25778, Note_on_c, 4, 72, 0
5, 25791, Note_on_c, 4, 90, 100
5, 25792, Note_on_c, 4, 74, 100
5, 25793, Note_on_c, 4, 91, 0
5, 25795, Note_on_c, 4, 81, 0
5, 25820, Note_on_c, 4, 72, 100
5, 25822, Note_on_c, 4, 88, 100
5, 25824, Note_on_c, 4, 74, 0
5, 25841, Note_on_c, 4, 88, 0
5, 25850, Note_on_c, 4, 71, 100
5, 25853, Note_on_c, 4, 86, 100
5, 25854, Note_on_c, 4, 72, 0
5, 25875, Note_on_c, 4, 86, 0
5, 25880, Note_on_c, 4, 84, 100
5, 25880, Note_on_c, 4, 69, 100
5, 25881, Note_on_c, 4, 71, 0
5, 25892, Note_on_c, 4, 84, 0
5, 25909, Note_on_c, 4, 90, 0
5, 25909, Note_on_c, 4, 69, 0
5, 25909, Note_on_c, 4, 76, 100
5, 25913, Note_on_c, 4, 83, 100
5, 25913, Note_on_c, 4, 91, 100
5, 25940, Note_on_c, 4, 67, 100
5, 25943, Note_on_c, 4, 76, 0
5, 25944, Note_on_c, 4, 83, 0
5, 25972, Note_on_c, 4, 71, 100
5, 25974, Note_on_c, 4, 67, 0
5, 25975, Note_on_c, 4, 86, 100
5, 25976, Note_on_c, 4, 89, 100
5, 25979, Note_on_c, 4, 91, 0
5, 25999, Note_on_c, 4, 74, 100
5, 26000, Note_on_c, 4, 71, 0
5, 26029, Note_on_c, 4, 74, 0
5, 26030, Note_on_c, 4, 79, 100
5, 26038, Note_on_c, 4, 89, 0
5, 26039, Note_on_c, 4, 84, 100
5, 26039, Note_on_c, 4, 88, 100
5, 26044, Note_on_c, 4, 86, 0
5, 26059, Note_on_c, 4, 79, 0
5, 26067, Note_on_c, 4, 72, 100
5, 26097, Note_on_c, 4, 76, 100
5, 26098, Note_on_c, 4, 72, 0
5, 26127, Note_on_c, 4, 76, 0
5, 26127, Note_on_c, 4, 79, 100
5, 26157, Note_on_c, 4, 88, 0
5, 26157, Note_on_c, 4, 86, 100
5, 26158, Note_on_c, 4, 81, 100
5, 26159, Note_on_c, 4, 79, 0
5, 26188, Note_on_c, 4, 78, 100
5, 26190, Note_on_c, 4, 81, 0
5, 26217, Note_on_c, 4, 74, 100
5, 26220, Note_on_c, 4, 78, 0
5, 26247, Note_on_c, 4, 78, 100
5, 26248, Note_on_c, 4, 74, 0
5, 26272, Note_on_c, 4, 78, 0
5, 26274, Note_on_c, 4, 69, 100
5, 26279, Note_on_c, 4, 84, 0
5, 26305, Note_on_c, 4, 76, 100
5, 26308, Note_on_c, 4, 69, 0
5, 26310, Note_on_c, 4, 84, 100
5, 26334, Note_on_c, 4, 76, 0
5, 26334, Note_on_c, 4, 74, 100
5, 26341, Note_on_c, 4, 83, 100
5, 26345, Note_on_c, 4, 84, 0
5, 26365, Note_on_c, 4, 74, 0
5, 26366, Note_on_c, 4, 72, 100
5, 26369, Note_on_c, 4, 81, 100
5, 26370, Note_on_c, 4, 83, 0
5, 26385, Note_on_c, 4, 72, 0
5, 26396, Note_on_c, 4, 71, 100
5, 26399, Note_on_c, 4, 81, 0
5, 26400, Note_on_c, 4, 83, 100
5, 26422, Note_on_c, 4, 86, 0
5, 26423, Note_on_c, 4, 83, 0
5, 26431, Note_on_c, 4, 74, 100
5, 26458, Note_on_c, 4, 74, 0
5, 26462, Note_on_c, 4, 79, 100
5, 26466, Note_on_c, 4, 71, 0
5, 26490, Note_on_c, 4, 83, 100
5, 26497, Note_on_c, 4, 79, 0
5, 26521, Note_on_c, 4, 83, 0
5, 26521, Note_on_c, 4, 86, 100
5, 26545, Note_on_c, 4, 86, 0
5, 26551, Note_on_c, 4, 79, 100
5, 26579, Note_on_c, 4, 74, 100
5, 26581, Note_on_c, 4, 83, 100
5, 26583, Note_on_c, 4, 79, 0
5, 26609, Note_on_c, 4, 86, 100
5, 26611, Note_on_c, 4, 83, 0
5, 26638, Note_on_c, 4, 88, 100
5, 26642, Note_on_c, 4, 86, 0
5, 26669, Note_on_c, 4, 88, 0
5, 26669, Note_on_c, 4, 84, 100
5, 26692, Note_on_c, 4, 74, 0
5, 26697, Note_on_c, 4, 72, 100
5, 26700, Note_on_c, 4, 81, 100
5, 26701, Note_on_c, 4, 84, 0
5, 26723, Note_on_c, 4, 72, 0
5, 26725, Note_on_c, 4, 71, 100
5, 26729, Note_on_c, 4, 84, 100
5, 26732, Note_on_c, 4, 81, 0
5, 26743, Note_on_c, 4, 71, 0
5, 26754, Note_on_c, 4, 84, 0
5, 26757, Note_on_c, 4, 69, 100
5, 26757, Note_on_c, 4, 78, 100
5, 26788, Note_on_c, 4, 78, 0
5, 26788, Note_on_c, 4, 88, 100
5, 26790, Note_on_c, 4, 69, 0
5, 26815, Note_on_c, 4, 86, 100
5, 26817, Note_on_c, 4, 88, 0
5, 26817, Note_on_c, 4, 78, 100
5, 26845, Note_on_c, 4, 84, 100
5, 26847, Note_on_c, 4, 78, 0
5, 26848, Note_on_c, 4, 86, 0
5, 26872, Note_on_c, 4, 84, 0
5, 26874, Note_on_c, 4, 79, 100
5, 26878, Note_on_c, 4, 83, 100
5, 26896, Note_on_c, 4, 79, 0
5, 26906, Note_on_c, 4, 67, 100
5, 26912, Note_on_c, 4, 83, 0
5, 26936, Note_on_c, 4, 71, 100
5, 26937, Note_on_c, 4, 67, 0
5, 26938, Note_on_c, 4, 91, 100
5, 26964, Note_on_c, 4, 74, 100
5, 26965, Note_on_c, 4, 71, 0
5, 26994, Note_on_c, 4, 74, 0
5, 26994, Note_on_c, 4, 79, 100
5, 27022, Note_on_c, 4, 79, 0
5, 27024, Note_on_c, 4, 91, 0
5, 27025, Note_on_c, 4, 71, 100
5, 27052, Note_on_c, 4, 74, 100
5, 27053, Note_on_c, 4, 71, 0
5, 27057, Note_on_c, 4, 90, 100
5, 27078, Note_on_c, 4, 74, 0
5, 27079, Note_on_c, 4, 79, 100
5, 27087, Note_on_c, 4, 88, 100
5, 27090, Note_on_c, 4, 90, 0
5, 27116, Note_on_c, 4, 86, 100
5, 27116, Note_on_c, 4, 83, 100
5, 27117, Note_on_c, 4, 79, 0
5, 27117, Note_on_c, 4, 88, 0
5, 27144, Note_on_c, 4, 79, 100
5, 27146, Note_on_c, 4, 86, 0
5, 27147, Note_on_c, 4, 88, 100
5, 27148, Note_on_c, 4, 83, 0
5, 27174, Note_on_c, 4, 84, 100
5, 27174, Note_on_c, 4, 76, 100
5, 27175, Note_on_c, 4, 88, 0
5, 27176, Note_on_c, 4, 79, 0
5, 27200, Note_on_c, 4, 79, 100
5, 27201, Note_on_c, 4, 76, 0
5, 27204, Note_on_c, 4, 86, 100
5, 27206, Note_on_c, 4, 84, 0
5, 27229, Note_on_c, 4, 72, 100
5, 27231, Note_on_c, 4, 79, 0
5, 27234, Note_on_c, 4, 88, 100
5, 27237, Note_on_c, 4, 86, 0
5, 27260, Note_on_c, 4, 83, 100
5, 27262, Note_on_c, 4, 72, 0
5, 27267, Note_on_c, 4, 86, 100
5, 27270, Note_on_c, 4, 88, 0
5, 27290, Note_on_c, 4, 81, 100
5, 27293, Note_on_c, 4, 83, 0
5, 27298, Note_on_c, 4, 84, 100
5, 27299, Note_on_c, 4, 86, 0
5, 27323, Note_on_c, 4, 79, 100
5, 27325, Note_on_c, 4, 81, 0
5, 27328, Note_on_c, 4, 83, 100
5, 27329, Note_on_c, 4, 84, 0
5, 27346, Note_on_c, 4, 83, 0
5, 27355, Note_on_c, 4, 78, 100
5, 27356, Note_on_c, 4, 79, 0
5, 27358, Note_on_c, 4, 81, 100
5, 27385, Note_on_c, 4, 79, 100
5, 27386, Note_on_c, 4, 78, 0
5, 27386, Note_on_c, 4, 81, 0
5, 27387, Note_on_c, 4, 83, 100
5, 27406, Note_on_c, 4, 83, 0
5, 27414, Note_on_c, 4, 76, 100
5, 27415, Note_on_c, 4, 79, 0
5, 27420, Note_on_c, 4, 84, 100
5, 27445, Note_on_c, 4, 78, 100
5, 27446, Note_on_c, 4, 76, 0
5, 27476, Note_on_c, 4, 79, 100
5, 27477, Note_on_c, 4, 78, 0
5, 27503, Note_on_c, 4, 76, 100
5, 27504, Note_on_c, 4, 79, 0
5, 27534, Note_on_c, 4, 74, 100
5, 27536, Note_on_c, 4, 84, 0
5, 27537, Note_on_c, 4, 83, 100
5, 27539, Note_on_c, 4, 76, 0
5, 27563, Note_on_c, 4, 72, 100
5, 27564, Note_on_c, 4, 74, 0
5, 27568, Note_on_c, 4, 81, 100
5, 27569, Note_on_c, 4, 83, 0
5, 27595, Note_on_c, 4, 72, 0
5, 27595, Note_on_c, 4, 71, 100
5, 27595, Note_on_c, 4, 79, 100
5, 27601, Note_on_c, 4, 81, 0
5, 27628, Note_on_c, 4, 79, 0
5, 27628, Note_on_c, 4, 86, 100
5, 27654, Note_on_c, 4, 74, 100
5, 27655, Note_on_c, 4, 86, 0
5, 27656, Note_on_c, 4, 91, 100
5, 27678, Note_on_c, 4, 74, 0
5, 27682, Note_on_c, 4, 91, 0
5, 27684, Note_on_c, 4, 95, 100
5, 27714, Note_on_c, 4, 95, 0
5, 27715, Note_on_c, 4, 79, 100
5, 27715, Note_on_c, 4, 98, 100
5, 27723, Note_on_c, 4, 71, 0
5, 27742, Note_on_c, 4, 98, 0
5, 27743, Note_on_c, 4, 91, 100
5, 27772, Note_on_c, 4, 71, 100
5, 27775, Note_on_c, 4, 95, 100
5, 27777, Note_on_c, 4, 91, 0
5, 27801, Note_on_c, 4, 71, 0
5, 27804, Note_on_c, 4, 98, 100
5, 27805, Note_on_c, 4, 95, 0
5, 27831, Note_on_c, 4, 72, 100
5, 27837, Note_on_c, 4, 100, 100
5, 27840, Note_on_c, 4, 98, 0
5, 27865, Note_on_c, 4, 79, 0
5, 27869, Note_on_c, 4, 100, 0
5, 27869, Note_on_c, 4, 96, 100
5, 27895, Note_on_c, 4, 76, 100
5, 27900, Note_on_c, 4, 93, 100
5, 27901, Note_on_c, 4, 96, 0
5, 27924, Note_on_c, 4, 76, 0
5, 27927, Note_on_c, 4, 93, 0
5, 27928, Note_on_c, 4, 96, 100
5, 27956, Note_on_c, 4, 96, 0
5, 27957, Note_on_c, 4, 90, 100
5, 27961, Note_on_c, 4, 81, 100
5, 27971, Note_on_c, 4, 72, 0
5, 27988, Note_on_c, 4, 100, 100
5, 27991, Note_on_c, 4, 90, 0
5, 28017, Note_on_c, 4, 72, 100
5, 28018, Note_on_c, 4, 98, 100
5, 28019, Note_on_c, 4, 100, 0
5, 28037, Note_on_c, 4, 72, 0
5, 28045, Note_on_c, 4, 96, 100
5, 28046, Note_on_c, 4, 98, 0
5, 28071, Note_on_c, 4, 81, 0
5, 28072, Note_on_c, 4, 96, 0
5, 28074, Note_on_c, 4, 74, 100
5, 28077, Note_on_c, 4, 95, 100
5, 28106, Note_on_c, 4, 79, 100
5, 28111, Note_on_c, 4, 95, 0
5, 28134, Note_on_c, 4, 79, 0
5, 28137, Note_on_c, 4, 91, 100
5, 28137, Note_on_c, 4, 83, 100
5, 28167, Note_on_c, 4, 83, 0
5, 28167, Note_on_c, 4, 86, 100
5, 28168, Note_on_c, 4, 95, 100
5, 28173, Note_on_c, 4, 91, 0
5, 28192, Note_on_c, 4, 86, 0
5, 28192, Note_on_c, 4, 95, 0
5, 28199, Note_on_c, 4, 100, 100
5, 28201, Note_on_c, 4, 91, 100
5, 28211, Note_on_c, 4, 74, 0
5, 28229, Note_on_c, 4, 88, 100
5, 28230, Note_on_c, 4, 91, 0
5, 28259, Note_on_c, 4, 91, 100
5, 28260, Note_on_c, 4, 88, 0
5, 28260, Note_on_c, 4, 83, 100
5, 28281, Note_on_c, 4, 83, 0
5, 28286, Note_on_c, 4, 91, 0
5, 28287, Note_on_c, 4, 95, 100
5, 28298, Note_on_c, 4, 95, 0
5, 28317, Note_on_c, 4, 81, 100
5, 28319, Note_on_c, 4, 96, 100
5, 28346, Note_on_c, 4, 96, 0
5, 28347, Note_on_c, 4, 93, 100
5, 28375, Note_on_c, 4, 93, 0
5, 28377, Note_on_c, 4, 98, 100
5, 28377, Note_on_c, 4, 90, 100
5, 28378, Note_on_c, 4, 100, 0
5, 28406, Note_on_c, 4, 96, 100
5, 28407, Note_on_c, 4, 98, 0
5, 28407, Note_on_c, 4, 93, 100
5, 28408, Note_on_c, 4, 81, 0
5, 28408, Note_on_c, 4, 90, 0
5, 28421, Note_on_c, 4, 93, 0
5, 28432, Note_on_c, 4, 96, 0
5, 28434, Note_on_c, 4, 102, 100
5, 28437, Note_on_c, 4, 84, 100
5, 28453, Note_on_c, 4, 84, 0
5, 28466, Note_on_c, 4, 100, 100
5, 28493, Note_on_c, 4, 84, 100
5, 28497, Note_on_c, 4, 100, 0
5, 28497, Note_on_c, 4, 98, 100
5, 28522, Note_on_c, 4, 98, 0
5, 28523, Note_on_c, 4, 96, 100
5, 28551, Note_on_c, 4, 84, 0
5, 28551, Note_on_c, 4, 86, 100
5, 28552, Note_on_c, 4, 96, 0
5, 28556, Note_on_c, 4, 103, 100
5, 28556, Note_on_c, 4, 95, 100
5, 28557, Note_on_c, 4, 102, 0
5, 28579, Note_on_c, 4, 86, 0
5, 28581, Note_on_c, 4, 74, 100
5, 28595, Note_on_c, 4, 103, 0
5, 28610, Note_on_c, 4, 79, 100
5, 28612, Note_on_c, 4, 74, 0
5, 28616, Note_on_c, 4, 98, 100
5, 28640, Note_on_c, 4, 79, 0
5, 28640, Note_on_c, 4, 83, 100
5, 28653, Note_on_c, 4, 95, 0
5, 28657, Note_on_c, 4, 98, 0
5, 28673, Note_on_c, 4, 86, 100
5, 28673, Note_on_c, 4, 101, 100
5, 28674, Note_on_c, 4, 83, 0
5, 28704, Note_on_c, 4, 79, 100
5, 28709, Note_on_c, 4, 86, 0
5, 28719, Note_on_c, 4, 101, 0
5, 28734, Note_on_c, 4, 94, 100
5, 28736, Note_on_c, 4, 100, 100
5, 28737, Note_on_c, 4, 85, 100
5, 28740, Note_on_c, 4, 79, 0
5, 28762, Note_on_c, 4, 88, 100
5, 28764, Note_on_c, 4, 85, 0
5, 28770, Note_on_c, 4, 94, 0
5, 28774, Note_on_c, 4, 88, 0
5, 28791, Note_on_c, 4, 89, 100
5, 28796, Note_on_c, 4, 93, 100
5, 28822, Note_on_c, 4, 86, 100
5, 28825, Note_on_c, 4, 89, 0
5, 28851, Note_on_c, 4, 86, 0
5, 28853, Note_on_c, 4, 83, 100
5, 28854, Note_on_c, 4, 100, 0
5, 28854, Note_on_c, 4, 93, 0
5, 28855, Note_on_c, 4, 98, 100
5, 28856, Note_on_c, 4, 95, 100
5, 28882, Note_on_c, 4, 86, 100
5, 28883, Note_on_c, 4, 83, 0
5, 28900, Note_on_c, 4, 86, 0
5, 28912, Note_on_c, 4, 79, 100
5, 28948, Note_on_c, 4, 91, 100
5, 28951, Note_on_c, 4, 95, 0
5, 28976, Note_on_c, 4, 88, 100
5, 28977, Note_on_c, 4, 96, 100
5, 28978, Note_on_c, 4, 98, 0
5, 28978, Note_on_c, 4, 91, 0
5, 29005, Note_on_c, 4, 91, 100
5, 29007, Note_on_c, 4, 88, 0
5, 29007, Note_on_c, 4, 94, 100
5, 29009, Note_on_c, 4, 96, 0
5, 29033, Note_on_c, 4, 94, 0
5, 29034, Note_on_c, 4, 91, 0
5, 29034, Note_on_c, 4, 93, 100
5, 29037, Note_on_c, 4, 84, 100
5, 29065, Note_on_c, 4, 93, 0
5, 29068, Note_on_c, 4, 88, 100
5, 29070, Note_on_c, 4, 79, 0
5, 29092, Note_on_c, 4, 81, 100
5, 29098, Note_on_c, 4, 89, 100
5, 29099, Note_on_c, 4, 88, 0
5, 29122, Note_on_c, 4, 79, 100
5, 29125, Note_on_c, 4, 81, 0
5, 29125, Note_on_c, 4, 93, 100
5, 29126, Note_on_c, 4, 89, 0
5, 29152, Note_on_c, 4, 79, 0
5, 29152, Note_on_c, 4, 77, 100
5, 29153, Note_on_c, 4, 84, 0
5, 29154, Note_on_c, 4, 98, 100
5, 29155, Note_on_c, 4, 93, 0
5, 29182, Note_on_c, 4, 81, 100
5, 29203, Note_on_c, 4, 81, 0
5, 29214, Note_on_c, 4, 86, 100
5, 29240, Note_on_c, 4, 89, 100
5, 29241, Note_on_c, 4, 86, 0
5, 29250, Note_on_c, 4, 89, 0
5, 29271, Note_on_c, 4, 91, 100
5, 29284, Note_on_c, 4, 77, 0
5, 29302, Note_on_c, 4, 86, 100
5, 29304, Note_on_c, 4, 67, 100
5, 29327, Note_on_c, 4, 98, 0
5, 29330, Note_on_c, 4, 67, 0
5, 29330, Note_on_c, 4, 71, 100
5, 29332, Note_on_c, 4, 86, 0
5, 29333, Note_on_c, 4, 88, 100
5, 29341, Note_on_c, 4, 91, 0
5, 29358, Note_on_c, 4, 76, 100
5, 29359, Note_on_c, 4, 71, 0
5, 29360, Note_on_c, 4, 91, 100
5, 29364, Note_on_c, 4, 88, 0
5, 29386, Note_on_c, 4, 76, 0
5, 29388, Note_on_c, 4, 79, 100
5, 29391, Note_on_c, 4, 96, 100
5, 29415, Note_on_c, 4, 67, 100
5, 29417, Note_on_c, 4, 79, 0
5, 29448, Note_on_c, 4, 72, 100
5, 29450, Note_on_c, 4, 67, 0
5, 29478, Note_on_c, 4, 76, 100
5, 29481, Note_on_c, 4, 72, 0
5, 29503, Note_on_c, 4, 76, 0
5, 29508, Note_on_c, 4, 77, 100
5, 29520, Note_on_c, 4, 89, 100
5, 29522, Note_on_c, 4, 91, 0
5, 29538, Note_on_c, 4, 77, 0
5, 29539, Note_on_c, 4, 74, 100
5, 29552, Note_on_c, 4, 96, 0
5, 29573, Note_on_c, 4, 74, 0
5, 29573, Note_on_c, 4, 77, 100
5, 29578, Note_on_c, 4, 94, 100
5, 29604, Note_on_c, 4, 81, 100
5, 29606, Note_on_c, 4, 77, 0
5, 29609, Note_on_c, 4, 93, 100
5, 29610, Note_on_c, 4, 94, 0
5, 29634, Note_on_c, 4, 93, 0
5, 29635, Note_on_c, 4, 81, 0
5, 29637, Note_on_c, 4, 86, 100
5, 29641, Note_on_c, 4, 94, 100
5, 29669, Note_on_c, 4, 86, 0
5, 29669, Note_on_c, 4, 82, 100
5, 29698, Note_on_c, 4, 82, 0
5, 29698, Note_on_c, 4, 77, 100
5, 29725, Note_on_c, 4, 77, 0
5, 29726, Note_on_c, 4, 82, 100
5, 29737, Note_on_c, 4, 89, 0
5, 29747, Note_on_c, 4, 82, 0
5, 29756, Note_on_c, 4, 76, 100
5, 29758, Note_on_c, 4, 91, 100
5, 29786, Note_on_c, 4, 84, 100
5, 29787, Note_on_c, 4, 76, 0
5, 29818, Note_on_c, 4, 93, 100
5, 29818, Note_on_c, 4, 82, 100
5, 29820, Note_on_c, 4, 94, 0
5, 29820, Note_on_c, 4, 84, 0
5, 29843, Note_on_c, 4, 91, 0
5, 29843, Note_on_c, 4, 82, 0
5, 29845, Note_on_c, 4, 81, 100
5, 29848, Note_on_c, 4, 93, 0
5, 29849, Note_on_c, 4, 91, 100
5, 29867, Note_on_c, 4, 81, 0
5, 29876, Note_on_c, 4, 81, 100
5, 29878, Note_on_c, 4, 93, 100
5, 29879, Note_on_c, 4, 91, 0
5, 29905, Note_on_c, 4, 81, 0
5, 29906, Note_on_c, 4, 79, 100
5, 29935, Note_on_c, 4, 79, 0
5, 29935, Note_on_c, 4, 81, 100
5, 29939, Note_on_c, 4, 89, 100
5, 29965, Note_on_c, 4, 81, 0
5, 29965, Note_on_c, 4, 83, 100
5, 29976, Note_on_c, 4, 83, 0
5, 29997, Note_on_c, 4, 84, 100
5, 30001, Note_on_c, 4, 91, 100
5, 30003, Note_on_c, 4, 93, 0
5, 30029, Note_on_c, 4, 89, 0
5, 30029, Note_on_c, 4, 86, 100
5, 30046, Note_on_c, 4, 86, 0
5, 30060, Note_on_c, 4, 88, 100
5, 30086, Note_on_c, 4, 82, 100
5, 30087, Note_on_c, 4, 84, 0
5, 30116, Note_on_c, 4, 82, 0
5, 30117, Note_on_c, 4, 81, 100
5, 30130, Note_on_c, 4, 88, 0
5, 30147, Note_on_c, 4, 84, 100
5, 30175, Note_on_c, 4, 91, 0
5, 30175, Note_on_c, 4, 81, 0
5, 30175, Note_on_c, 4, 80, 100
5, 30176, Note_on_c, 4, 89, 100
5, 30205, Note_on_c, 4, 84, 0
5, 30206, Note_on_c, 4, 83, 100
5, 30219, Note_on_c, 4, 83, 0
5, 30233, Note_on_c, 4, 79, 100
5, 30234, Note_on_c, 4, 80, 0
5, 30238, Note_on_c, 4, 84, 100
5, 30254, Note_on_c, 4, 79, 0
5, 30263, Note_on_c, 4, 67, 100
5, 30267, Note_on_c, 4, 89, 0
5, 30292, Note_on_c, 4, 72, 100
5, 30294, Note_on_c, 4, 67, 0
5, 30296, Note_on_c, 4, 88, 100
5, 30321, Note_on_c, 4, 76, 100
5, 30322, Note_on_c, 4, 72, 0
5, 30326, Note_on_c, 4, 86, 100
5, 30327, Note_on_c, 4, 88, 0
5, 30352, Note_on_c, 4, 76, 0
5, 30352, Note_on_c, 4, 86, 0
5, 30352, Note_on_c, 4, 79, 100
5, 30356, Note_on_c, 4, 88, 100
5, 30377, Note_on_c, 4, 79, 0
5, 30380, Note_on_c, 4, 88, 0
5, 30385, Note_on_c, 4, 72, 100
5, 30411, Note_on_c, 4, 91, 100
5, 30413, Note_on_c, 4, 76, 100
5, 30415, Note_on_c, 4, 72, 0
5, 30438, Note_on_c, 4, 79, 100
5, 30443, Note_on_c, 4, 76, 0
5, 30465, Note_on_c, 4, 79, 0
5, 30466, Note_on_c, 4, 81, 100
5, 30498, Note_on_c, 4, 77, 100
5, 30501, Note_on_c, 4, 81, 0
5, 30526, Note_on_c, 4, 77, 0
5, 30526, Note_on_c, 4, 74, 100
5, 30530, Note_on_c, 4, 84, 0
5, 30536, Note_on_c, 4, 89, 100
5, 30538, Note_on_c, 4, 91, 0
5, 30558, Note_on_c, 4, 77, 100
5, 30560, Note_on_c, 4, 74, 0
5, 30565, Note_on_c, 4, 89, 0
5, 30565, Note_on_c, 4, 88, 100
5, 30590, Note_on_c, 4, 71, 100
5, 30591, Note_on_c, 4, 77, 0
5, 30595, Note_on_c, 4, 86, 100
5, 30597, Note_on_c, 4, 88, 0
5, 30623, Note_on_c, 4, 71, 0
5, 30623, Note_on_c, 4, 81, 100
5, 30626, Note_on_c, 4, 88, 100
5, 30629, Note_on_c, 4, 86, 0
5, 30640, Note_on_c, 4, 88, 0
5, 30652, Note_on_c, 4, 79, 100
5, 30653, Note_on_c, 4, 81, 0
5, 30656, Note_on_c, 4, 86, 100
5, 30657, Note_on_c, 4, 89, 100
5, 30681, Note_on_c, 4, 77, 100
5, 30685, Note_on_c, 4, 79, 0
5, 30711, Note_on_c, 4, 76, 100
5, 30712, Note_on_c, 4, 77, 0
5, 30741, Note_on_c, 4, 74, 100
5, 30747, Note_on_c, 4, 76, 0
5, 30773, Note_on_c, 4, 76, 100
5, 30775, Note_on_c, 4, 74, 0
5, 30777, Note_on_c, 4, 86, 0
5, 30777, Note_on_c, 4, 89, 0
5, 30777, Note_on_c, 4, 88, 100
5, 30778, Note_on_c, 4, 84, 100
5, 30804, Note_on_c, 4, 78, 100
5, 30806, Note_on_c, 4, 76, 0
5, 30813, Note_on_c, 4, 88, 0
5, 30835, Note_on_c, 4, 78, 0
5, 30835, Note_on_c, 4, 79, 100
5, 30839, Note_on_c, 4, 86, 100
5, 30865, Note_on_c, 4, 74, 100
5, 30867, Note_on_c, 4, 79, 0
5, 30881, Note_on_c, 4, 74, 0
5, 30896, Note_on_c, 4, 84, 0
5, 30897, Note_on_c, 4, 79, 100
5, 30900, Note_on_c, 4, 83, 100
5, 30926, Note_on_c, 4, 88, 100
5, 30928, Note_on_c, 4, 86, 0
5, 30956, Note_on_c, 4, 88, 0
5, 30956, Note_on_c, 4, 81, 100
5, 30958, Note_on_c, 4, 84, 100
5, 30959, Note_on_c, 4, 83, 0
5, 30960, Note_on_c, 4, 79, 0
5, 30986, Note_on_c, 4, 79, 100
5, 31016, Note_on_c, 4, 78, 100
5, 31018, Note_on_c, 4, 79, 0
5, 31043, Note_on_c, 4, 78, 0
5, 31043, Note_on_c, 4, 76, 100
5, 31072, Note_on_c, 4, 76, 0
5, 31072, Note_on_c, 4, 79, 100
5, 31081, Note_on_c, 4, 78, 100
5, 31082, Note_on_c, 4, 79, 0
5, 31089, Note_on_c, 4, 79, 100
5, 31090, Note_on_c, 4, 78, 0
5, 31096, Note_on_c, 4, 78, 100
5, 31103, Note_on_c, 4, 79, 0
5, 31104, Note_on_c, 4, 78, 0
5, 31105, Note_on_c, 4, 79, 100
5, 31109, Note_on_c, 4, 78, 100
5, 31109, Note_on_c, 4, 88, 100
5, 31110, Note_on_c, 4, 84, 0
5, 31111, Note_on_c, 4, 79, 0
5, 31138, Note_on_c, 4, 88, 0
5, 31138, Note_on_c, 4, 86, 100
5, 31166, Note_on_c, 4, 84, 100
5, 31169, Note_on_c, 4, 86, 0
5, 31178, Note_on_c, 4, 84, 0
5, 31193, Note_on_c, 4, 78, 0
5, 31193, Note_on_c, 4, 79, 100
5, 31194, Note_on_c, 4, 81, 0
5, 31194, Note_on_c, 4, 83, 100
5, 31226, Note_on_c, 4, 86, 100
5, 31227, Note_on_c, 4, 83, 0
5, 31244, Note_on_c, 4, 86, 0
5, 31253, Note_on_c, 4, 83, 100
5, 31255, Note_on_c, 4, 91, 100
5, 31278, Note_on_c, 4, 91, 0
5, 31281, Note_on_c, 4, 83, 0
5, 31281, Note_on_c, 4, 81, 100
5, 31283, Note_on_c, 4, 95, 100
5, 31298, Note_on_c, 4, 95, 0
5, 31309, Note_on_c, 4, 81, 0
5, 31309, Note_on_c, 4, 83, 100
5, 31311, Note_on_c, 4, 79, 0
5, 31313, Note_on_c, 4, 98, 100
5, 31324, Note_on_c, 4, 83, 0
5, 31337, Note_on_c, 4, 98, 0
5, 31346, Note_on_c, 4, 91, 100
5, 31370, Note_on_c, 4, 91, 0
5, 31370, Note_on_c, 4, 79, 100
5, 31372, Note_on_c, 4, 86, 100
5, 31375, Note_on_c, 4, 95, 100
5, 31394, Note_on_c, 4, 95, 0
5, 31400, Note_on_c, 4, 86, 0
5, 31403, Note_on_c, 4, 98, 100
5, 31417, Note_on_c, 4, 98, 0
5, 31431, Note_on_c, 4, 84, 100
5, 31433, Note_on_c, 4, 100, 100
5, 31451, Note_on_c, 4, 79, 0
5, 31468, Note_on_c, 4, 100, 0
5, 31468, Note_on_c, 4, 96, 100
5, 31491, Note_on_c, 4, 78, 100
5, 31497, Note_on_c, 4, 93, 100
5, 31498, Note_on_c, 4, 96, 0
5, 31521, Note_on_c, 4, 79, 100
5, 31524, Note_on_c, 4, 84, 0
5, 31524, Note_on_c, 4, 78, 0
5, 31526, Note_on_c, 4, 93, 0
5, 31527, Note_on_c, 4, 96, 100
5, 31539, Note_on_c, 4, 96, 0
5, 31553, Note_on_c, 4, 79, 0
5, 31553, Note_on_c, 4, 81, 100
5, 31556, Note_on_c, 4, 90, 100
5, 31586, Note_on_c, 4, 100, 100
5, 31587, Note_on_c, 4, 90, 0
5, 31597, Note_on_c, 4, 81, 0
5, 31610, Note_on_c, 4, 78, 100
5, 31611, Note_on_c, 4, 74, 100
5, 31614, Note_on_c, 4, 100, 0
5, 31616, Note_on_c, 4, 98, 100
5, 31644, Note_on_c, 4, 98, 0
5, 31645, Note_on_c, 4, 96, 100
5, 31649, Note_on_c, 4, 74, 0
5, 31671, Note_on_c, 4, 78, 0
5, 31671, Note_on_c, 4, 79, 100
5, 31674, Note_on_c, 4, 96, 0
5, 31676, Note_on_c, 4, 95, 100
5, 31701, Note_on_c, 4, 83, 100
5, 31716, Note_on_c, 4, 79, 0
5, 31722, Note_on_c, 4, 95, 0
5, 31733, Note_on_c, 4, 88, 100
5, 31733, Note_on_c, 4, 76, 100
5, 31734, Note_on_c, 4, 97, 100
5, 31737, Note_on_c, 4, 83, 0
5, 31761, Note_on_c, 4, 88, 0
5, 31762, Note_on_c, 4, 91, 100
5, 31770, Note_on_c, 4, 76, 0
5, 31791, Note_on_c, 4, 77, 100
5, 31792, Note_on_c, 4, 98, 100
5, 31792, Note_on_c, 4, 93, 100
5, 31794, Note_on_c, 4, 91, 0
5, 31795, Note_on_c, 4, 97, 0
5, 31824, Note_on_c, 4, 86, 100
5, 31828, Note_on_c, 4, 93, 0
5, 31832, Note_on_c, 4, 77, 0
5, 31854, Note_on_c, 4, 89, 100
5, 31854, Note_on_c, 4, 74, 100
5, 31856, Note_on_c, 4, 86, 0
5, 31884, Note_on_c, 4, 93, 100
5, 31885, Note_on_c, 4, 89, 0
5, 31885, Note_on_c, 4, 74, 0
5, 31909, Note_on_c, 4, 93, 0
5, 31912, Note_on_c, 4, 79, 100
5, 31914, Note_on_c, 4, 94, 100
5, 31944, Note_on_c, 4, 91, 100
5, 31945, Note_on_c, 4, 94, 0
5, 31950, Note_on_c, 4, 79, 0
5, 31969, Note_on_c, 4, 91, 0
5, 31971, Note_on_c, 4, 82, 100
5, 31972, Note_on_c, 4, 88, 100
5, 31973, Note_on_c, 4, 97, 100
5, 31974, Note_on_c, 4, 98, 0
5, 31997, Note_on_c, 4, 82, 0
5, 32002, Note_on_c, 4, 88, 0
5, 32002, Note_on_c, 4, 91, 100
5, 32003, Note_on_c, 4, 98, 100
5, 32004, Note_on_c, 4, 97, 0
5, 32022, Note_on_c, 4, 91, 0
5, 32030, Note_on_c, 4, 85, 100
5, 32030, Note_on_c, 4, 81, 100
5, 32031, Note_on_c, 4, 100, 100
5, 32033, Note_on_c, 4, 98, 0
5, 32056, Note_on_c, 4, 85, 0
5, 32057, Note_on_c, 4, 81, 0
5, 32061, Note_on_c, 4, 94, 100
5, 32089, Note_on_c, 4, 85, 100
5, 32091, Note_on_c, 4, 94, 0
5, 32092, Note_on_c, 4, 93, 100
5, 32116, Note_on_c, 4, 85, 0
5, 32119, Note_on_c, 4, 93, 0
5, 32120, Note_on_c, 4, 91, 100
5, 32131, Note_on_c, 4, 91, 0
5, 32148, Note_on_c, 4, 86, 100
5, 32153, Note_on_c, 4, 89, 100
5, 32177, Note_on_c, 4, 86, 0
5, 32179, Note_on_c, 4, 74, 100
5, 32203, Note_on_c, 4, 74, 0
5, 32209, Note_on_c, 4, 77, 100
5, 32216, Note_on_c, 4, 100, 0
5, 32219, Note_on_c, 4, 98, 100
5, 32240, Note_on_c, 4, 81, 100
5, 32241, Note_on_c, 4, 77, 0
5, 32243, Note_on_c, 4, 89, 0
5, 32274, Note_on_c, 4, 81, 0
5, 32274, Note_on_c, 4, 84, 100
5, 32276, Note_on_c, 4, 88, 100
5, 32303, Note_on_c, 4, 84, 0
5, 32304, Note_on_c, 4, 81, 100
5, 32305, Note_on_c, 4, 88, 0
5, 32334, Note_on_c, 4, 81, 0
5, 32334, Note_on_c, 4, 84, 100
5, 32338, Note_on_c, 4, 93, 100
5, 32338, Note_on_c, 4, 96, 100
5, 32341, Note_on_c, 4, 98, 0
5, 32362, Note_on_c, 4, 88, 100
5, 32363, Note_on_c, 4, 84, 0
5, 32373, Note_on_c, 4, 96, 0
5, 32389, Note_on_c, 4, 88, 0
5, 32394, Note_on_c, 4, 89, 100
5, 32401, Note_on_c, 4, 95, 100
5, 32427, Note_on_c, 4, 89, 0
5, 32427, Note_on_c, 4, 86, 100
5, 32433, Note_on_c, 4, 96, 100
5, 32437, Note_on_c, 4, 95, 0
5, 32458, Note_on_c, 4, 83, 100
5, 32460, Note_on_c, 4, 86, 0
5, 32462, Note_on_c, 4, 92, 100
5, 32463, Note_on_c, 4, 96, 0
5, 32464, Note_on_c, 4, 93, 0
5, 32464, Note_on_c, 4, 98, 100
5, 32489, Note_on_c, 4, 86, 100
5, 32491, Note_on_c, 4, 92, 0
5, 32491, Note_on_c, 4, 93, 100
5, 32493, Note_on_c, 4, 83, 0
5, 32503, Note_on_c, 4, 93, 0
5, 32504, Note_on_c, 4, 86, 0
5, 32519, Note_on_c, 4, 80, 100
5, 32523, Note_on_c, 4, 95, 100
5, 32548, Note_on_c, 4, 89, 100
5, 32550, Note_on_c, 4, 80, 0
5, 32578, Note_on_c, 4, 89, 0
5, 32580, Note_on_c, 4, 88, 100
5, 32609, Note_on_c, 4, 86, 100
5, 32610, Note_on_c, 4, 88, 0
5, 32631, Note_on_c, 4, 86, 0
5, 32636, Note_on_c, 4, 84, 100
5, 32666, Note_on_c, 4, 81, 100
5, 32670, Note_on_c, 4, 84, 0
5, 32695, Note_on_c, 4, 81, 0
5, 32695, Note_on_c, 4, 84, 100
5, 32701, Note_on_c, 4, 93, 100
5, 32701, Note_on_c, 4, 96, 100
5, 32705, Note_on_c, 4, 98, 0
5, 32705, Note_on_c, 4, 95, 0
5, 32724, Note_on_c, 4, 88, 100
5, 32725, Note_on_c, 4, 84, 0
5, 32748, Note_on_c, 4, 88, 0
5, 32757, Note_on_c, 4, 78, 100
5, 32760, Note_on_c, 4, 93, 0
5, 32766, Note_on_c, 4, 96, 0
5, 32786, Note_on_c, 4, 78, 0
5, 32789, Note_on_c, 4, 88, 100
5, 32815, Note_on_c, 4, 93, 100
5, 32816, Note_on_c, 4, 96, 100
5, 32819, Note_on_c, 4, 86, 100
5, 32820, Note_on_c, 4, 88, 0
5, 32832, Note_on_c, 4, 93, 0
5, 32832, Note_on_c, 4, 96, 0
5, 32845, Note_on_c, 4, 84, 100
5, 32846, Note_on_c, 4, 86, 0
5, 32863, Note_on_c, 4, 84, 0
5, 32873, Note_on_c, 4, 83, 100
5, 32877, Note_on_c, 4, 96, 100
5, 32878, Note_on_c, 4, 93, 100
5, 32906, Note_on_c, 4, 83, 0
5, 32906, Note_on_c, 4, 79, 100
5, 32933, Note_on_c, 4, 79, 0
5, 32935, Note_on_c, 4, 83, 100
5, 32936, Note_on_c, 4, 95, 100
5, 32937, Note_on_c, 4, 91, 100
5, 32938, Note_on_c, 4, 93, 0
5, 32939, Note_on_c, 4, 96, 0
5, 32963, Note_on_c, 4, 86, 100
5, 32967, Note_on_c, 4, 83, 0
5, 32978, Note_on_c, 4, 86, 0
5, 32993, Note_on_c, 4, 76, 100
5, 32998, Note_on_c, 4, 91, 0
5, 33000, Note_on_c, 4, 95, 0
5, 33023, Note_on_c, 4, 86, 100
5, 33026, Note_on_c, 4, 76, 0
5, 33055, Note_on_c, 4, 86, 0
5, 33055, Note_on_c, 4, 91, 100
5, 33055, Note_on_c, 4, 84, 100
5, 33056, Note_on_c, 4, 95, 100
5, 33068, Note_on_c, 4, 91, 0
5, 33070, Note_on_c, 4, 95, 0
5, 33083, Note_on_c, 4, 84, 0
5, 33083, Note_on_c, 4, 83, 100
5, 33113, Note_on_c, 4, 81, 100
5, 33116, Note_on_c, 4, 83, 0
5, 33119, Note_on_c, 4, 95, 100
5, 33120, Note_on_c, 4, 91, 100
5, 33145, Note_on_c, 4, 81, 0
5, 33145, Note_on_c, 4, 78, 100
5, 33176, Note_on_c, 4, 81, 100
5, 33178, Note_on_c, 4, 78, 0
5, 33181, Note_on_c, 4, 95, 0
5, 33181, Note_on_c, 4, 90, 100
5, 33181, Note_on_c, 4, 93, 100
5, 33185, Note_on_c, 4, 91, 0
5, 33207, Note_on_c, 4, 84, 100
5, 33210, Note_on_c, 4, 81, 0
5, 33224, Note_on_c, 4, 84, 0
5, 33239, Note_on_c, 4, 75, 100
5, 33245, Note_on_c, 4, 90, 0
5, 33245, Note_on_c, 4, 93, 0
5, 33263, Note_on_c, 4, 75, 0
5, 33268, Note_on_c, 4, 84, 100
5, 33296, Note_on_c, 4, 93, 100
5, 33296, Note_on_c, 4, 90, 100
5, 33296, Note_on_c, 4, 83, 100
5, 33298, Note_on_c, 4, 84, 0
5, 33310, Note_on_c, 4, 90, 0
5, 33312, Note_on_c, 4, 93, 0
5, 33323, Note_on_c, 4, 81, 100
5, 33325, Note_on_c, 4, 83, 0
5, 33341, Note_on_c, 4, 81, 0
5, 33356, Note_on_c, 4, 79, 100
5, 33357, Note_on_c, 4, 90, 100
5, 33358, Note_on_c, 4, 93, 100
5, 33385, Note_on_c, 4, 76, 100
5, 33388, Note_on_c, 4, 79, 0
5, 33400, Note_on_c, 4, 76, 0
5, 33416, Note_on_c, 4, 79, 100
5, 33417, Note_on_c, 4, 91, 100
5, 33418, Note_on_c, 4, 93, 0
5, 33418, Note_on_c, 4, 88, 100
5, 33419, Note_on_c, 4, 90, 0
5, 33444, Note_on_c, 4, 79, 0
5, 33445, Note_on_c, 4, 83, 100
5, 33450, Note_on_c, 4, 91, 0
5, 33460, Note_on_c, 4, 83, 0
5, 33478, Note_on_c, 4, 72, 100
5, 33488, Note_on_c, 4, 88, 0
5, 33497, Note_on_c, 4, 72, 0
5, 33506, Note_on_c, 4, 93, 100
5, 33535, Note_on_c, 4, 93, 0
5, 33538, Note_on_c, 4, 96, 100
5, 33538, Note_on_c, 4, 88, 100
5, 33539, Note_on_c, 4, 84, 100
5, 33564, Note_on_c, 4, 100, 100
5, 33565, Note_on_c, 4, 96, 0
5, 33574, Note_on_c, 4, 88, 0
5, 33581, Note_on_c, 4, 100, 0
5, 33595, Note_on_c, 4, 86, 100
5, 33595, Note_on_c, 4, 90, 100
5, 33627, Note_on_c, 4, 93, 100
5, 33632, Note_on_c, 4, 90, 0
5, 33644, Note_on_c, 4, 84, 0
5, 33647, Note_on_c, 4, 93, 0
5, 33656, Note_on_c, 4, 83, 100
5, 33660, Note_on_c, 4, 98, 100
5, 33676, Note_on_c, 4, 83, 0
5, 33684, Note_on_c, 4, 81, 100
5, 33697, Note_on_c, 4, 81, 0
5, 33716, Note_on_c, 4, 83, 100
5, 33722, Note_on_c, 4, 98, 0
5, 33723, Note_on_c, 4, 86, 0
5, 33748, Note_on_c, 4, 95, 100
5, 33780, Note_on_c, 4, 91, 100
5, 33780, Note_on_c, 4, 86, 100
5, 33782, Note_on_c, 4, 95, 0
5, 33803, Note_on_c, 4, 86, 0
5, 33807, Note_on_c, 4, 95, 100
5, 33809, Note_on_c, 4, 91, 0
5, 33816, Note_on_c, 4, 95, 0
5, 33837, Note_on_c, 4, 84, 100
5, 33839, Note_on_c, 4, 88, 100
5, 33869, Note_on_c, 4, 91, 100
5, 33874, Note_on_c, 4, 88, 0
5, 33881, Note_on_c, 4, 91, 0
5, 33897, Note_on_c, 4, 81, 100
5, 33899, Note_on_c, 4, 96, 100
5, 33900, Note_on_c, 4, 83, 0
5, 33927, Note_on_c, 4, 79, 100
5, 33928, Note_on_c, 4, 81, 0
5, 33929, Note_on_c, 4, 95, 100
5, 33930, Note_on_c, 4, 96, 0
5, 33958, Note_on_c, 4, 79, 0
5, 33958, Note_on_c, 4, 96, 100
5, 33959, Note_on_c, 4, 95, 0
5, 33959, Note_on_c, 4, 81, 100
5, 33989, Note_on_c, 4, 96, 0
5, 33989, Note_on_c, 4, 91, 100
5, 34013, Note_on_c, 4, 74, 100
5, 34014, Note_on_c, 4, 81, 0
5, 34018, Note_on_c, 4, 90, 100
5, 34020, Note_on_c, 4, 91, 0
5, 34038, Note_on_c, 4, 90, 0
5, 34046, Note_on_c, 4, 96, 100
5, 34052, Note_on_c, 4, 74, 0
5, 34058, Note_on_c, 4, 84, 0
5, 34072, Note_on_c, 4, 79, 100
5, 34078, Note_on_c, 4, 95, 100
5, 34081, Note_on_c, 4, 96, 0
5, 34092, Note_on_c, 4, 95, 0
5, 34104, Note_on_c, 4, 79, 0
5, 34111, Note_on_c, 4, 98, 100
5, 34136, Note_on_c, 4, 67, 100
5, 34141, Note_on_c, 4, 98, 0
5, 34141, Note_on_c, 4, 95, 100
5, 34165, Note_on_c, 4, 67, 0
5, 34168, Note_on_c, 4, 95, 0
5, 34168, Note_on_c, 4, 91, 100
5, 34195, Note_on_c, 4, 79, 100
5, 34197, Note_on_c, 4, 91, 0
5, 34197, Note_on_c, 4, 88, 100
5, 34228, Note_on_c, 4, 95, 100
5, 34232, Note_on_c, 4, 88, 0
5, 34247, Note_on_c, 4, 95, 0
5, 34258, Note_on_c, 4, 91, 100
5, 34284, Note_on_c, 4, 91, 0
5, 34285, Note_on_c, 4, 88, 100
5, 34300, Note_on_c, 4, 88, 0
5, 34317, Note_on_c, 4, 84, 100
5, 34349, Note_on_c, 4, 88, 100
5, 34356, Note_on_c, 4, 84, 0
5, 34364, Note_on_c, 4, 88, 0
5, 34370, Note_on_c, 4, 79, 0
5, 34376, Note_on_c, 4, 77, 100
5, 34380, Note_on_c, 4, 93, 100
5, 34390, Note_on_c, 4, 77, 0
5, 34404, Note_on_c, 4, 76, 100
5, 34409, Note_on_c, 4, 91, 100
5, 34410, Note_on_c, 4, 93, 0
5, 34419, Note_on_c, 4, 76, 0
5, 34438, Note_on_c, 4, 77, 100
5, 34440, Note_on_c, 4, 93, 100
5, 34442, Note_on_c, 4, 91, 0
5, 34468, Note_on_c, 4, 89, 100
5, 34471, Note_on_c, 4, 93, 0
5, 34499, Note_on_c, 4, 86, 100
5, 34500, Note_on_c, 4, 89, 0
5, 34528, Note_on_c, 4, 89, 100
5, 34530, Note_on_c, 4, 86, 0
5, 34556, Note_on_c, 4, 89, 0
5, 34558, Note_on_c, 4, 83, 100
5, 34583, Note_on_c, 4, 77, 0
5, 34584, Note_on_c, 4, 79, 100
5, 34599, Note_on_c, 4, 83, 0
5, 34611, Note_on_c, 4, 79, 0
5, 34616, Note_on_c, 4, 76, 100
5, 34621, Note_on_c, 4, 83, 100
5, 34646, Note_on_c, 4, 74, 100
5, 34649, Note_on_c, 4, 76, 0
5, 34649, Note_on_c, 4, 83, 0
5, 34650, Note_on_c, 4, 86, 100
5, 34677, Note_on_c, 4, 76, 100
5, 34678, Note_on_c, 4, 86, 0
5, 34679, Note_on_c, 4, 74, 0
5, 34679, Note_on_c, 4, 91, 100
5, 34700, Note_on_c, 4, 91, 0
5, 34707, Note_on_c, 4, 84, 100
5, 34735, Note_on_c, 4, 88, 100
5, 34736, Note_on_c, 4, 84, 0
5, 34737, Note_on_c, 4, 76, 0
5, 34737, Note_on_c, 4, 96, 100
5, 34737, Note_on_c, 4, 72, 100
5, 34764, Note_on_c, 4, 91, 100
5, 34765, Note_on_c, 4, 88, 0
5, 34786, Note_on_c, 4, 91, 0
5, 34792, Note_on_c, 4, 77, 100
5, 34794, Note_on_c, 4, 72, 0
5, 34796, Note_on_c, 4, 93, 100
5, 34798, Note_on_c, 4, 96, 0
5, 34824, Note_on_c, 4, 89, 100
5, 34826, Note_on_c, 4, 93, 0
5, 34844, Note_on_c, 4, 89, 0
5, 34852, Note_on_c, 4, 86, 100
5, 34853, Note_on_c, 4, 101, 100
5, 34871, Note_on_c, 4, 86, 0
5, 34882, Note_on_c, 4, 89, 100
5, 34903, Note_on_c, 4, 89, 0
5, 34911, Note_on_c, 4, 77, 0
5, 34913, Note_on_c, 4, 79, 100
5, 34913, Note_on_c, 4, 83, 100
5, 34943, Note_on_c, 4, 93, 100
5, 34967, Note_on_c, 4, 101, 0
5, 34972, Note_on_c, 4, 93, 0
5, 34973, Note_on_c, 4, 100, 100
5, 34973, Note_on_c, 4, 91, 100
5, 35000, Note_on_c, 4, 91, 0
5, 35001, Note_on_c, 4, 89, 100
5, 35001, Note_on_c, 4, 98, 100
5, 35003, Note_on_c, 4, 100, 0
5, 35027, Note_on_c, 4, 89, 0
5, 35031, Note_on_c, 4, 83, 0
5, 35032, Note_on_c, 4, 98, 0
5, 35034, Note_on_c, 4, 96, 100
5, 35034, Note_on_c, 4, 88, 100
5, 35066, Note_on_c, 4, 98, 100
5, 35069, Note_on_c, 4, 96, 0
5, 35090, Note_on_c, 4, 77, 100
5, 35091, Note_on_c, 4, 86, 100
5, 35093, Note_on_c, 4, 79, 0
5, 35095, Note_on_c, 4, 98, 0
5, 35096, Note_on_c, 4, 95, 100
5, 35106, Note_on_c, 4, 86, 0
5, 35119, Note_on_c, 4, 76, 100
5, 35120, Note_on_c, 4, 77, 0
5, 35121, Note_on_c, 4, 84, 100
5, 35124, Note_on_c, 4, 95, 0
5, 35125, Note_on_c, 4, 96, 100
5, 35132, Note_on_c, 4, 84, 0
5, 35154, Note_on_c, 4, 88, 0
5, 35154, Note_on_c, 4, 76, 0
5, 35154, Note_on_c, 4, 77, 100
5, 35155, Note_on_c, 4, 83, 100
5, 35155, Note_on_c, 4, 98, 100
5, 35156, Note_on_c, 4, 96, 0
5, 35187, Note_on_c, 4, 98, 0
5, 35187, Note_on_c, 4, 96, 100
5, 35193, Note_on_c, 4, 83, 0
5, 35216, Note_on_c, 4, 95, 100
5, 35218, Note_on_c, 4, 96, 0
5, 35218, Note_on_c, 4, 79, 100
5, 35244, Note_on_c, 4, 93, 100
5, 35245, Note_on_c, 4, 95, 0
5, 35252, Note_on_c, 4, 79, 0
5, 35260, Note_on_c, 4, 93, 0
5, 35273, Note_on_c, 4, 84, 100
5, 35275, Note_on_c, 4, 91, 100
5, 35306, Note_on_c, 4, 93, 100
5, 35307, Note_on_c, 4, 91, 0
5, 35316, Note_on_c, 4, 93, 0
5, 35333, Note_on_c, 4, 76, 100
5, 35334, Note_on_c, 4, 77, 0
5, 35339, Note_on_c, 4, 94, 100
5, 35366, Note_on_c, 4, 74, 100
5, 35368, Note_on_c, 4, 76, 0
5, 35396, Note_on_c, 4, 76, 100
5, 35400, Note_on_c, 4, 74, 0
5, 35401, Note_on_c, 4, 84, 0
5, 35429, Note_on_c, 4, 86, 100
5, 35453, Note_on_c, 4, 86, 0
5, 35459, Note_on_c, 4, 84, 100
5, 35459, Note_on_c, 4, 93, 100
5, 35460, Note_on_c, 4, 94, 0
5, 35486, Note_on_c, 4, 84, 0
5, 35488, Note_on_c, 4, 93, 0
5, 35488, Note_on_c, 4, 91, 100
5, 35488, Note_on_c, 4, 82, 100
5, 35504, Note_on_c, 4, 82, 0
5, 35514, Note_on_c, 4, 91, 0
5, 35518, Note_on_c, 4, 81, 100
5, 35519, Note_on_c, 4, 89, 100
5, 35547, Note_on_c, 4, 89, 0
5, 35548, Note_on_c, 4, 91, 100
5, 35551, Note_on_c, 4, 81, 0
5, 35552, Note_on_c, 4, 76, 0
5, 35576, Note_on_c, 4, 74, 100
5, 35577, Note_on_c, 4, 91, 0
5, 35579, Note_on_c, 4, 82, 100
5, 35580, Note_on_c, 4, 88, 100
5, 35610, Note_on_c, 4, 88, 0
5, 35610, Note_on_c, 4, 89, 100
5, 35637, Note_on_c, 4, 89, 0
5, 35639, Note_on_c, 4, 91, 100
5, 35668, Note_on_c, 4, 82, 0
5, 35669, Note_on_c, 4, 91, 0
5, 35669, Note_on_c, 4, 89, 100
5, 35689, Note_on_c, 4, 74, 0
5, 35696, Note_on_c, 4, 89, 0
5, 35696, Note_on_c, 4, 72, 100
5, 35698, Note_on_c, 4, 84, 100
5, 35698, Note_on_c, 4, 88, 100
5, 35711, Note_on_c, 4, 84, 0
5, 35725, Note_on_c, 4, 82, 100
5, 35727, Note_on_c, 4, 86, 100
5, 35729, Note_on_c, 4, 88, 0
5, 35746, Note_on_c, 4, 82, 0
5, 35751, Note_on_c, 4, 86, 0
5, 35759, Note_on_c, 4, 84, 100
5, 35759, Note_on_c, 4, 81, 100
5, 35766, Note_on_c, 4, 72, 0
5, 35785, Note_on_c, 4, 84, 0
5, 35787, Note_on_c, 4, 74, 100
5, 35791, Note_on_c, 4, 81, 0
5, 35816, Note_on_c, 4, 74, 0
5, 35817, Note_on_c, 4, 71, 100
5, 35819, Note_on_c, 4, 89, 100
5, 35820, Note_on_c, 4, 86, 100
5, 35847, Note_on_c, 4, 72, 100
5, 35848, Note_on_c, 4, 71, 0
5, 35862, Note_on_c, 4, 86, 0
5, 35862, Note_on_c, 4, 72, 0
5, 35864, Note_on_c, 4, 89, 0
5, 35878, Note_on_c, 4, 74, 100
5, 35880, Note_on_c, 4, 83, 100
5, 35881, Note_on_c, 4, 79, 100
5, 35907, Note_on_c, 4, 72, 100
5, 35911, Note_on_c, 4, 74, 0
5, 35914, Note_on_c, 4, 83, 0
5, 35938, Note_on_c, 4, 71, 100
5, 35941, Note_on_c, 4, 72, 0
5, 35941, Note_on_c, 4, 86, 100
5, 35969, Note_on_c, 4, 69, 100
5, 35970, Note_on_c, 4, 71, 0
5, 35999, Note_on_c, 4, 67, 100
5, 36002, Note_on_c, 4, 69, 0
5, 36003, Note_on_c, 4, 86, 0
5, 36005, Note_on_c, 4, 84, 100
5, 36027, Note_on_c, 4, 67, 0
5, 36034, Note_on_c, 4, 81, 100
5, 36037, Note_on_c, 4, 79, 0
5, 36037, Note_on_c, 4, 84, 0
5, 36054, Note_on_c, 4, 81, 0
5, 36063, Note_on_c, 4, 72, 100
5, 36066, Note_on_c, 4, 88, 100
5, 36066, Note_on_c, 4, 77, 100
5, 36094, Note_on_c, 4, 79, 100
5, 36095, Note_on_c, 4, 77, 0
5, 36126, Note_on_c, 4, 81, 100
5, 36128, Note_on_c, 4, 79, 0
5, 36152, Note_on_c, 4, 79, 100
5, 36154, Note_on_c, 4, 81, 0
5, 36174, Note_on_c, 4, 79, 0
5, 36179, Note_on_c, 4, 72, 0
5, 36179, Note_on_c, 4, 69, 100
5, 36180, Note_on_c, 4, 77, 100
5, 36181, Note_on_c, 4, 88, 0
5, 36181, Note_on_c, 4, 86, 100
5, 36196, Note_on_c, 4, 77, 0
5, 36210, Note_on_c, 4, 84, 100
5, 36210, Note_on_c, 4, 76, 100
5, 36212, Note_on_c, 4, 86, 0
5, 36221, Note_on_c, 4, 76, 0
5, 36237, Note_on_c, 4, 84, 0
5, 36239, Note_on_c, 4, 74, 100
5, 36240, Note_on_c, 4, 69, 0
5, 36240, Note_on_c, 4, 71, 100
5, 36241, Note_on_c, 4, 83, 100
5, 36258, Note_on_c, 4, 83, 0
5, 36269, Note_on_c, 4, 79, 100
5, 36296, Note_on_c, 4, 79, 0
5, 36298, Note_on_c, 4, 83, 100
5, 36325, Note_on_c, 4, 83, 0
5, 36325, Note_on_c, 4, 86, 100
5, 36348, Note_on_c, 4, 74, 0
5, 36351, Note_on_c, 4, 71, 0
5, 36353, Note_on_c, 4, 91, 100
5, 36354, Note_on_c, 4, 86, 0
5, 36377, Note_on_c, 4, 91, 0
5, 36381, Note_on_c, 4, 67, 100
5, 36382, Note_on_c, 4, 86, 100
5, 36405, Note_on_c, 4, 86, 0
5, 36406, Note_on_c, 4, 67, 0
5, 36409, Note_on_c, 4, 71, 100
5, 36412, Note_on_c, 4, 91, 100
5, 36435, Note_on_c, 4, 71, 0
5, 36435, Note_on_c, 4, 74, 100
5, 36442, Note_on_c, 4, 93, 100
5, 36443, Note_on_c, 4, 91, 0
5, 36447, Note_on_c, 4, 74, 0
5, 36454, Note_on_c, 4, 93, 0
5, 36468, Note_on_c, 4, 79, 100
5, 36472, Note_on_c, 4, 94, 100
5, 36504, Note_on_c, 4, 94, 0
5, 36504, Note_on_c, 4, 91, 100
5, 36530, Note_on_c, 4, 82, 100
5, 36533, Note_on_c, 4, 88, 100
5, 36534, Note_on_c, 4, 91, 0
5, 36560, Note_on_c, 4, 91, 100
5, 36561, Note_on_c, 4, 88, 0
5, 36569, Note_on_c, 4, 82, 0
5, 36571, Note_on_c, 4, 91, 0
5, 36572, Note_on_c, 4, 79, 0
5, 36587, Note_on_c, 4, 76, 100
5, 36588, Note_on_c, 4, 79, 100
5, 36591, Note_on_c, 4, 85, 100
5, 36616, Note_on_c, 4, 76, 0
5, 36618, Note_on_c, 4, 79, 0
5, 36623, Note_on_c, 4, 94, 100
5, 36625, Note_on_c, 4, 85, 0
5, 36645, Note_on_c, 4, 94, 0
5, 36648, Note_on_c, 4, 76, 100
5, 36649, Note_on_c, 4, 73, 100
5, 36653, Note_on_c, 4, 93, 100
5, 36671, Note_on_c, 4, 93, 0
5, 36681, Note_on_c, 4, 76, 0
5, 36681, Note_on_c, 4, 91, 100
5, 36682, Note_on_c, 4, 73, 0
5, 36700, Note_on_c, 4, 91, 0
5, 36707, Note_on_c, 4, 74, 100
5, 36708, Note_on_c, 4, 81, 100
5, 36712, Note_on_c, 4, 90, 100
5, 36732, Note_on_c, 4, 90, 0
5, 36735, Note_on_c, 4, 81, 0
5, 36744, Note_on_c, 4, 86, 100
5, 36746, Note_on_c, 4, 74, 0
5, 36760, Note_on_c, 4, 86, 0
5, 36770, Note_on_c, 4, 81, 100
5, 36774, Note_on_c, 4, 90, 100
5, 36775, Note_on_c, 4, 86, 100
5, 36800, Note_on_c, 4, 90, 0
5, 36803, Note_on_c, 4, 93, 100
5, 36816, Note_on_c, 4, 93, 0
5, 36836, Note_on_c, 4, 95, 100
5, 36839, Note_on_c, 4, 81, 0
5, 36860, Note_on_c, 4, 78, 100
5, 36886, Note_on_c, 4, 78, 0
5, 36891, Note_on_c, 4, 86, 0
5, 36891, Note_on_c, 4, 79, 100
5, 36911, Note_on_c, 4, 79, 0
5, 36920, Note_on_c, 4, 83, 100
5, 36928, Note_on_c, 4, 83, 0
5, 36952, Note_on_c, 4, 88, 100
5, 36978, Note_on_c, 4, 88, 0
5, 36982, Note_on_c, 4, 76, 100
5, 37012, Note_on_c, 4, 81, 100
5, 37013, Note_on_c, 4, 76, 0
5, 37020, Note_on_c, 4, 93, 100
5, 37024, Note_on_c, 4, 95, 0
5, 37045, Note_on_c, 4, 84, 100
5, 37047, Note_on_c, 4, 81, 0
5, 37061, Note_on_c, 4, 84, 0
5, 37076, Note_on_c, 4, 86, 100
5, 37104, Note_on_c, 4, 86, 0
5, 37106, Note_on_c, 4, 79, 100
5, 37128, Note_on_c, 4, 93, 0
5, 37135, Note_on_c, 4, 91, 100
5, 37137, Note_on_c, 4, 79, 0
5, 37137, Note_on_c, 4, 83, 100
5, 37156, Note_on_c, 4, 83, 0
5, 37162, Note_on_c, 4, 86, 100
5, 37174, Note_on_c, 4, 86, 0
5, 37192, Note_on_c, 4, 88, 100
5, 37202, Note_on_c, 4, 91, 0
5, 37224, Note_on_c, 4, 88, 0
5, 37224, Note_on_c, 4, 84, 100
5, 37229, Note_on_c, 4, 88, 100
5, 37253, Note_on_c, 4, 81, 100
5, 37254, Note_on_c, 4, 84, 0
5, 37257, Note_on_c, 4, 90, 100
5, 37261, Note_on_c, 4, 88, 0
5, 37271, Note_on_c, 4, 90, 0
5, 37282, Note_on_c, 4, 84, 100
5, 37286, Note_on_c, 4, 93, 100
5, 37288, Note_on_c, 4, 81, 0
5, 37294, Note_on_c, 4, 84, 0
5, 37297, Note_on_c, 4, 93, 0
5, 37313, Note_on_c, 4, 78, 100
5, 37318, Note_on_c, 4, 96, 100
5, 37342, Note_on_c, 4, 88, 100
5, 37345, Note_on_c, 4, 78, 0
5, 37355, Note_on_c, 4, 96, 0
5, 37355, Note_on_c, 4, 88, 0
5, 37373, Note_on_c, 4, 86, 100
5, 37381, Note_on_c, 4, 90, 100
5, 37399, Note_on_c, 4, 86, 0
5, 37403, Note_on_c, 4, 84, 100
5, 37404, Note_on_c, 4, 90, 0
5, 37417, Note_on_c, 4, 84, 0
5, 37435, Note_on_c, 4, 83, 100
5, 37439, Note_on_c, 4, 91, 100
5, 37465, Note_on_c, 4, 84, 100
5, 37469, Note_on_c, 4, 83, 0
5, 37491, Note_on_c, 4, 84, 0
5, 37496, Note_on_c, 4, 81, 100
5, 37496, Note_on_c, 4, 79, 100
5, 37527, Note_on_c, 4, 81, 0
5, 37527, Note_on_c, 4, 83, 100
5, 37547, Note_on_c, 4, 83, 0
5, 37552, Note_on_c, 4, 91, 0
5, 37553, Note_on_c, 4, 93, 100
5, 37586, Note_on_c, 4, 86, 100
5, 37612, Note_on_c, 4, 79, 0
5, 37612, Note_on_c, 4, 78, 100
5, 37615, Note_on_c, 4, 83, 100
5, 37617, Note_on_c, 4, 86, 0
5, 37641, Note_on_c, 4, 78, 0
5, 37641, Note_on_c, 4, 76, 100
5, 37645, Note_on_c, 4, 86, 100
5, 37647, Note_on_c, 4, 83, 0
5, 37670, Note_on_c, 4, 76, 0
5, 37670, Note_on_c, 4, 74, 100
5, 37675, Note_on_c, 4, 86, 0
5, 37682, Note_on_c, 4, 86, 100
5, 37701, Note_on_c, 4, 74, 0
5, 37701, Note_on_c, 4, 76, 100
5, 37709, Note_on_c, 4, 91, 100
5, 37711, Note_on_c, 4, 93, 0
5, 37714, Note_on_c, 4, 86, 0
5, 37733, Note_on_c, 4, 72, 100
5, 37735, Note_on_c, 4, 76, 0
5, 37740, Note_on_c, 4, 91, 0
5, 37740, Note_on_c, 4, 88, 100
5, 37764, Note_on_c, 4, 72, 0
5, 37764, Note_on_c, 4, 74, 100
5, 37768, Note_on_c, 4, 91, 100
5, 37769, Note_on_c, 4, 88, 0
5, 37781, Note_on_c, 4, 74, 0
5, 37794, Note_on_c, 4, 76, 100
5, 37797, Note_on_c, 4, 91, 0
5, 37797, Note_on_c, 4, 84, 100
5, 37824, Note_on_c, 4, 74, 100
5, 37828, Note_on_c, 4, 76, 0
5, 37829, Note_on_c, 4, 95, 100
5, 37830, Note_on_c, 4, 84, 0
5, 37853, Note_on_c, 4, 72, 100
5, 37857, Note_on_c, 4, 74, 0
5, 37858, Note_on_c, 4, 93, 100
5, 37862, Note_on_c, 4, 95, 0
5, 37884, Note_on_c, 4, 71, 100
5, 37885, Note_on_c, 4, 72, 0
5, 37887, Note_on_c, 4, 91, 100
5, 37891, Note_on_c, 4, 93, 0
5, 37902, Note_on_c, 4, 91, 0
5, 37915, Note_on_c, 4, 69, 100
5, 37916, Note_on_c, 4, 90, 100
5, 37919, Note_on_c, 4, 71, 0
5, 37938, Note_on_c, 4, 69, 0
5, 37941, Note_on_c, 4, 71, 100
5, 37949, Note_on_c, 4, 91, 100
5, 37953, Note_on_c, 4, 90, 0
5, 37970, Note_on_c, 4, 71, 0
5, 37975, Note_on_c, 4, 72, 100
5, 37978, Note_on_c, 4, 91, 0
5, 37978, Note_on_c, 4, 88, 100
5, 38006, Note_on_c, 4, 90, 100
5, 38008, Note_on_c, 4, 88, 0
5, 38025, Note_on_c, 4, 90, 0
5, 38038, Note_on_c, 4, 91, 100
5, 38070, Note_on_c, 4, 88, 100
5, 38071, Note_on_c, 4, 91, 0
5, 38094, Note_on_c, 4, 72, 0
5, 38099, Note_on_c, 4, 88, 0
5, 38100, Note_on_c, 4, 71, 100
5, 38100, Note_on_c, 4, 86, 100
5, 38127, Note_on_c, 4, 69, 100
5, 38129, Note_on_c, 4, 71, 0
5, 38129, Note_on_c, 4, 84, 100
5, 38131, Note_on_c, 4, 86, 0
5, 38149, Note_on_c, 4, 84, 0
5, 38158, Note_on_c, 4, 69, 0
5, 38158, Note_on_c, 4, 67, 100
5, 38160, Note_on_c, 4, 83, 100
5, 38187, Note_on_c, 4, 83, 0
5, 38188, Note_on_c, 4, 86, 100
5, 38189, Note_on_c, 4, 67, 0
5, 38216, Note_on_c, 4, 86, 0
5, 38217, Note_on_c, 4, 71, 100
5, 38218, Note_on_c, 4, 83, 100
5, 38218, Note_on_c, 4, 91, 100
5, 38247, Note_on_c, 4, 79, 100
5, 38249, Note_on_c, 4, 83, 0
5, 38268, Note_on_c, 4, 79, 0
5, 38273, Note_on_c, 4, 71, 0
5, 38275, Note_on_c, 4, 72, 100
5, 38278, Note_on_c, 4, 81, 100
5, 38308, Note_on_c, 4, 83, 100
5, 38311, Note_on_c, 4, 81, 0
5, 38318, Note_on_c, 4, 72, 0
5, 38325, Note_on_c, 4, 83, 0
5, 38336, Note_on_c, 4, 74, 100
5, 38338, Note_on_c, 4, 89, 100
5, 38339, Note_on_c, 4, 84, 100
5, 38340, Note_on_c, 4, 91, 0
5, 38370, Note_on_c, 4, 89, 0
5, 38370, Note_on_c, 4, 88, 100
5, 38379, Note_on_c, 4, 84, 0
5, 38397, Note_on_c, 4, 74, 0
5, 38397, Note_on_c, 4, 67, 100
5, 38400, Note_on_c, 4, 83, 100
5, 38401, Note_on_c, 4, 86, 100
5, 38402, Note_on_c, 4, 88, 0
5, 38427, Note_on_c, 4, 86, 0
5, 38428, Note_on_c, 4, 79, 100
5, 38429, Note_on_c, 4, 88, 100
5, 38434, Note_on_c, 4, 83, 0
5, 38436, Note_on_c, 4, 67, 0
5, 38459, Note_on_c, 4, 79, 0
5, 38459, Note_on_c, 4, 76, 100
5, 38460, Note_on_c, 4, 84, 100
5, 38461, Note_on_c, 4, 88, 0
5, 38487, Note_on_c, 4, 79, 100
5, 38490, Note_on_c, 4, 86, 100
5, 38491, Note_on_c, 4, 84, 0
5, 38492, Note_on_c, 4, 76, 0
5, 38507, Note_on_c, 4, 79, 0
5, 38513, Note_on_c, 4, 86, 0
5, 38517, Note_on_c, 4, 72, 100
5, 38520, Note_on_c, 4, 88, 100
5, 38547, Note_on_c, 4, 83, 100
5, 38549, Note_on_c, 4, 72, 0
5, 38549, Note_on_c, 4, 86, 100
5, 38550, Note_on_c, 4, 88, 0
5, 38576, Note_on_c, 4, 81, 100
5, 38577, Note_on_c, 4, 83, 0
5, 38579, Note_on_c, 4, 84, 100
5, 38580, Note_on_c, 4, 86, 0
5, 38606, Note_on_c, 4, 79, 100
5, 38610, Note_on_c, 4, 81, 0
5, 38610, Note_on_c, 4, 83, 100
5, 38613, Note_on_c, 4, 84, 0
5, 38623, Note_on_c, 4, 83, 0
5, 38626, Note_on_c, 4, 79, 0
5, 38637, Note_on_c, 4, 78, 100
5, 38639, Note_on_c, 4, 81, 100
5, 38666, Note_on_c, 4, 78, 0
5, 38666, Note_on_c, 4, 79, 100
5, 38667, Note_on_c, 4, 81, 0
5, 38667, Note_on_c, 4, 83, 100
5, 38684, Note_on_c, 4, 83, 0
5, 38696, Note_on_c, 4, 76, 100
5, 38697, Note_on_c, 4, 79, 0
5, 38699, Note_on_c, 4, 84, 100
5, 38726, Note_on_c, 4, 78, 100
5, 38727, Note_on_c, 4, 76, 0
5, 38754, Note_on_c, 4, 78, 0
5, 38755, Note_on_c, 4, 79, 100
5, 38784, Note_on_c, 4, 76, 100
5, 38786, Note_on_c, 4, 79, 0
5, 38815, Note_on_c, 4, 83, 100
5, 38815, Note_on_c, 4, 74, 100
5, 38817, Note_on_c, 4, 84, 0
5, 38817, Note_on_c, 4, 76, 0
5, 38841, Note_on_c, 4, 72, 100
5, 38842, Note_on_c, 4, 74, 0
5, 38843, Note_on_c, 4, 81, 100
5, 38848, Note_on_c, 4, 83, 0
5, 38864, Note_on_c, 4, 81, 0
5, 38867, Note_on_c, 4, 72, 0
5, 38870, Note_on_c, 4, 74, 100
5, 38876, Note_on_c, 4, 83, 100
5, 38909, Note_on_c, 4, 79, 100
5, 38910, Note_on_c, 4, 83, 0
5, 38934, Note_on_c, 4, 77, 100
5, 38939, Note_on_c, 4, 83, 100
5, 38942, Note_on_c, 4, 79, 0
5, 38968, Note_on_c, 4, 86, 100
5, 38973, Note_on_c, 4, 74, 0
5, 38974, Note_on_c, 4, 83, 0
5, 38992, Note_on_c, 4, 76, 100
5, 38995, Note_on_c, 4, 86, 0
5, 38998, Note_on_c, 4, 91, 100
5, 39010, Note_on_c, 4, 77, 0
5, 39015, Note_on_c, 4, 91, 0
5, 39029, Note_on_c, 4, 84, 100
5, 39054, Note_on_c, 4, 79, 100
5, 39058, Note_on_c, 4, 88, 100
5, 39062, Note_on_c, 4, 84, 0
5, 39079, Note_on_c, 4, 76, 0
5, 39086, Note_on_c, 4, 91, 100
5, 39088, Note_on_c, 4, 88, 0
5, 39092, Note_on_c, 4, 76, 100
5, 39102, Note_on_c, 4, 91, 0
5, 39110, Note_on_c, 4, 76, 0
5, 39112, Note_on_c, 4, 77, 100
5, 39116, Note_on_c, 4, 79, 0
5, 39117, Note_on_c, 4, 93, 100
5, 39149, Note_on_c, 4, 77, 0
5, 39149, Note_on_c, 4, 89, 100
5, 39150, Note_on_c, 4, 93, 0
5, 39173, Note_on_c, 4, 77, 100
5, 39174, Note_on_c, 4, 81, 100
5, 39182, Note_on_c, 4, 86, 100
5, 39185, Note_on_c, 4, 89, 0
5, 39201, Note_on_c, 4, 77, 0
5, 39205, Note_on_c, 4, 76, 100
5, 39209, Note_on_c, 4, 89, 100
5, 39210, Note_on_c, 4, 86, 0
5, 39214, Note_on_c, 4, 76, 0
5, 39234, Note_on_c, 4, 89, 0
5, 39238, Note_on_c, 4, 74, 100
5, 39241, Note_on_c, 4, 83, 100
5, 39271, Note_on_c, 4, 93, 100
5, 39272, Note_on_c, 4, 81, 0
5, 39289, Note_on_c, 4, 93, 0
5, 39302, Note_on_c, 4, 91, 100
5, 39315, Note_on_c, 4, 91, 0
5, 39334, Note_on_c, 4, 89, 100
5, 39342, Note_on_c, 4, 89, 0
5, 39364, Note_on_c, 4, 88, 100
5, 39367, Note_on_c, 4, 83, 0
5, 39391, Note_on_c, 4, 74, 0
5, 39391, Note_on_c, 4, 76, 100
5, 39419, Note_on_c, 4, 72, 100
5, 39421, Note_on_c, 4, 76, 0
5, 39421, Note_on_c, 4, 79, 100
5, 39445, Note_on_c, 4, 79, 100
5, 39446, Note_on_c, 4, 79, 0
5, 39447, Note_on_c, 4, 72, 0
5, 39447, Note_on_c, 4, 71, 100
5, 39451, Note_on_c, 4, 79, 0
5, 39452, Note_on_c, 4, 88, 0
5, 39477, Note_on_c, 4, 71, 0
5, 39477, Note_on_c, 4, 93, 100
5, 39477, Note_on_c, 4, 72, 100
5, 39501, Note_on_c, 4, 72, 0
5, 39507, Note_on_c, 4, 81, 100
5, 39533, Note_on_c, 4, 76, 100
5, 39535, Note_on_c, 4, 81, 0
5, 39538, Note_on_c, 4, 84, 100
5, 39565, Note_on_c, 4, 88, 100
5, 39567, Note_on_c, 4, 84, 0
5, 39580, Note_on_c, 4, 88, 0
5, 39595, Note_on_c, 4, 89, 100
5, 39625, Note_on_c, 4, 89, 0
5, 39627, Note_on_c, 4, 86, 100
5, 39652, Note_on_c, 4, 74, 100
5, 39655, Note_on_c, 4, 76, 0
5, 39656, Note_on_c, 4, 86, 0
5, 39656, Note_on_c, 4, 83, 100
5, 39680, Note_on_c, 4, 74, 0
5, 39680, Note_on_c, 4, 72, 100
5, 39685, Note_on_c, 4, 86, 100
5, 39686, Note_on_c, 4, 83, 0
5, 39700, Note_on_c, 4, 86, 0
5, 39710, Note_on_c, 4, 72, 0
5, 39711, Note_on_c, 4, 74, 100
5, 39712, Note_on_c, 4, 79, 100
5, 39714, Note_on_c, 4, 95, 100
5, 39715, Note_on_c, 4, 93, 0
5, 39726, Note_on_c, 4, 79, 0
5, 39745, Note_on_c, 4, 89, 100
5, 39765, Note_on_c, 4, 74, 0
5, 39771, Note_on_c, 4, 77, 100
5, 39775, Note_on_c, 4, 89, 0
5, 39776, Note_on_c, 4, 88, 100
5, 39803, Note_on_c, 4, 88, 0
5, 39804, Note_on_c, 4, 86, 100
5, 39827, Note_on_c, 4, 96, 100
5, 39828, Note_on_c, 4, 95, 0
5, 39828, Note_on_c, 4, 91, 100
5, 39832, Note_on_c, 4, 86, 0
5, 39867, Note_on_c, 4, 77, 0
5, 39871, Note_on_c, 4, 88, 100
5, 39873, Note_on_c, 4, 91, 0
5, 39890, Note_on_c, 4, 76, 100
5, 39900, Note_on_c, 4, 91, 100
5, 39902, Note_on_c, 4, 88, 0
5, 39930, Note_on_c, 4, 84, 100
5, 39931, Note_on_c, 4, 91, 0
5, 39946, Note_on_c, 4, 84, 0
5, 39956, Note_on_c, 4, 81, 100
5, 39960, Note_on_c, 4, 81, 100
5, 39978, Note_on_c, 4, 76, 0
5, 39985, Note_on_c, 4, 81, 0
5, 39990, Note_on_c, 4, 91, 100
5, 39999, Note_on_c, 4, 81, 0
5, 40015, Note_on_c, 4, 74, 100
5, 40019, Note_on_c, 4, 91, 0
5, 40019, Note_on_c, 4, 89, 100
5, 40043, Note_on_c, 4, 74, 0
5, 40043, Note_on_c, 4, 72, 100
5, 40046, Note_on_c, 4, 89, 0
5, 40047, Note_on_c, 4, 88, 100
5, 40066, Note_on_c, 4, 96, 0
5, 40071, Note_on_c, 4, 88, 0
5, 40073, Note_on_c, 4, 71, 100
5, 40074, Note_on_c, 4, 72, 0
5, 40079, Note_on_c, 4, 86, 100
5, 40105, Note_on_c, 4, 72, 100
5, 40106, Note_on_c, 4, 71, 0
5, 40134, Note_on_c, 4, 72, 0
5, 40135, Note_on_c, 4, 69, 100
5, 40137, Note_on_c, 4, 98, 100
5, 40163, Note_on_c, 4, 71, 100
5, 40167, Note_on_c, 4, 69, 0
5, 40195, Note_on_c, 4, 72, 100
5, 40196, Note_on_c, 4, 71, 0
5, 40196, Note_on_c, 4, 88, 100
5, 40197, Note_on_c, 4, 86, 0
5, 40222, Note_on_c, 4, 71, 100
5, 40223, Note_on_c, 4, 72, 0
5, 40251, Note_on_c, 4, 71, 0
5, 40253, Note_on_c, 4, 69, 100
5, 40257, Note_on_c, 4, 96, 100
5, 40258, Note_on_c, 4, 98, 0
5, 40258, Note_on_c, 4, 88, 0
5, 40258, Note_on_c, 4, 90, 100
5, 40284, Note_on_c, 4, 67, 100
5, 40286, Note_on_c, 4, 69, 0
5, 40288, Note_on_c, 4, 90, 0
5, 40304, Note_on_c, 4, 67, 0
5, 40314, Note_on_c, 4, 74, 100
5, 40318, Note_on_c, 4, 95, 100
5, 40318, Note_on_c, 4, 91, 100
5, 40321, Note_on_c, 4, 96, 0
5, 40355, Note_on_c, 4, 96, 100
5, 40357, Note_on_c, 4, 74, 0
5, 40357, Note_on_c, 4, 95, 0
5, 40381, Note_on_c, 4, 72, 100
5, 40383, Note_on_c, 4, 96, 0
5, 40384, Note_on_c, 4, 93, 100
5, 40402, Note_on_c, 4, 93, 0
5, 40403, Note_on_c, 4, 72, 0
5, 40409, Note_on_c, 4, 74, 100
5, 40412, Note_on_c, 4, 95, 100
5, 40424, Note_on_c, 4, 95, 0
5, 40425, Note_on_c, 4, 74, 0
5, 40440, Note_on_c, 4, 96, 100
5, 40440, Note_on_c, 4, 76, 100
5, 40441, Note_on_c, 4, 91, 0
5, 40471, Note_on_c, 4, 94, 100
5, 40473, Note_on_c, 4, 96, 0
5, 40501, Note_on_c, 4, 94, 0
5, 40502, Note_on_c, 4, 93, 100
5, 40529, Note_on_c, 4, 91, 100
5, 40530, Note_on_c, 4, 93, 0
5, 40552, Note_on_c, 4, 91, 0
5, 40558, Note_on_c, 4, 93, 100
5, 40588, Note_on_c, 4, 81, 100
5, 40595, Note_on_c, 4, 76, 0
5, 40615, Note_on_c, 4, 81, 0
5, 40615, Note_on_c, 4, 74, 100
5, 40618, Note_on_c, 4, 86, 100
5, 40632, Note_on_c, 4, 74, 0
5, 40639, Note_on_c, 4, 86, 0
5, 40643, Note_on_c, 4, 73, 100
5, 40647, Note_on_c, 4, 93, 0
5, 40647, Note_on_c, 4, 89, 100
5, 40653, Note_on_c, 4, 73, 0
5, 40673, Note_on_c, 4, 89, 0
5, 40676, Note_on_c, 4, 74, 100
5, 40676, Note_on_c, 4, 93, 100
5, 40705, Note_on_c, 4, 93, 0
5, 40706, Note_on_c, 4, 86, 100
5, 40727, Note_on_c, 4, 86, 0
5, 40735, Note_on_c, 4, 89, 100
5, 40759, Note_on_c, 4, 89, 0
5, 40764, Note_on_c, 4, 93, 100
5, 40780, Note_on_c, 4, 93, 0
5, 40795, Note_on_c, 4, 94, 100
5, 40812, Note_on_c, 4, 74, 0
5, 40824, Note_on_c, 4, 94, 0
5, 40825, Note_on_c, 4, 91, 100
5, 40852, Note_on_c, 4, 73, 100
5, 40856, Note_on_c, 4, 91, 0
5, 40856, Note_on_c, 4, 88, 100
5, 40868, Note_on_c, 4, 73, 0
5, 40880, Note_on_c, 4, 74, 100
5, 40885, Note_on_c, 4, 91, 100
5, 40891, Note_on_c, 4, 88, 0
5, 40895, Note_on_c, 4, 74, 0
5, 40902, Note_on_c, 4, 91, 0
5, 40913, Note_on_c, 4, 76, 100
5, 40915, Note_on_c, 4, 85, 100
5, 40936, Note_on_c, 4, 85, 0
5, 40945, Note_on_c, 4, 94, 100
5, 40957, Note_on_c, 4, 76, 0
5, 40974, Note_on_c, 4, 94, 0
5, 40974, Note_on_c, 4, 97, 100
5, 40974, Note_on_c, 4, 69, 100
5, 40976, Note_on_c, 4, 93, 100
5, 41003, Note_on_c, 4, 93, 0
5, 41004, Note_on_c, 4, 91, 100
5, 41008, Note_on_c, 4, 97, 0
5, 41036, Note_on_c, 4, 89, 100
5, 41036, Note_on_c, 4, 98, 100
5, 41037, Note_on_c, 4, 91, 0
5, 41063, Note_on_c, 4, 98, 0
5, 41065, Note_on_c, 4, 89, 0
5, 41066, Note_on_c, 4, 88, 100
5, 41076, Note_on_c, 4, 69, 0
5, 41092, Note_on_c, 4, 88, 0
5, 41095, Note_on_c, 4, 101, 100
5, 41095, Note_on_c, 4, 86, 100
5, 41124, Note_on_c, 4, 84, 100
5, 41127, Note_on_c, 4, 86, 0
5, 41153, Note_on_c, 4, 84, 0
5, 41154, Note_on_c, 4, 83, 100
5, 41185, Note_on_c, 4, 81, 100
5, 41186, Note_on_c, 4, 83, 0
5, 41212, Note_on_c, 4, 81, 0
5, 41213, Note_on_c, 4, 101, 0
5, 41214, Note_on_c, 4, 80, 100
5, 41217, Note_on_c, 4, 100, 100
5, 41235, Note_on_c, 4, 80, 0
5, 41243, Note_on_c, 4, 83, 100
5, 41245, Note_on_c, 4, 98, 100
5, 41246, Note_on_c, 4, 100, 0
5, 41254, Note_on_c, 4, 83, 0
5, 41259, Note_on_c, 4, 98, 0
5, 41275, Note_on_c, 4, 81, 100
5, 41278, Note_on_c, 4, 96, 100
5, 41308, Note_on_c, 4, 96, 0
5, 41308, Note_on_c, 4, 98, 100
5, 41334, Note_on_c, 4, 98, 0
5, 41337, Note_on_c, 4, 95, 100
5, 41340, Note_on_c, 4, 72, 100
5, 41359, Note_on_c, 4, 81, 0
5, 41360, Note_on_c, 4, 72, 0
5, 41366, Note_on_c, 4, 95, 0
5, 41366, Note_on_c, 4, 96, 100
5, 41394, Note_on_c, 4, 77, 100
5, 41397, Note_on_c, 4, 98, 100
5, 41398, Note_on_c, 4, 96, 0
5, 41425, Note_on_c, 4, 96, 100
5, 41426, Note_on_c, 4, 98, 0
5, 41455, Note_on_c, 4, 96, 0
5, 41457, Note_on_c, 4, 95, 100
5, 41457, Note_on_c, 4, 84, 100
5, 41482, Note_on_c, 4, 84, 0
5, 41486, Note_on_c, 4, 95, 0
5, 41487, Note_on_c, 4, 93, 100
5, 41516, Note_on_c, 4, 93, 0
5, 41516, Note_on_c, 4, 91, 100
5, 41517, Note_on_c, 4, 86, 100
5, 41535, Note_on_c, 4, 77, 0
5, 41545, Note_on_c, 4, 79, 100
5, 41561, Note_on_c, 4, 79, 0
5, 41575, Note_on_c, 4, 76, 100
5, 41605, Note_on_c, 4, 76, 0
5, 41605, Note_on_c, 4, 77, 100
5, 41624, Note_on_c, 4, 77, 0
5, 41634, Note_on_c, 4, 79, 100
5, 41645, Note_on_c, 4, 86, 0
5, 41664, Note_on_c, 4, 77, 100
5, 41666, Note_on_c, 4, 79, 0
5, 41694, Note_on_c, 4, 86, 100
5, 41694, Note_on_c, 4, 76, 100
5, 41696, Note_on_c, 4, 77, 0
5, 41715, Note_on_c, 4, 86, 0
5, 41723, Note_on_c, 4, 74, 100
5, 41724, Note_on_c, 4, 76, 0
5, 41753, Note_on_c, 4, 74, 0
5, 41753, Note_on_c, 4, 76, 100
5, 41756, Note_on_c, 4, 79, 100
5, 41778, Note_on_c, 4, 76, 0
5, 41786, Note_on_c, 4, 91, 0
5, 41786, Note_on_c, 4, 93, 100
5, 41790, Note_on_c, 4, 79, 0
5, 41804, Note_on_c, 4, 93, 0
5, 41813, Note_on_c, 4, 72, 100
5, 41817, Note_on_c, 4, 89, 100
5, 41817, Note_on_c, 4, 88, 100
5, 41837, Note_on_c, 4, 72, 0
5, 41848, Note_on_c, 4, 89, 0
5, 41851, Note_on_c, 4, 91, 100
5, 41873, Note_on_c, 4, 77, 100
5, 41881, Note_on_c, 4, 93, 100
5, 41883, Note_on_c, 4, 91, 0
5, 41907, Note_on_c, 4, 88, 0
5, 41912, Note_on_c, 4, 91, 100
5, 41916, Note_on_c, 4, 93, 0
5, 41941, Note_on_c, 4, 89, 100
5, 41941, Note_on_c, 4, 86, 100
5, 41944, Note_on_c, 4, 91, 0
5, 41967, Note_on_c, 4, 86, 0
5, 41969, Note_on_c, 4, 89, 0
5, 41969, Note_on_c, 4, 84, 100
5, 41970, Note_on_c, 4, 88, 100
5, 41997, Note_on_c, 4, 84, 0
5, 41999, Note_on_c, 4, 88, 0
5, 42000, Note_on_c, 4, 86, 100
5, 42001, Note_on_c, 4, 82, 100
5, 42012, Note_on_c, 4, 77, 0
5, 42026, Note_on_c, 4, 88, 100
5, 42027, Note_on_c, 4, 86, 0
5, 42028, Note_on_c, 4, 82, 0
5, 42029, Note_on_c, 4, 84, 100
5, 42042, Note_on_c, 4, 88, 0
5, 42054, Note_on_c, 4, 65, 100
5, 42058, Note_on_c, 4, 84, 0
5, 42060, Note_on_c, 4, 81, 100
5, 42062, Note_on_c, 4, 89, 100
5, 42071, Note_on_c, 4, 65, 0
5, 42084, Note_on_c, 4, 67, 100
5, 42094, Note_on_c, 4, 83, 100
5, 42099, Note_on_c, 4, 67, 0
5, 42101, Note_on_c, 4, 81, 0
5, 42117, Note_on_c, 4, 69, 100
5, 42124, Note_on_c, 4, 84, 100
5, 42125, Note_on_c, 4, 83, 0
5, 42151, Note_on_c, 4, 81, 100
5, 42153, Note_on_c, 4, 69, 0
5, 42154, Note_on_c, 4, 84, 0
5, 42176, Note_on_c, 4, 89, 0
5, 42177, Note_on_c, 4, 71, 100
5, 42180, Note_on_c, 4, 79, 100
5, 42181, Note_on_c, 4, 88, 100
5, 42183, Note_on_c, 4, 81, 0
5, 42202, Note_on_c, 4, 71, 0
5, 42208, Note_on_c, 4, 86, 100
5, 42208, Note_on_c, 4, 77, 100
5, 42209, Note_on_c, 4, 88, 0
5, 42210, Note_on_c, 4, 79, 0
5, 42234, Note_on_c, 4, 72, 100
5, 42237, Note_on_c, 4, 77, 0
5, 42238, Note_on_c, 4, 76, 100
5, 42239, Note_on_c, 4, 86, 0
5, 42239, Note_on_c, 4, 84, 100
5, 42266, Note_on_c, 4, 79, 100
5, 42267, Note_on_c, 4, 76, 0
5, 42276, Note_on_c, 4, 72, 0
5, 42284, Note_on_c, 4, 79, 0
5, 42296, Note_on_c, 4, 77, 100
5, 42325, Note_on_c, 4, 77, 0
5, 42326, Note_on_c, 4, 79, 100
5, 42339, Note_on_c, 4, 84, 0
5, 42357, Note_on_c, 4, 79, 0
5, 42357, Note_on_c, 4, 81, 100
5, 42387, Note_on_c, 4, 79, 100
5, 42391, Note_on_c, 4, 81, 0
5, 42413, Note_on_c, 4, 72, 100
5, 42418, Note_on_c, 4, 77, 100
5, 42422, Note_on_c, 4, 79, 0
5, 42439, Note_on_c, 4, 77, 0
5, 42445, Note_on_c, 4, 76, 100
5, 42459, Note_on_c, 4, 76, 0
5, 42476, Note_on_c, 4, 74, 100
5, 42503, Note_on_c, 4, 70, 100
5, 42505, Note_on_c, 4, 72, 0
5, 42532, Note_on_c, 4, 70, 0
5, 42533, Note_on_c, 4, 69, 100
5, 42561, Note_on_c, 4, 70, 100
5, 42563, Note_on_c, 4, 69, 0
5, 42566, Note_on_c, 4, 74, 0
5, 42567, Note_on_c, 4, 76, 100
5, 42574, Note_on_c, 4, 70, 0
5, 42592, Note_on_c, 4, 72, 100
5, 42593, Note_on_c, 4, 76, 0
5, 42599, Note_on_c, 4, 77, 100
5, 42616, Note_on_c, 4, 77, 0
5, 42616, Note_on_c, 4, 76, 100
5, 42621, Note_on_c, 4, 70, 100
5, 42625, Note_on_c, 4, 72, 0
5, 42630, Note_on_c, 4, 76, 0
5, 42631, Note_on_c, 4, 77, 100
5, 42642, Note_on_c, 4, 77, 0
5, 42642, Note_on_c, 4, 76, 100
5, 42650, Note_on_c, 4, 69, 100
5, 42651, Note_on_c, 4, 70, 0
5, 42653, Note_on_c, 4, 76, 0
5, 42654, Note_on_c, 4, 77, 100
5, 42662, Note_on_c, 4, 76, 100
5, 42672, Note_on_c, 4, 77, 0
5, 42678, Note_on_c, 4, 67, 100
5, 42680, Note_on_c, 4, 69, 0
5, 42682, Note_on_c, 4, 74, 100
5, 42683, Note_on_c, 4, 76, 0
5, 42696, Note_on_c, 4, 76, 100
5, 42702, Note_on_c, 4, 67, 0
5, 42703, Note_on_c, 4, 74, 0
5, 42709, Note_on_c, 4, 69, 100
5, 42720, Note_on_c, 4, 76, 0
5, 42722, Note_on_c, 4, 77, 100
5, 42753, Note_on_c, 4, 84, 100
5, 42782, Note_on_c, 4, 84, 0
5, 42782, Note_on_c, 4, 83, 100
5, 42806, Note_on_c, 4, 83, 0
5, 42807, Note_on_c, 4, 69, 0
5, 42809, Note_on_c, 4, 71, 100
5, 42811, Note_on_c, 4, 84, 100
5, 42837, Note_on_c, 4, 84, 0
5, 42838, Note_on_c, 4, 71, 0
5, 42840, Note_on_c, 4, 86, 100
5, 42841, Note_on_c, 4, 72, 100
5, 42854, Note_on_c, 4, 71, 100
5, 42855, Note_on_c, 4, 72, 0
5, 42867, Note_on_c, 4, 71, 0
5, 42869, Note_on_c, 4, 72, 100
5, 42870, Note_on_c, 4, 86, 0
5, 42870, Note_on_c, 4, 84, 100
5, 42881, Note_on_c, 4, 71, 100
5, 42882, Note_on_c, 4, 72, 0
5, 42893, Note_on_c, 4, 71, 0
5, 42894, Note_on_c, 4, 72, 100
5, 42899, Note_on_c, 4, 84, 0
5, 42900, Note_on_c, 4, 83, 100
5, 42903, Note_on_c, 4, 71, 100
5, 42909, Note_on_c, 4, 72, 0
5, 42919, Note_on_c, 4, 71, 0
5, 42919, Note_on_c, 4, 69, 100
5, 42929, Note_on_c, 4, 81, 100
5, 42932, Note_on_c, 4, 71, 100
5, 42933, Note_on_c, 4, 83, 0
5, 42939, Note_on_c, 4, 69, 0
5, 42940, Note_on_c, 4, 81, 0
5, 42954, Note_on_c, 4, 71, 0
5, 42956, Note_on_c, 4, 72, 100
5, 42959, Note_on_c, 4, 79, 100
5, 42987, Note_on_c, 4, 77, 100
5, 42990, Note_on_c, 4, 91, 100
5, 42995, Note_on_c, 4, 79, 0
5, 42995, Note_on_c, 4, 76, 100
5, 42996, Note_on_c, 4, 77, 0
5, 43010, Note_on_c, 4, 72, 0
5, 43013, Note_on_c, 4, 72, 100
5, 43014, Note_on_c, 4, 74, 100
5, 43015, Note_on_c, 4, 76, 0
5, 43021, Note_on_c, 4, 89, 100
5, 43023, Note_on_c, 4, 91, 0
5, 43038, Note_on_c, 4, 74, 0
5, 43044, Note_on_c, 4, 76, 100
5, 43049, Note_on_c, 4, 91, 100
5, 43050, Note_on_c, 4, 89, 0
5, 43071, Note_on_c, 4, 77, 0
5, 43076, Note_on_c, 4, 76, 0
5, 43076, Note_on_c, 4, 77, 100
5, 43077, Note_on_c, 4, 93, 100
5, 43079, Note_on_c, 4, 91, 0
5, 43104, Note_on_c, 4, 76, 100
5, 43106, Note_on_c, 4, 72, 0
5, 43107, Note_on_c, 4, 91, 100
5, 43109, Note_on_c, 4, 77, 0
5, 43109, Note_on_c, 4, 93, 0
5, 43133, Note_on_c, 4, 74, 100
5, 43135, Note_on_c, 4, 76, 0
5, 43137, Note_on_c, 4, 91, 0
5, 43137, Note_on_c, 4, 89, 100
5, 43161, Note_on_c, 4, 72, 100
5, 43163, Note_on_c, 4, 89, 0
5, 43165, Note_on_c, 4, 74, 0
5, 43165, Note_on_c, 4, 88, 100
5, 43190, Note_on_c, 4, 79, 100
5, 43193, Note_on_c, 4, 72, 0
5, 43193, Note_on_c, 4, 88, 0
5, 43194, Note_on_c, 4, 86, 100
5, 43217, Note_on_c, 4, 86, 0
5, 43221, Note_on_c, 4, 71, 100
5, 43226, Note_on_c, 4, 98, 100
5, 43251, Note_on_c, 4, 69, 100
5, 43254, Note_on_c, 4, 71, 0
5, 43256, Note_on_c, 4, 98, 0
5, 43256, Note_on_c, 4, 96, 100
5, 43280, Note_on_c, 4, 71, 100
5, 43285, Note_on_c, 4, 69, 0
5, 43285, Note_on_c, 4, 98, 100
5, 43287, Note_on_c, 4, 96, 0
5, 43311, Note_on_c, 4, 72, 100
5, 43314, Note_on_c, 4, 71, 0
5, 43314, Note_on_c, 4, 98, 0
5, 43315, Note_on_c, 4, 100, 100
5, 43340, Note_on_c, 4, 71, 100
5, 43344, Note_on_c, 4, 72, 0
5, 43346, Note_on_c, 4, 98, 100
5, 43349, Note_on_c, 4, 100, 0
5, 43373, Note_on_c, 4, 69, 100
5, 43377, Note_on_c, 4, 96, 100
5, 43378, Note_on_c, 4, 71, 0
5, 43379, Note_on_c, 4, 98, 0
5, 43404, Note_on_c, 4, 96, 0
5, 43405, Note_on_c, 4, 95, 100
5, 43409, Note_on_c, 4, 69, 0
5, 43416, Note_on_c, 4, 95, 0
5, 43431, Note_on_c, 4, 74, 100
5, 43437, Note_on_c, 4, 93, 100
5, 43461, Note_on_c, 4, 77, 100
5, 43464, Note_on_c, 4, 79, 0
5, 43489, Note_on_c, 4, 77, 0
5, 43489, Note_on_c, 4, 76, 100
5, 43518, Note_on_c, 4, 77, 100
5, 43519, Note_on_c, 4, 76, 0
5, 43528, Note_on_c, 4, 95, 100
5, 43529, Note_on_c, 4, 93, 0
5, 43548, Note_on_c, 4, 95, 0
5, 43554, Note_on_c, 4, 77, 0
5, 43555, Note_on_c, 4, 79, 100
5, 43558, Note_on_c, 4, 96, 100
5, 43571, Note_on_c, 4, 95, 100
5, 43572, Note_on_c, 4, 96, 0
5, 43583, Note_on_c, 4, 95, 0
5, 43584, Note_on_c, 4, 96, 100
5, 43584, Note_on_c, 4, 77, 100
5, 43586, Note_on_c, 4, 79, 0
5, 43595, Note_on_c, 4, 96, 0
5, 43595, Note_on_c, 4, 95, 100
5, 43608, Note_on_c, 4, 96, 100
5, 43612, Note_on_c, 4, 96, 0
5, 43612, Note_on_c, 4, 76, 100
5, 43616, Note_on_c, 4, 74, 0
5, 43618, Note_on_c, 4, 77, 0
5, 43620, Note_on_c, 4, 96, 100
5, 43621, Note_on_c, 4, 95, 0
5, 43628, Note_on_c, 4, 95, 100
5, 43629, Note_on_c, 4, 96, 0
5, 43639, Note_on_c, 4, 74, 100
5, 43643, Note_on_c, 4, 93, 100
5, 43646, Note_on_c, 4, 76, 0
5, 43646, Note_on_c, 4, 95, 0
5, 43647, Note_on_c, 4, 74, 0
5, 43657, Note_on_c, 4, 93, 0
5, 43658, Note_on_c, 4, 95, 100
5, 43667, Note_on_c, 4, 76, 100
5, 43668, Note_on_c, 4, 69, 100
5, 43671, Note_on_c, 4, 95, 0
5, 43677, Note_on_c, 4, 96, 100
5, 43705, Note_on_c, 4, 76, 0
5, 43708, Note_on_c, 4, 88, 100
5, 43737, Note_on_c, 4, 86, 100
5, 43740, Note_on_c, 4, 88, 0
5, 43749, Note_on_c, 4, 69, 0
5, 43769, Note_on_c, 4, 88, 100
5, 43771, Note_on_c, 4, 86, 0
5, 43793, Note_on_c, 4, 81, 100
5, 43798, Note_on_c, 4, 89, 100
5, 43799, Note_on_c, 4, 88, 0
5, 43830, Note_on_c, 4, 88, 100
5, 43831, Note_on_c, 4, 89, 0
5, 43856, Note_on_c, 4, 86, 100
5, 43859, Note_on_c, 4, 86, 100
5, 43861, Note_on_c, 4, 88, 0
5, 43882, Note_on_c, 4, 86, 0
5, 43883, Note_on_c, 4, 84, 100
5, 43886, Note_on_c, 4, 84, 100
5, 43890, Note_on_c, 4, 81, 0
5, 43890, Note_on_c, 4, 86, 0
5, 43909, Note_on_c, 4, 84, 0
5, 43911, Note_on_c, 4, 81, 100
5, 43918, Note_on_c, 4, 84, 0
5, 43919, Note_on_c, 4, 96, 0
5, 43919, Note_on_c, 4, 86, 100
5, 43920, Note_on_c, 4, 95, 100
5, 43946, Note_on_c, 4, 81, 0
5, 43946, Note_on_c, 4, 80, 100
5, 43975, Note_on_c, 4, 80, 0
5, 43975, Note_on_c, 4, 78, 100
5, 44004, Note_on_c, 4, 80, 100
5, 44005, Note_on_c, 4, 78, 0
5, 44008, Note_on_c, 4, 89, 100
5, 44011, Note_on_c, 4, 86, 0
5, 44020, Note_on_c, 4, 89, 0
5, 44034, Note_on_c, 4, 80, 0
5, 44035, Note_on_c, 4, 81, 100
5, 44039, Note_on_c, 4, 89, 100
5, 44053, Note_on_c, 4, 88, 100
5, 44054, Note_on_c, 4, 89, 0
5, 44065, Note_on_c, 4, 80, 100
5, 44066, Note_on_c, 4, 88, 0
5, 44068, Note_on_c, 4, 81, 0
5, 44068, Note_on_c, 4, 89, 100
5, 44076, Note_on_c, 4, 88, 100
5, 44077, Note_on_c, 4, 89, 0
5, 44083, Note_on_c, 4, 88, 0
5, 44083, Note_on_c, 4, 89, 100
5, 44089, Note_on_c, 4, 88, 100
5, 44093, Note_on_c, 4, 89, 0
5, 44093, Note_on_c, 4, 78, 100
5, 44094, Note_on_c, 4, 80, 0
5, 44120, Note_on_c, 4, 76, 100
5, 44121, Note_on_c, 4, 86, 100
5, 44122, Note_on_c, 4, 88, 0
5, 44125, Note_on_c, 4, 78, 0
5, 44145, Note_on_c, 4, 76, 0
5, 44149, Note_on_c, 4, 81, 100
5, 44152, Note_on_c, 4, 84, 100
5, 44154, Note_on_c, 4, 86, 0
5, 44155, Note_on_c, 4, 95, 0
5, 44185, Note_on_c, 4, 93, 100
5, 44214, Note_on_c, 4, 92, 100
5, 44215, Note_on_c, 4, 93, 0
5, 44227, Note_on_c, 4, 84, 0
5, 44239, Note_on_c, 4, 79, 100
5, 44242, Note_on_c, 4, 81, 0
5, 44243, Note_on_c, 4, 93, 100
5, 44244, Note_on_c, 4, 86, 100
5, 44245, Note_on_c, 4, 92, 0
5, 44252, Note_on_c, 4, 79, 0
5, 44261, Note_on_c, 4, 86, 0
5, 44268, Note_on_c, 4, 93, 0
5, 44273, Note_on_c, 4, 79, 100
5, 44276, Note_on_c, 4, 88, 100
5, 44276, Note_on_c, 4, 95, 100
5, 44284, Note_on_c, 4, 79, 0
5, 44285, Note_on_c, 4, 77, 100
5, 44294, Note_on_c, 4, 77, 0
5, 44295, Note_on_c, 4, 79, 100
5, 44302, Note_on_c, 4, 77, 100
5, 44304, Note_on_c, 4, 79, 0
5, 44307, Note_on_c, 4, 93, 100
5, 44309, Note_on_c, 4, 95, 0
5, 44309, Note_on_c, 4, 77, 0
5, 44310, Note_on_c, 4, 79, 100
5, 44317, Note_on_c, 4, 77, 100
5, 44321, Note_on_c, 4, 77, 0
5, 44328, Note_on_c, 4, 77, 100
5, 44330, Note_on_c, 4, 79, 0
5, 44337, Note_on_c, 4, 79, 100
5, 44338, Note_on_c, 4, 93, 0
5, 44338, Note_on_c, 4, 92, 100
5, 44341, Note_on_c, 4, 79, 0
5, 44364, Note_on_c, 4, 77, 0
5, 44364, Note_on_c, 4, 76, 100
5, 44365, Note_on_c, 4, 93, 100
5, 44366, Note_on_c, 4, 92, 0
5, 44377, Note_on_c, 4, 93, 0
5, 44380, Note_on_c, 4, 77, 100
5, 44381, Note_on_c, 4, 76, 0
5, 44394, Note_on_c, 4, 77, 0
5, 44396, Note_on_c, 4, 92, 100
5, 44396, Note_on_c, 4, 76, 100
5, 44425, Note_on_c, 4, 76, 0
5, 44425, Note_on_c, 4, 77, 100
5, 44451, Note_on_c, 4, 77, 0
5, 44451, Note_on_c, 4, 74, 100
5, 44460, Note_on_c, 4, 88, 0
5, 44479, Note_on_c, 4, 76, 100
5, 44484, Note_on_c, 4, 74, 0
5, 44489, Note_on_c, 4, 92, 0
5, 44489, Note_on_c, 4, 88, 100
5, 44505, Note_on_c, 4, 88, 0
5, 44510, Note_on_c, 4, 76, 0
5, 44510, Note_on_c, 4, 77, 100
5, 44522, Note_on_c, 4, 93, 100
5, 44522, Note_on_c, 4, 84, 100
5, 44548, Note_on_c, 4, 76, 100
5, 44549, Note_on_c, 4, 77, 0
5, 44578, Note_on_c, 4, 74, 100
5, 44582, Note_on_c, 4, 76, 0
5, 44584, Note_on_c, 4, 84, 0
5, 44607, Note_on_c, 4, 72, 100
5, 44608, Note_on_c, 4, 74, 0
5, 44612, Note_on_c, 4, 81, 100
5, 44626, Note_on_c, 4, 81, 0
5, 44637, Note_on_c, 4, 72, 0
5, 44640, Note_on_c, 4, 74, 100
5, 44649, Note_on_c, 4, 83, 100
5, 44676, Note_on_c, 4, 76, 100
5, 44680, Note_on_c, 4, 74, 0
5, 44708, Note_on_c, 4, 72, 100
5, 44710, Note_on_c, 4, 76, 0
5, 44733, Note_on_c, 4, 95, 100
5, 44736, Note_on_c, 4, 72, 0
5, 44736, Note_on_c, 4, 74, 100
5, 44737, Note_on_c, 4, 93, 0
5, 44745, Note_on_c, 4, 95, 0
5, 44763, Note_on_c, 4, 76, 100
5, 44766, Note_on_c, 4, 74, 0
5, 44768, Note_on_c, 4, 91, 100
5, 44793, Note_on_c, 4, 74, 100
5, 44797, Note_on_c, 4, 76, 0
5, 44822, Note_on_c, 4, 73, 100
5, 44826, Note_on_c, 4, 74, 0
5, 44843, Note_on_c, 4, 83, 0
5, 44844, Note_on_c, 4, 88, 100
5, 44852, Note_on_c, 4, 73, 0
5, 44852, Note_on_c, 4, 71, 100
5, 44859, Note_on_c, 4, 88, 0
5, 44875, Note_on_c, 4, 81, 100
5, 44879, Note_on_c, 4, 73, 100
5, 44881, Note_on_c, 4, 71, 0
5, 44907, Note_on_c, 4, 81, 0
5, 44907, Note_on_c, 4, 82, 100
5, 44936, Note_on_c, 4, 82, 0
5, 44936, Note_on_c, 4, 79, 100
5, 44960, Note_on_c, 4, 73, 0
5, 44961, Note_on_c, 4, 69, 100
5, 44964, Note_on_c, 4, 79, 0
5, 44964, Note_on_c, 4, 81, 100
5, 44988, Note_on_c, 4, 69, 0
5, 44991, Note_on_c, 4, 74, 100
5, 44993, Note_on_c, 4, 91, 0
5, 44994, Note_on_c, 4, 82, 100
5, 44995, Note_on_c, 4, 89, 100
5, 44997, Note_on_c, 4, 81, 0
5, 45000, Note_on_c, 4, 82, 0
5, 45021, Note_on_c, 4, 81, 100
5, 45050, Note_on_c, 4, 79, 100
5, 45052, Note_on_c, 4, 81, 0
5, 45072, Note_on_c, 4, 89, 0
5, 45079, Note_on_c, 4, 77, 100
5, 45081, Note_on_c, 4, 79, 0
5, 45082, Note_on_c, 4, 94, 100
5, 45093, Note_on_c, 4, 94, 0
5, 45109, Note_on_c, 4, 79, 100
5, 45111, Note_on_c, 4, 77, 0
5, 45113, Note_on_c, 4, 88, 100
5, 45128, Note_on_c, 4, 79, 0
5, 45140, Note_on_c, 4, 82, 100
5, 45144, Note_on_c, 4, 91, 100
5, 45145, Note_on_c, 4, 88, 0
5, 45170, Note_on_c, 4, 81, 100
5, 45172, Note_on_c, 4, 82, 0
5, 45172, Note_on_c, 4, 91, 0
5, 45173, Note_on_c, 4, 89, 100
5, 45195, Note_on_c, 4, 89, 0
5, 45196, Note_on_c, 4, 82, 100
5, 45198, Note_on_c, 4, 74, 0
5, 45198, Note_on_c, 4, 81, 0
5, 45202, Note_on_c, 4, 91, 100
5, 45215, Note_on_c, 4, 82, 0
5, 45227, Note_on_c, 4, 76, 100
5, 45228, Note_on_c, 4, 73, 100
5, 45231, Note_on_c, 4, 91, 0
5, 45233, Note_on_c, 4, 93, 100
5, 45248, Note_on_c, 4, 76, 0
5, 45263, Note_on_c, 4, 91, 100
5, 45264, Note_on_c, 4, 93, 0
5, 45291, Note_on_c, 4, 81, 100
5, 45294, Note_on_c, 4, 91, 0
5, 45294, Note_on_c, 4, 89, 100
5, 45313, Note_on_c, 4, 73, 0
5, 45323, Note_on_c, 4, 89, 0
5, 45324, Note_on_c, 4, 88, 100
5, 45348, Note_on_c, 4, 74, 100
5, 45353, Note_on_c, 4, 89, 100
5, 45358, Note_on_c, 4, 88, 0
5, 45370, Note_on_c, 4, 89, 0
5, 45379, Note_on_c, 4, 81, 0
5, 45387, Note_on_c, 4, 96, 100
5, 45388, Note_on_c, 4, 88, 100
5, 45416, Note_on_c, 4, 96, 0
5, 45417, Note_on_c, 4, 86, 100
5, 45417, Note_on_c, 4, 95, 100
5, 45418, Note_on_c, 4, 88, 0
5, 45445, Note_on_c, 4, 88, 100
5, 45446, Note_on_c, 4, 86, 0
5, 45446, Note_on_c, 4, 95, 0
5, 45447, Note_on_c, 4, 96, 100
5, 45477, Note_on_c, 4, 88, 0
5, 45477, Note_on_c, 4, 96, 0
5, 45478, Note_on_c, 4, 98, 100
5, 45479, Note_on_c, 4, 89, 100
5, 45510, Note_on_c, 4, 98, 0
5, 45510, Note_on_c, 4, 88, 100
5, 45511, Note_on_c, 4, 89, 0
5, 45511, Note_on_c, 4, 96, 100
5, 45526, Note_on_c, 4, 88, 0
5, 45536, Note_on_c, 4, 86, 100
5, 45540, Note_on_c, 4, 95, 100
5, 45541, Note_on_c, 4, 96, 0
5, 45549, Note_on_c, 4, 86, 0
5, 45566, Note_on_c, 4, 84, 100
5, 45568, Note_on_c, 4, 95, 0
5, 45569, Note_on_c, 4, 93, 100
5, 45577, Note_on_c, 4, 84, 0
5, 45583, Note_on_c, 4, 93, 0
5, 45597, Note_on_c, 4, 74, 0
5, 45598, Note_on_c, 4, 83, 100
5, 45599, Note_on_c, 4, 92, 100
5, 45625, Note_on_c, 4, 83, 0
5, 45627, Note_on_c, 4, 84, 100
5, 45627, Note_on_c, 4, 81, 100
5, 45656, Note_on_c, 4, 81, 0
5, 45657, Note_on_c, 4, 80, 100
5, 45658, Note_on_c, 4, 84, 0
5, 45659, Note_on_c, 4, 83, 100
5, 45684, Note_on_c, 4, 80, 0
5, 45687, Note_on_c, 4, 81, 100
5, 45688, Note_on_c, 4, 92, 0
5, 45688, Note_on_c, 4, 84, 100
5, 45689, Note_on_c, 4, 83, 0
5, 45709, Note_on_c, 4, 84, 0
5, 45716, Note_on_c, 4, 81, 0
5, 45717, Note_on_c, 4, 83, 100
5, 45718, Note_on_c, 4, 86, 100
5, 45743, Note_on_c, 4, 83, 0
5, 45745, Note_on_c, 4, 81, 100
5, 45745, Note_on_c, 4, 84, 100
5, 45747, Note_on_c, 4, 86, 0
5, 45759, Note_on_c, 4, 84, 0
5, 45772, Note_on_c, 4, 81, 0
5, 45773, Note_on_c, 4, 80, 100
5, 45780, Note_on_c, 4, 83, 100
5, 45803, Note_on_c, 4, 78, 100
5, 45804, Note_on_c, 4, 80, 0
5, 45833, Note_on_c, 4, 78, 0
5, 45833, Note_on_c, 4, 76, 100
5, 45867, Note_on_c, 4, 88, 100
5, 45893, Note_on_c, 4, 88, 0
5, 45894, Note_on_c, 4, 83, 0
5, 45894, Note_on_c, 4, 76, 0
5, 45894, Note_on_c, 4, 72, 100
5, 45897, Note_on_c, 4, 89, 100
5, 45897, Note_on_c, 4, 81, 100
5, 45926, Note_on_c, 4, 89, 0
5, 45926, Note_on_c, 4, 88, 100
5, 45934, Note_on_c, 4, 81, 0
5, 45950, Note_on_c, 4, 88, 0
5, 45952, Note_on_c, 4, 72, 0
5, 45952, Note_on_c, 4, 77, 100
5, 45955, Note_on_c, 4, 86, 100
5, 45986, Note_on_c, 4, 88, 100
5, 46014, Note_on_c, 4, 76, 100
5, 46015, Note_on_c, 4, 88, 0
5, 46016, Note_on_c, 4, 90, 100
5, 46040, Note_on_c, 4, 76, 0
5, 46041, Note_on_c, 4, 74, 100
5, 46047, Note_on_c, 4, 90, 0
5, 46047, Note_on_c, 4, 92, 100
5, 46050, Note_on_c, 4, 74, 0
5, 46055, Note_on_c, 4, 77, 0
5, 46072, Note_on_c, 4, 76, 100
5, 46075, Note_on_c, 4, 92, 0
5, 46077, Note_on_c, 4, 93, 100
5, 46079, Note_on_c, 4, 86, 0
5, 46103, Note_on_c, 4, 77, 100
5, 46106, Note_on_c, 4, 76, 0
5, 46106, Note_on_c, 4, 86, 100
5, 46131, Note_on_c, 4, 77, 0
5, 46133, Note_on_c, 4, 74, 100
5, 46138, Note_on_c, 4, 88, 100
5, 46141, Note_on_c, 4, 86, 0
5, 46164, Note_on_c, 4, 76, 100
5, 46165, Note_on_c, 4, 86, 100
5, 46167, Note_on_c, 4, 74, 0
5, 46168, Note_on_c, 4, 88, 0
5, 46192, Note_on_c, 4, 76, 0
5, 46193, Note_on_c, 4, 79, 100
5, 46195, Note_on_c, 4, 85, 100
5, 46196, Note_on_c, 4, 86, 0
5, 46224, Note_on_c, 4, 77, 100
5, 46226, Note_on_c, 4, 86, 100
5, 46227, Note_on_c, 4, 85, 0
5, 46228, Note_on_c, 4, 79, 0
5, 46254, Note_on_c, 4, 76, 100
5, 46257, Note_on_c, 4, 77, 0
5, 46257, Note_on_c, 4, 86, 0
5, 46257, Note_on_c, 4, 88, 100
5, 46283, Note_on_c, 4, 74, 100
5, 46284, Note_on_c, 4, 76, 0
5, 46286, Note_on_c, 4, 88, 0
5, 46287, Note_on_c, 4, 89, 100
5, 46313, Note_on_c, 4, 73, 100
5, 46315, Note_on_c, 4, 74, 0
5, 46316, Note_on_c, 4, 89, 0
5, 46318, Note_on_c, 4, 91, 100
5, 46339, Note_on_c, 4, 93, 0
5, 46341, Note_on_c, 4, 91, 0
5, 46344, Note_on_c, 4, 81, 100
5, 46362, Note_on_c, 4, 81, 0
5, 46371, Note_on_c, 4, 73, 0
5, 46372, Note_on_c, 4, 89, 100
5, 46372, Note_on_c, 4, 98, 100
5, 46373, Note_on_c, 4, 74, 100
5, 46375, Note_on_c, 4, 82, 100
5, 46401, Note_on_c, 4, 82, 0
5, 46403, Note_on_c, 4, 81, 100
5, 46418, Note_on_c, 4, 98, 0
5, 46419, Note_on_c, 4, 89, 0
5, 46426, Note_on_c, 4, 81, 0
5, 46432, Note_on_c, 4, 76, 100
5, 46432, Note_on_c, 4, 88, 100
5, 46432, Note_on_c, 4, 97, 100
5, 46432, Note_on_c, 4, 79, 100
5, 46434, Note_on_c, 4, 74, 0
5, 46461, Note_on_c, 4, 97, 0
5, 46462, Note_on_c, 4, 79, 0
5, 46463, Note_on_c, 4, 81, 100
5, 46465, Note_on_c, 4, 88, 0
5, 46484, Note_on_c, 4, 81, 0
5, 46490, Note_on_c, 4, 83, 100
5, 46491, Note_on_c, 4, 76, 0
5, 46491, Note_on_c, 4, 91, 100
5, 46491, Note_on_c, 4, 100, 100
5, 46507, Note_on_c, 4, 100, 0
5, 46513, Note_on_c, 4, 91, 0
5, 46518, Note_on_c, 4, 83, 0
5, 46519, Note_on_c, 4, 85, 100
5, 46547, Note_on_c, 4, 85, 0
5, 46549, Note_on_c, 4, 86, 100
5, 46552, Note_on_c, 4, 89, 100
5, 46552, Note_on_c, 4, 93, 100
5, 46575, Note_on_c, 4, 86, 0
5, 46578, Note_on_c, 4, 74, 100
5, 46611, Note_on_c, 4, 83, 100
5, 46612, Note_on_c, 4, 74, 0
5, 46612, Note_on_c, 4, 77, 100
5, 46615, Note_on_c, 4, 93, 0
5, 46615, Note_on_c, 4, 92, 100
5, 46616, Note_on_c, 4, 89, 0
5, 46616, Note_on_c, 4, 86, 100
5, 46642, Note_on_c, 4, 76, 100
5, 46643, Note_on_c, 4, 77, 0
5, 46648, Note_on_c, 4, 83, 0
5, 46653, Note_on_c, 4, 92, 0
5, 46654, Note_on_c, 4, 86, 0
5, 46672, Note_on_c, 4, 74, 100
5, 46674, Note_on_c, 4, 76, 0
5, 46702, Note_on_c, 4, 76, 100
5, 46704, Note_on_c, 4, 74, 0
5, 46732, Note_on_c, 4, 78, 100
5, 46733, Note_on_c, 4, 76, 0
5, 46740, Note_on_c, 4, 95, 100
5, 46740, Note_on_c, 4, 86, 100
5, 46740, Note_on_c, 4, 88, 100
5, 46761, Note_on_c, 4, 78, 0
5, 46761, Note_on_c, 4, 95, 0
5, 46761, Note_on_c, 4, 88, 0
5, 46762, Note_on_c, 4, 86, 0
5, 46763, Note_on_c, 4, 80, 100
5, 46778, Note_on_c, 4, 80, 0
5, 46800, Note_on_c, 4, 81, 100
5, 46803, Note_on_c, 4, 88, 100
5, 46804, Note_on_c, 4, 86, 100
5, 46804, Note_on_c, 4, 95, 100
5, 46832, Note_on_c, 4, 81, 0
5, 46832, Note_on_c, 4, 64, 100
5, 46856, Note_on_c, 4, 64, 0
5, 46859, Note_on_c, 4, 69, 100
5, 46862, Note_on_c, 4, 93, 100
5, 46862, Note_on_c, 4, 84, 100
5, 46863, Note_on_c, 4, 95, 0
5, 46864, Note_on_c, 4, 86, 0
5, 46890, Note_on_c, 4, 69, 0
5, 46890, Note_on_c, 4, 72, 100
5, 46892, Note_on_c, 4, 93, 0
5, 46894, Note_on_c, 4, 88, 0
5, 46894, Note_on_c, 4, 84, 0
5, 46921, Note_on_c, 4, 76, 100
5, 46922, Note_on_c, 4, 72, 0
5, 46943, Note_on_c, 4, 76, 0
5, 46951, Note_on_c, 4, 69, 100
5, 46977, Note_on_c, 4, 88, 100
5, 46977, Note_on_c, 4, 100, 100
5, 46977, Note_on_c, 4, 93, 100
5, 46979, Note_on_c, 4, 72, 100
5, 46981, Note_on_c, 4, 69, 0
5, 46995, Note_on_c, 4, 100, 0
5, 46996, Note_on_c, 4, 93, 0
5, 46997, Note_on_c, 4, 88, 0
5, 47005, Note_on_c, 4, 76, 100
5, 47006, Note_on_c, 4, 72, 0
5, 47032, Note_on_c, 4, 76, 0
5, 47035, Note_on_c, 4, 77, 100
5, 47039, Note_on_c, 4, 93, 100
5, 47040, Note_on_c, 4, 100, 100
5, 47040, Note_on_c, 4, 96, 100
5, 47066, Note_on_c, 4, 74, 100
5, 47067, Note_on_c, 4, 77, 0
5, 47093, Note_on_c, 4, 100, 0
5, 47094, Note_on_c, 4, 96, 0
5, 47098, Note_on_c, 4, 98, 100
5, 47098, Note_on_c, 4, 71, 100
5, 47099, Note_on_c, 4, 95, 100
5, 47102, Note_on_c, 4, 74, 0
5, 47124, Note_on_c, 4, 95, 0
5, 47125, Note_on_c, 4, 98, 0
5, 47126, Note_on_c, 4, 74, 100
5, 47127, Note_on_c, 4, 71, 0
5, 47130, Note_on_c, 4, 93, 0
5, 47157, Note_on_c, 4, 68, 100
5, 47160, Note_on_c, 4, 74, 0
5, 47188, Note_on_c, 4, 68, 0
5, 47188, Note_on_c, 4, 77, 100
5, 47215, Note_on_c, 4, 76, 100
5, 47217, Note_on_c, 4, 77, 0
5, 47218, Note_on_c, 4, 88, 100
5, 47219, Note_on_c, 4, 95, 100
5, 47219, Note_on_c, 4, 92, 100
5, 47219, Note_on_c, 4, 98, 100
5, 47233, Note_on_c, 4, 92, 0
5, 47234, Note_on_c, 4, 88, 0
5, 47234, Note_on_c, 4, 98, 0
5, 47235, Note_on_c, 4, 95, 0
5, 47244, Note_on_c, 4, 74, 100
5, 47247, Note_on_c, 4, 76, 0
5, 47257, Note_on_c, 4, 74, 0
5, 47275, Note_on_c, 4, 72, 100
5, 47279, Note_on_c, 4, 95, 100
5, 47279, Note_on_c, 4, 98, 100
5, 47279, Note_on_c, 4, 88, 100
5, 47306, Note_on_c, 4, 69, 100
5, 47308, Note_on_c, 4, 72, 0
5, 47321, Note_on_c, 4, 98, 0
5, 47326, Note_on_c, 4, 95, 0
5, 47335, Note_on_c, 4, 72, 100
5, 47336, Note_on_c, 4, 69, 0
5, 47338, Note_on_c, 4, 93, 100
5, 47339, Note_on_c, 4, 96, 100
5, 47354, Note_on_c, 4, 96, 0
5, 47355, Note_on_c, 4, 93, 0
5, 47362, Note_on_c, 4, 76, 100
5, 47363, Note_on_c, 4, 72, 0
5, 47368, Note_on_c, 4, 91, 100
5, 47369, Note_on_c, 4, 95, 100
5, 47370, Note_on_c, 4, 76, 0
5, 47377, Note_on_c, 4, 91, 0
5, 47383, Note_on_c, 4, 95, 0
5, 47392, Note_on_c, 4, 88, 0
5, 47396, Note_on_c, 4, 81, 100
5, 47400, Note_on_c, 4, 93, 100
5, 47401, Note_on_c, 4, 96, 100
5, 47430, Note_on_c, 4, 88, 100
5, 47460, Note_on_c, 4, 88, 0
5, 47460, Note_on_c, 4, 89, 100
5, 47485, Note_on_c, 4, 88, 100
5, 47487, Note_on_c, 4, 93, 0
5, 47487, Note_on_c, 4, 91, 100
5, 47488, Note_on_c, 4, 89, 0
5, 47493, Note_on_c, 4, 88, 0
5, 47514, Note_on_c, 4, 91, 0
5, 47516, Note_on_c, 4, 89, 100
5, 47517, Note_on_c, 4, 95, 100
5, 47518, Note_on_c, 4, 86, 100
5, 47520, Note_on_c, 4, 96, 0
5, 47544, Note_on_c, 4, 88, 100
5, 47545, Note_on_c, 4, 89, 0
5, 47545, Note_on_c, 4, 86, 0
5, 47546, Note_on_c, 4, 91, 100
5, 47572, Note_on_c, 4, 88, 0
5, 47574, Note_on_c, 4, 84, 100
5, 47577, Note_on_c, 4, 88, 100
5, 47578, Note_on_c, 4, 91, 0
5, 47601, Note_on_c, 4, 86, 100
5, 47605, Note_on_c, 4, 89, 100
5, 47606, Note_on_c, 4, 84, 0
5, 47606, Note_on_c, 4, 88, 0
5, 47630, Note_on_c, 4, 86, 0
5, 47631, Note_on_c, 4, 81, 0
5, 47631, Note_on_c, 4, 88, 100
5, 47631, Note_on_c, 4, 79, 100
5, 47634, Note_on_c, 4, 89, 0
5, 47635, Note_on_c, 4, 91, 100
5, 47663, Note_on_c, 4, 86, 100
5, 47663, Note_on_c, 4, 89, 100
5, 47667, Note_on_c, 4, 91, 0
5, 47671, Note_on_c, 4, 88, 0
5, 47690, Note_on_c, 4, 85, 100
5, 47692, Note_on_c, 4, 86, 0
5, 47693, Note_on_c, 4, 88, 100
5, 47694, Note_on_c, 4, 89, 0
5, 47718, Note_on_c, 4, 85, 0
5, 47719, Note_on_c, 4, 83, 100
5, 47724, Note_on_c, 4, 86, 100
5, 47726, Note_on_c, 4, 88, 0
5, 47749, Note_on_c, 4, 95, 0
5, 47750, Note_on_c, 4, 86, 0
5, 47751, Note_on_c, 4, 83, 0
5, 47751, Note_on_c, 4, 85, 100
5, 47752, Note_on_c, 4, 93, 100
5, 47778, Note_on_c, 4, 85, 0
5, 47779, Note_on_c, 4, 81, 100
5, 47781, Note_on_c, 4, 100, 100
5, 47810, Note_on_c, 4, 83, 100
5, 47811, Note_on_c, 4, 81, 0
5, 47812, Note_on_c, 4, 100, 0
5, 47812, Note_on_c, 4, 98, 100
5, 47838, Note_on_c, 4, 85, 100
5, 47840, Note_on_c, 4, 83, 0
5, 47841, Note_on_c, 4, 100, 100
5, 47842, Note_on_c, 4, 98, 0
5, 47865, Note_on_c, 4, 85, 0
5, 47868, Note_on_c, 4, 86, 100
5, 47869, Note_on_c, 4, 79, 0
5, 47872, Note_on_c, 4, 77, 100
5, 47872, Note_on_c, 4, 101, 100
5, 47875, Note_on_c, 4, 100, 0
5, 47897, Note_on_c, 4, 101, 0
5, 47899, Note_on_c, 4, 84, 100
5, 47902, Note_on_c, 4, 86, 0
5, 47902, Note_on_c, 4, 100, 100
5, 47928, Note_on_c, 4, 82, 100
5, 47931, Note_on_c, 4, 84, 0
5, 47932, Note_on_c, 4, 98, 100
5, 47933, Note_on_c, 4, 100, 0
5, 47954, Note_on_c, 4, 82, 0
5, 47957, Note_on_c, 4, 81, 100
5, 47960, Note_on_c, 4, 98, 0
5, 47960, Note_on_c, 4, 96, 100
5, 47966, Note_on_c, 4, 93, 0
5, 47981, Note_on_c, 4, 96, 0
5, 47986, Note_on_c, 4, 79, 100
5, 47987, Note_on_c, 4, 81, 0
5, 47988, Note_on_c, 4, 77, 0
5, 47992, Note_on_c, 4, 95, 100
5, 47993, Note_on_c, 4, 91, 100
5, 47994, Note_on_c, 4, 86, 100
5, 48014, Note_on_c, 4, 79, 0
5, 48017, Note_on_c, 4, 67, 100
5, 48050, Note_on_c, 4, 71, 100
5, 48053, Note_on_c, 4, 67, 0
5, 48077, Note_on_c, 4, 74, 100
5, 48078, Note_on_c, 4, 71, 0
5, 48088, Note_on_c, 4, 95, 0
5, 48089, Note_on_c, 4, 86, 0
5, 48107, Note_on_c, 4, 74, 0
5, 48108, Note_on_c, 4, 79, 100
5, 48114, Note_on_c, 4, 88, 100
5, 48114, Note_on_c, 4, 96, 100
5, 48140, Note_on_c, 4, 72, 100
5, 48142, Note_on_c, 4, 79, 0
5, 48169, Note_on_c, 4, 76, 100
5, 48170, Note_on_c, 4, 72, 0
5, 48198, Note_on_c, 4, 79, 100
5, 48202, Note_on_c, 4, 76, 0
5, 48204, Note_on_c, 4, 88, 0
5, 48229, Note_on_c, 4, 79, 0
5, 48230, Note_on_c, 4, 81, 100
5, 48238, Note_on_c, 4, 89, 100
5, 48238, Note_on_c, 4, 86, 100
5, 48242, Note_on_c, 4, 91, 0
5, 48265, Note_on_c, 4, 77, 100
5, 48266, Note_on_c, 4, 81, 0
5, 48295, Note_on_c, 4, 81, 100
5, 48296, Note_on_c, 4, 77, 0
5, 48296, Note_on_c, 4, 95, 100
5, 48298, Note_on_c, 4, 96, 0
5, 48324, Note_on_c, 4, 77, 100
5, 48326, Note_on_c, 4, 81, 0
5, 48326, Note_on_c, 4, 95, 0
5, 48327, Note_on_c, 4, 93, 100
5, 48337, Note_on_c, 4, 93, 0
5, 48338, Note_on_c, 4, 77, 0
5, 48354, Note_on_c, 4, 71, 100
5, 48360, Note_on_c, 4, 95, 100
5, 48384, Note_on_c, 4, 81, 100
5, 48393, Note_on_c, 4, 71, 0
5, 48414, Note_on_c, 4, 79, 100
5, 48417, Note_on_c, 4, 81, 0
5, 48445, Note_on_c, 4, 79, 0
5, 48445, Note_on_c, 4, 77, 100
5, 48467, Note_on_c, 4, 95, 0
5, 48467, Note_on_c, 4, 96, 100
5, 48468, Note_on_c, 4, 89, 0
5, 48468, Note_on_c, 4, 84, 100
5, 48469, Note_on_c, 4, 86, 0
5, 48469, Note_on_c, 4, 77, 0
5, 48475, Note_on_c, 4, 76, 100
5, 48498, Note_on_c, 4, 93, 100
5, 48499, Note_on_c, 4, 76, 0
5, 48528, Note_on_c, 4, 93, 0
5, 48529, Note_on_c, 4, 72, 100
5, 48529, Note_on_c, 4, 89, 100
5, 48553, Note_on_c, 4, 72, 0
5, 48557, Note_on_c, 4, 91, 100
5, 48558, Note_on_c, 4, 89, 0
5, 48560, Note_on_c, 4, 96, 0
5, 48566, Note_on_c, 4, 84, 0
5, 48584, Note_on_c, 4, 91, 0
5, 48586, Note_on_c, 4, 77, 100
5, 48586, Note_on_c, 4, 93, 100
5, 48619, Note_on_c, 4, 91, 100
5, 48620, Note_on_c, 4, 93, 0
5, 48645, Note_on_c, 4, 84, 100
5, 48650, Note_on_c, 4, 91, 0
5, 48651, Note_on_c, 4, 89, 100
5, 48669, Note_on_c, 4, 84, 0
5, 48682, Note_on_c, 4, 88, 100
5, 48686, Note_on_c, 4, 89, 0
5, 48704, Note_on_c, 4, 88, 0
5, 48709, Note_on_c, 4, 79, 100
5, 48716, Note_on_c, 4, 86, 100
5, 48739, Note_on_c, 4, 83, 100
5, 48741, Note_on_c, 4, 79, 0
5, 48749, Note_on_c, 4, 98, 100
5, 48753, Note_on_c, 4, 83, 0
5, 48773, Note_on_c, 4, 77, 0
5, 48773, Note_on_c, 4, 74, 100
5, 48775, Note_on_c, 4, 79, 100
5, 48779, Note_on_c, 4, 95, 100
5, 48780, Note_on_c, 4, 98, 0
5, 48806, Note_on_c, 4, 81, 100
5, 48808, Note_on_c, 4, 96, 100
5, 48810, Note_on_c, 4, 79, 0
5, 48813, Note_on_c, 4, 95, 0
5, 48825, Note_on_c, 4, 96, 0
5, 48834, Note_on_c, 4, 81, 0
5, 48836, Note_on_c, 4, 83, 100
5, 48839, Note_on_c, 4, 98, 100
5, 48864, Note_on_c, 4, 83, 0
5, 48866, Note_on_c, 4, 81, 100
5, 48870, Note_on_c, 4, 96, 100
5, 48871, Note_on_c, 4, 98, 0
5, 48896, Note_on_c, 4, 81, 0
5, 48896, Note_on_c, 4, 79, 100
5, 48900, Note_on_c, 4, 96, 0
5, 48900, Note_on_c, 4, 95, 100
5, 48927, Note_on_c, 4, 79, 0
5, 48927, Note_on_c, 4, 77, 100
5, 48929, Note_on_c, 4, 95, 0
5, 48929, Note_on_c, 4, 93, 100
5, 48932, Note_on_c, 4, 74, 0
5, 48953, Note_on_c, 4, 93, 0
5, 48955, Note_on_c, 4, 77, 0
5, 48957, Note_on_c, 4, 76, 100
5, 48959, Note_on_c, 4, 91, 100
5, 48985, Note_on_c, 4, 79, 100
5, 48988, Note_on_c, 4, 76, 0
5, 48989, Note_on_c, 4, 88, 100
5, 48993, Note_on_c, 4, 86, 0
5, 49005, Note_on_c, 4, 79, 0
5, 49015, Note_on_c, 4, 76, 100
5, 49019, Note_on_c, 4, 88, 0
5, 49020, Note_on_c, 4, 84, 100
5, 49047, Note_on_c, 4, 77, 100
5, 49048, Note_on_c, 4, 76, 0
5, 49049, Note_on_c, 4, 86, 100
5, 49050, Note_on_c, 4, 84, 0
5, 49077, Note_on_c, 4, 77, 0
5, 49078, Note_on_c, 4, 79, 100
5, 49080, Note_on_c, 4, 88, 100
5, 49082, Note_on_c, 4, 86, 0
5, 49107, Note_on_c, 4, 77, 100
5, 49108, Note_on_c, 4, 79, 0
5, 49109, Note_on_c, 4, 86, 100
5, 49112, Note_on_c, 4, 88, 0
5, 49133, Note_on_c, 4, 77, 0
5, 49135, Note_on_c, 4, 67, 100
5, 49136, Note_on_c, 4, 76, 100
5, 49141, Note_on_c, 4, 86, 0
5, 49142, Note_on_c, 4, 84, 100
5, 49166, Note_on_c, 4, 74, 100
5, 49167, Note_on_c, 4, 76, 0
5, 49169, Note_on_c, 4, 82, 100
5, 49171, Note_on_c, 4, 84, 0
5, 49178, Note_on_c, 4, 67, 0
5, 49183, Note_on_c, 4, 74, 0
5, 49196, Note_on_c, 4, 69, 100
5, 49196, Note_on_c, 4, 72, 100
5, 49199, Note_on_c, 4, 82, 0
5, 49199, Note_on_c, 4, 81, 100
5, 49228, Note_on_c, 4, 91, 0
5, 49230, Note_on_c, 4, 88, 100
5, 49231, Note_on_c, 4, 69, 0
5, 49256, Note_on_c, 4, 65, 100
5, 49259, Note_on_c, 4, 89, 100
5, 49261, Note_on_c, 4, 88, 0
5, 49286, Note_on_c, 4, 81, 0
5, 49286, Note_on_c, 4, 89, 0
5, 49286, Note_on_c, 4, 83, 100
5, 49287, Note_on_c, 4, 93, 100
5, 49305, Note_on_c, 4, 83, 0
5, 49306, Note_on_c, 4, 72, 0
5, 49311, Note_on_c, 4, 65, 0
5, 49317, Note_on_c, 4, 84, 100
5, 49318, Note_on_c, 4, 91, 100
5, 49320, Note_on_c, 4, 93, 0
5, 49333, Note_on_c, 4, 84, 0
5, 49333, Note_on_c, 4, 83, 100
5, 49347, Note_on_c, 4, 83, 0
5, 49348, Note_on_c, 4, 84, 100
5, 49351, Note_on_c, 4, 89, 100
5, 49353, Note_on_c, 4, 91, 0
5, 49359, Note_on_c, 4, 83, 100
5, 49360, Note_on_c, 4, 84, 0
5, 49369, Note_on_c, 4, 83, 0
5, 49370, Note_on_c, 4, 84, 100
5, 49375, Note_on_c, 4, 89, 0
5, 49376, Note_on_c, 4, 88, 100
5, 49378, Note_on_c, 4, 83, 100
5, 49381, Note_on_c, 4, 84, 0
5, 49401, Note_on_c, 4, 81, 100
5, 49403, Note_on_c, 4, 83, 0
5, 49404, Note_on_c, 4, 88, 0
5, 49404, Note_on_c, 4, 86, 100
5, 49417, Note_on_c, 4, 83, 100
5, 49421, Note_on_c, 4, 81, 0
5, 49434, Note_on_c, 4, 86, 0
5, 49435, Note_on_c, 4, 88, 100
5, 49437, Note_on_c, 4, 83, 0
5, 49438, Note_on_c, 4, 84, 100
5, 49449, Note_on_c, 4, 88, 0
5, 49460, Note_on_c, 4, 84, 0
5, 49464, Note_on_c, 4, 76, 100
5, 49469, Note_on_c, 4, 84, 100
5, 49488, Note_on_c, 4, 76, 0
5, 49494, Note_on_c, 4, 84, 0
5, 49494, Note_on_c, 4, 79, 100
5, 49496, Note_on_c, 4, 88, 100
5, 49514, Note_on_c, 4, 79, 0
5, 49521, Note_on_c, 4, 83, 100
5, 49525, Note_on_c, 4, 88, 0
5, 49525, Note_on_c, 4, 91, 100
5, 49542, Note_on_c, 4, 83, 0
5, 49552, Note_on_c, 4, 88, 100
5, 49554, Note_on_c, 4, 91, 0
5, 49556, Note_on_c, 4, 96, 100
5, 49577, Note_on_c, 4, 96, 0
5, 49581, Note_on_c, 4, 88, 0
5, 49583, Note_on_c, 4, 84, 100
5, 49586, Note_on_c, 4, 91, 100
5, 49606, Note_on_c, 4, 84, 0
5, 49613, Note_on_c, 4, 79, 100
5, 49614, Note_on_c, 4, 91, 0
5, 49619, Note_on_c, 4, 96, 100
5, 49639, Note_on_c, 4, 96, 0
5, 49642, Note_on_c, 4, 76, 100
5, 49647, Note_on_c, 4, 98, 100
5, 49663, Note_on_c, 4, 76, 0
5, 49665, Note_on_c, 4, 98, 0
5, 49676, Note_on_c, 4, 72, 100
5, 49678, Note_on_c, 4, 99, 100
5, 49710, Note_on_c, 4, 99, 0
5, 49710, Note_on_c, 4, 96, 100
5, 49738, Note_on_c, 4, 78, 100
5, 49739, Note_on_c, 4, 79, 0
5, 49740, Note_on_c, 4, 93, 100
5, 49743, Note_on_c, 4, 96, 0
5, 49767, Note_on_c, 4, 96, 100
5, 49771, Note_on_c, 4, 93, 0
5, 49775, Note_on_c, 4, 78, 0
5, 49777, Note_on_c, 4, 72, 0
5, 49800, Note_on_c, 4, 96, 0
5, 49801, Note_on_c, 4, 90, 100
5, 49833, Note_on_c, 4, 99, 100
5, 49834, Note_on_c, 4, 90, 0
5, 49857, Note_on_c, 4, 99, 0
5, 49860, Note_on_c, 4, 69, 100
5, 49861, Note_on_c, 4, 74, 100
5, 49861, Note_on_c, 4, 78, 100
5, 49864, Note_on_c, 4, 98, 100
5, 49886, Note_on_c, 4, 78, 0
5, 49888, Note_on_c, 4, 69, 0
5, 49888, Note_on_c, 4, 74, 0
5, 49892, Note_on_c, 4, 96, 100
5, 49897, Note_on_c, 4, 98, 0
5, 49922, Note_on_c, 4, 96, 0
5, 49924, Note_on_c, 4, 79, 100
5, 49924, Note_on_c, 4, 74, 100
5, 49926, Note_on_c, 4, 95, 100
5, 49926, Note_on_c, 4, 67, 100
5, 49957, Note_on_c, 4, 93, 100
5, 49986, Note_on_c, 4, 93, 0
5, 49986, Note_on_c, 4, 91, 100
5, 50015, Note_on_c, 4, 91, 0
5, 50016, Note_on_c, 4, 89, 100
5, 50044, Note_on_c, 4, 95, 0
5, 50044, Note_on_c, 4, 89, 0
5, 50045, Note_on_c, 4, 88, 100
5, 50074, Note_on_c, 4, 91, 100
5, 50102, Note_on_c, 4, 72, 100
5, 50103, Note_on_c, 4, 91, 0
5, 50103, Note_on_c, 4, 96, 100
5, 50106, Note_on_c, 4, 74, 0
5, 50131, Note_on_c, 4, 78, 100
5, 50132, Note_on_c, 4, 88, 0
5, 50132, Note_on_c, 4, 87, 100
5, 50134, Note_on_c, 4, 79, 0
5, 50154, Note_on_c, 4, 87, 0
5, 50161, Note_on_c, 4, 74, 100
5, 50162, Note_on_c, 4, 78, 0
5, 50162, Note_on_c, 4, 79, 100
5, 50163, Note_on_c, 4, 86, 100
5, 50164, Note_on_c, 4, 72, 0
5, 50167, Note_on_c, 4, 96, 0
5, 50193, Note_on_c, 4, 96, 100
5, 50226, Note_on_c, 4, 95, 100
5, 50228, Note_on_c, 4, 96, 0
5, 50256, Note_on_c, 4, 93, 100
5, 50258, Note_on_c, 4, 95, 0
5, 50275, Note_on_c, 4, 93, 0
5, 50287, Note_on_c, 4, 95, 100
5, 50316, Note_on_c, 4, 88, 100
5, 50317, Note_on_c, 4, 86, 0
5, 50338, Note_on_c, 4, 88, 0
5, 50345, Note_on_c, 4, 89, 100
5, 50352, Note_on_c, 4, 95, 0
5, 50380, Note_on_c, 4, 95, 100
5, 50409, Note_on_c, 4, 79, 0
5, 50410, Note_on_c, 4, 74, 0
5, 50410, Note_on_c, 4, 95, 0
5, 50413, Note_on_c, 4, 89, 0
5, 50435, Note_on_c, 4, 72, 100
5, 50435, Note_on_c, 4, 79, 100
5, 50435, Note_on_c, 4, 88, 100
5, 50435, Note_on_c, 4, 96, 100
5, 50881, Note_on_c, 4, 67, 0
5, 50882, Note_on_c, 4, 72, 0
5, 50882, Note_on_c, 4, 79, 0
5, 50882, Note_on_c, 4, 88, 0
5, 50882, Note_on_c, 4, 96, 0
5, 50882, End_track
6, 0, Start_track
6, 0, Title_t, "Ped 4"
6, 0, MIDI_port, 0
6, 0, Control_c, 6, 7, 84
6, 0, Control_c, 6, 10, 25
6, 0, Program_c, 6, 57
6, 0, Control_c, 6, 91, 100
6, 3, Note_on_c, 6, 53, 100
6, 3172, Note_on_c, 6, 53, 0
6, 3180, Note_on_c, 6, 55, 100
6, 3238, Note_on_c, 6, 57, 100
6, 3241, Note_on_c, 6, 55, 0
6, 3302, Note_on_c, 6, 57, 0
6, 3304, Note_on_c, 6, 58, 100
6, 3338, Note_on_c, 6, 58, 0
6, 3357, Note_on_c, 6, 60, 100
6, 3837, Note_on_c, 6, 62, 100
6, 3846, Note_on_c, 6, 60, 0
6, 4080, Note_on_c, 6, 60, 100
6, 4083, Note_on_c, 6, 62, 0
6, 4200, Note_on_c, 6, 58, 100
6, 4203, Note_on_c, 6, 60, 0
6, 4314, Note_on_c, 6, 58, 0
6, 4320, Note_on_c, 6, 57, 100
6, 4440, Note_on_c, 6, 58, 100
6, 4451, Note_on_c, 6, 57, 0
6, 4556, Note_on_c, 6, 58, 0
6, 4562, Note_on_c, 6, 60, 100
6, 4784, Note_on_c, 6, 60, 0
6, 4798, Note_on_c, 6, 55, 100
6, 5271, Note_on_c, 6, 55, 0
6, 5275, Note_on_c, 6, 57, 100
6, 5521, Note_on_c, 6, 57, 0
6, 5521, Note_on_c, 6, 59, 100
6, 5743, Note_on_c, 6, 59, 0
6, 5758, Note_on_c, 6, 60, 100
6, 6481, Note_on_c, 6, 60, 0
6, 7195, Note_on_c, 6, 60, 100
6, 7678, Note_on_c, 6, 62, 100
6, 7683, Note_on_c, 6, 60, 0
6, 7919, Note_on_c, 6, 62, 0
6, 7920, Note_on_c, 6, 60, 100
6, 8156, Note_on_c, 6, 55, 100
6, 8159, Note_on_c, 6, 60, 0
6, 8275, Note_on_c, 6, 57, 100
6, 8276, Note_on_c, 6, 55, 0
6, 8398, Note_on_c, 6, 58, 100
6, 8404, Note_on_c, 6, 57, 0
6, 8632, Note_on_c, 6, 58, 0
6, 8635, Note_on_c, 6, 57, 100
6, 8876, Note_on_c, 6, 55, 100
6, 8880, Note_on_c, 6, 57, 0
6, 9114, Note_on_c, 6, 53, 100
6, 9121, Note_on_c, 6, 55, 0
6, 10082, Note_on_c, 6, 53, 0
6, 14411, Note_on_c, 6, 53, 100
6, 14882, Note_on_c, 6, 53, 0
6, 14884, Note_on_c, 6, 55, 100
6, 14994, Note_on_c, 6, 55, 0
6, 14996, Note_on_c, 6, 57, 100
6, 15118, Note_on_c, 6, 58, 100
6, 15122, Note_on_c, 6, 57, 0
6, 15351, Note_on_c, 6, 58, 0
6, 15358, Note_on_c, 6, 57, 100
6, 15476, Note_on_c, 6, 58, 100
6, 15481, Note_on_c, 6, 57, 0
6, 15597, Note_on_c, 6, 58, 0
6, 15598, Note_on_c, 6, 60, 100
6, 16055, Note_on_c, 6, 60, 0
6, 16082, Note_on_c, 6, 55, 100
6, 16315, Note_on_c, 6, 55, 0
6, 16321, Note_on_c, 6, 53, 100
6, 16435, Note_on_c, 6, 53, 0
6, 16439, Note_on_c, 6, 52, 100
6, 16550, Note_on_c, 6, 52, 0
6, 16552, Note_on_c, 6, 50, 100
6, 16785, Note_on_c, 6, 50, 0
6, 16789, Note_on_c, 6, 48, 100
6, 17761, Note_on_c, 6, 48, 0
6, 18239, Note_on_c, 6, 48, 100
6, 18705, Note_on_c, 6, 48, 0
6, 18721, Note_on_c, 6, 53, 100
6, 18959, Note_on_c, 6, 53, 0
6, 18960, Note_on_c, 6, 55, 100
6, 19182, Note_on_c, 6, 55, 0
6, 19192, Note_on_c, 6, 57, 100
6, 19313, Note_on_c, 6, 58, 100
6, 19316, Note_on_c, 6, 57, 0
6, 19429, Note_on_c, 6, 58, 0
6, 19433, Note_on_c, 6, 60, 100
6, 19892, Note_on_c, 6, 60, 0
6, 19916, Note_on_c, 6, 58, 100
6, 20157, Note_on_c, 6, 58, 0
6, 20165, Note_on_c, 6, 57, 100
6, 20393, Note_on_c, 6, 57, 0
6, 20399, Note_on_c, 6, 55, 100
6, 20637, Note_on_c, 6, 57, 100
6, 20638, Note_on_c, 6, 55, 0
6, 21370, Note_on_c, 6, 57, 0
6, 24716, Note_on_c, 6, 57, 100
6, 24898, Note_on_c, 6, 57, 0
6, 24900, Note_on_c, 6, 58, 100
6, 24949, Note_on_c, 6, 58, 0
6, 24962, Note_on_c, 6, 60, 100
6, 25205, Note_on_c, 6, 60, 0
6, 25205, Note_on_c, 6, 62, 100
6, 25437, Note_on_c, 6, 62, 0
6, 25440, Note_on_c, 6, 60, 100
6, 25661, Note_on_c, 6, 60, 0
6, 25668, Note_on_c, 6, 55, 100
6, 25903, Note_on_c, 6, 55, 0
6, 25910, Note_on_c, 6, 57, 100
6, 26155, Note_on_c, 6, 59, 100
6, 26161, Note_on_c, 6, 57, 0
6, 26397, Note_on_c, 6, 60, 100
6, 26405, Note_on_c, 6, 59, 0
6, 27120, Note_on_c, 6, 60, 0
6, 27833, Note_on_c, 6, 60, 100
6, 28318, Note_on_c, 6, 62, 100
6, 28320, Note_on_c, 6, 60, 0
6, 28551, Note_on_c, 6, 60, 100
6, 28557, Note_on_c, 6, 62, 0
6, 28794, Note_on_c, 6, 55, 100
6, 28797, Note_on_c, 6, 60, 0
6, 28911, Note_on_c, 6, 57, 100
6, 28912, Note_on_c, 6, 55, 0
6, 29034, Note_on_c, 6, 58, 100
6, 29038, Note_on_c, 6, 57, 0
6, 29271, Note_on_c, 6, 58, 0
6, 29275, Note_on_c, 6, 57, 100
6, 29509, Note_on_c, 6, 55, 100
6, 29514, Note_on_c, 6, 57, 0
6, 29753, Note_on_c, 6, 53, 100
6, 29757, Note_on_c, 6, 55, 0
6, 30491, Note_on_c, 6, 53, 0
6, 35033, Note_on_c, 6, 53, 100
6, 35511, Note_on_c, 6, 53, 0
6, 35514, Note_on_c, 6, 55, 100
6, 35635, Note_on_c, 6, 55, 0
6, 35637, Note_on_c, 6, 57, 100
6, 35756, Note_on_c, 6, 58, 100
6, 35763, Note_on_c, 6, 57, 0
6, 35985, Note_on_c, 6, 58, 0
6, 35999, Note_on_c, 6, 57, 100
6, 36122, Note_on_c, 6, 58, 100
6, 36129, Note_on_c, 6, 57, 0
6, 36237, Note_on_c, 6, 58, 0
6, 36241, Note_on_c, 6, 60, 100
6, 36664, Note_on_c, 6, 60, 0
6, 36714, Note_on_c, 6, 55, 100
6, 36954, Note_on_c, 6, 55, 0
6, 36958, Note_on_c, 6, 53, 100
6, 37082, Note_on_c, 6, 53, 0
6, 37083, Note_on_c, 6, 52, 100
6, 37200, Note_on_c, 6, 52, 0
6, 37205, Note_on_c, 6, 50, 100
6, 37435, Note_on_c, 6, 50, 0
6, 37438, Note_on_c, 6, 48, 100
6, 38114, Note_on_c, 6, 48, 0
6, 38870, Note_on_c, 6, 48, 100
6, 39359, Note_on_c, 6, 53, 100
6, 39360, Note_on_c, 6, 48, 0
6, 39594, Note_on_c, 6, 55, 100
6, 39595, Note_on_c, 6, 53, 0
6, 39822, Note_on_c, 6, 55, 0
6, 39829, Note_on_c, 6, 57, 100
6, 39955, Note_on_c, 6, 58, 100
6, 39962, Note_on_c, 6, 57, 0
6, 40073, Note_on_c, 6, 58, 0
6, 40076, Note_on_c, 6, 60, 100
6, 40559, Note_on_c, 6, 58, 100
6, 40564, Note_on_c, 6, 60, 0
6, 40788, Note_on_c, 6, 58, 0
6, 40792, Note_on_c, 6, 57, 100
6, 41040, Note_on_c, 6, 57, 0
6, 41041, Note_on_c, 6, 55, 100
6, 41272, Note_on_c, 6, 50, 100
6, 41279, Note_on_c, 6, 55, 0
6, 41511, Note_on_c, 6, 52, 100
6, 41519, Note_on_c, 6, 50, 0
6, 41748, Note_on_c, 6, 53, 100
6, 41753, Note_on_c, 6, 52, 0
6, 42479, Note_on_c, 6, 53, 0
6, 45350, Note_on_c, 6, 55, 100
6, 45587, Note_on_c, 6, 55, 0
6, 45596, Note_on_c, 6, 57, 100
6, 45769, Note_on_c, 6, 57, 0
6, 45776, Note_on_c, 6, 55, 100
6, 45822, Note_on_c, 6, 55, 0
6, 45833, Note_on_c, 6, 53, 100
6, 45994, Note_on_c, 6, 53, 0
6, 46007, Note_on_c, 6, 52, 100
6, 46048, Note_on_c, 6, 52, 0
6, 46080, Note_on_c, 6, 50, 100
6, 46795, Note_on_c, 6, 50, 0
6, 48231, Note_on_c, 6, 55, 100
6, 48476, Note_on_c, 6, 50, 100
6, 48477, Note_on_c, 6, 55, 0
6, 48705, Note_on_c, 6, 52, 100
6, 48712, Note_on_c, 6, 50, 0
6, 48952, Note_on_c, 6, 53, 100
6, 48954, Note_on_c, 6, 52, 0
6, 49549, Note_on_c, 6, 53, 0
6, 49611, Note_on_c, 6, 57, 100
6, 49631, Note_on_c, 6, 57, 0
6, 49681, Note_on_c, 6, 50, 100
6, 49798, Note_on_c, 6, 50, 0
6, 49863, Note_on_c, 6, 55, 100
6, 49885, Note_on_c, 6, 55, 0
6, 49928, Note_on_c, 6, 48, 100
6, 50412, Note_on_c, 6, 48, 0
6, 50436, Note_on_c, 6, 53, 100
6, 50881, Note_on_c, 6, 53, 0
6, 50881, End_track
7, 0, Start_track
7, 0, Title_t, "Ped 8"
7, 0, MIDI_port, 0
7, 0, Control_c, 1, 7, 121
7, 0, Control_c, 1, 10, 25
7, 0, Program_c, 1, 57
7, 0, Control_c, 1, 91, 100
7, 3, Note_on_c, 1, 41, 100
7, 3172, Note_on_c, 1, 41, 0
7, 3180, Note_on_c, 1, 43, 100
7, 3238, Note_on_c, 1, 45, 100
7, 3241, Note_on_c, 1, 43, 0
7, 3302, Note_on_c, 1, 45, 0
7, 3304, Note_on_c, 1, 46, 100
7, 3338, Note_on_c, 1, 46, 0
7, 3357, Note_on_c, 1, 48, 100
7, 3837, Note_on_c, 1, 50, 100
7, 3846, Note_on_c, 1, 48, 0
7, 4080, Note_on_c, 1, 48, 100
7, 4083, Note_on_c, 1, 50, 0
7, 4200, Note_on_c, 1, 46, 100
7, 4203, Note_on_c, 1, 48, 0
7, 4314, Note_on_c, 1, 46, 0
7, 4320, Note_on_c, 1, 45, 100
7, 4440, Note_on_c, 1, 46, 100
7, 4451, Note_on_c, 1, 45, 0
7, 4556, Note_on_c, 1, 46, 0
7, 4562, Note_on_c, 1, 48, 100
7, 4784, Note_on_c, 1, 48, 0
7, 4798, Note_on_c, 1, 43, 100
7, 5271, Note_on_c, 1, 43, 0
7, 5275, Note_on_c, 1, 45, 100
7, 5521, Note_on_c, 1, 45, 0
7, 5521, Note_on_c, 1, 47, 100
7, 5743, Note_on_c, 1, 47, 0
7, 5758, Note_on_c, 1, 48, 100
7, 6481, Note_on_c, 1, 48, 0
7, 7195, Note_on_c, 1, 48, 100
7, 7678, Note_on_c, 1, 50, 100
7, 7683, Note_on_c, 1, 48, 0
7, 7919, Note_on_c, 1, 50, 0
7, 7920, Note_on_c, 1, 48, 100
7, 8156, Note_on_c, 1, 43, 100
7, 8159, Note_on_c, 1, 48, 0
7, 8275, Note_on_c, 1, 45, 100
7, 8276, Note_on_c, 1, 43, 0
7, 8398, Note_on_c, 1, 46, 100
7, 8404, Note_on_c, 1, 45, 0
7, 8632, Note_on_c, 1, 46, 0
7, 8635, Note_on_c, 1, 45, 100
7, 8876, Note_on_c, 1, 43, 100
7, 8880, Note_on_c, 1, 45, 0
7, 9114, Note_on_c, 1, 41, 100
7, 9121, Note_on_c, 1, 43, 0
7, 10082, Note_on_c, 1, 41, 0
7, 14411, Note_on_c, 1, 41, 100
7, 14882, Note_on_c, 1, 41, 0
7, 14884, Note_on_c, 1, 43, 100
7, 14994, Note_on_c, 1, 43, 0
7, 14996, Note_on_c, 1, 45, 100
7, 15118, Note_on_c, 1, 46, 100
7, 15122, Note_on_c, 1, 45, 0
7, 15351, Note_on_c, 1, 46, 0
7, 15358, Note_on_c, 1, 45, 100
7, 15476, Note_on_c, 1, 46, 100
7, 15481, Note_on_c, 1, 45, 0
7, 15597, Note_on_c, 1, 46, 0
7, 15598, Note_on_c, 1, 48, 100
7, 16055, Note_on_c, 1, 48, 0
7, 16082, Note_on_c, 1, 43, 100
7, 16315, Note_on_c, 1, 43, 0
7, 16321, Note_on_c, 1, 41, 100
7, 16435, Note_on_c, 1, 41, 0
7, 16439, Note_on_c, 1, 40, 100
7, 16550, Note_on_c, 1, 40, 0
7, 16552, Note_on_c, 1, 38, 100
7, 16785, Note_on_c, 1, 38, 0
7, 16789, Note_on_c, 1, 36, 100
7, 17761, Note_on_c, 1, 36, 0
7, 18239, Note_on_c, 1, 36, 100
7, 18705, Note_on_c, 1, 36, 0
7, 18721, Note_on_c, 1, 41, 100
7, 18959, Note_on_c, 1, 41, 0
7, 18960, Note_on_c, 1, 43, 100
7, 19182, Note_on_c, 1, 43, 0
7, 19192, Note_on_c, 1, 45, 100
7, 19313, Note_on_c, 1, 46, 100
7, 19316, Note_on_c, 1, 45, 0
7, 19429, Note_on_c, 1, 46, 0
7, 19433, Note_on_c, 1, 48, 100
7, 19892, Note_on_c, 1, 48, 0
7, 19916, Note_on_c, 1, 46, 100
7, 20157, Note_on_c, 1, 46, 0
7, 20165, Note_on_c, 1, 45, 100
7, 20393, Note_on_c, 1, 45, 0
7, 20399, Note_on_c, 1, 43, 100
7, 20637, Note_on_c, 1, 45, 100
7, 20638, Note_on_c, 1, 43, 0
7, 21370, Note_on_c, 1, 45, 0
7, 24716, Note_on_c, 1, 45, 100
7, 24898, Note_on_c, 1, 45, 0
7, 24900, Note_on_c, 1, 46, 100
7, 24949, Note_on_c, 1, 46, 0
7, 24962, Note_on_c, 1, 48, 100
7, 25205, Note_on_c, 1, 48, 0
7, 25205, Note_on_c, 1, 50, 100
7, 25437, Note_on_c, 1, 50, 0
7, 25440, Note_on_c, 1, 48, 100
7, 25661, Note_on_c, 1, 48, 0
7, 25668, Note_on_c, 1, 43, 100
7, 25903, Note_on_c, 1, 43, 0
7, 25910, Note_on_c, 1, 45, 100
7, 26155, Note_on_c, 1, 47, 100
7, 26161, Note_on_c, 1, 45, 0
7, 26397, Note_on_c, 1, 48, 100
7, 26405, Note_on_c, 1, 47, 0
7, 27120, Note_on_c, 1, 48, 0
7, 27833, Note_on_c, 1, 48, 100
7, 28318, Note_on_c, 1, 50, 100
7, 28320, Note_on_c, 1, 48, 0
7, 28551, Note_on_c, 1, 48, 100
7, 28557, Note_on_c, 1, 50, 0
7, 28794, Note_on_c, 1, 43, 100
7, 28797, Note_on_c, 1, 48, 0
7, 28911, Note_on_c, 1, 45, 100
7, 28912, Note_on_c, 1, 43, 0
7, 29034, Note_on_c, 1, 46, 100
7, 29038, Note_on_c, 1, 45, 0
7, 29271, Note_on_c, 1, 46, 0
7, 29275, Note_on_c, 1, 45, 100
7, 29509, Note_on_c, 1, 43, 100
7, 29514, Note_on_c, 1, 45, 0
7, 29753, Note_on_c, 1, 41, 100
7, 29757, Note_on_c, 1, 43, 0
7, 30491, Note_on_c, 1, 41, 0
7, 35033, Note_on_c, 1, 41, 100
7, 35511, Note_on_c, 1, 41, 0
7, 35514, Note_on_c, 1, 43, 100
7, 35635, Note_on_c, 1, 43, 0
7, 35637, Note_on_c, 1, 45, 100
7, 35756, Note_on_c, 1, 46, 100
7, 35763, Note_on_c, 1, 45, 0
7, 35985, Note_on_c, 1, 46, 0
7, 35999, Note_on_c, 1, 45, 100
7, 36122, Note_on_c, 1, 46, 100
7, 36129, Note_on_c, 1, 45, 0
7, 36237, Note_on_c, 1, 46, 0
7, 36241, Note_on_c, 1, 48, 100
7, 36664, Note_on_c, 1, 48, 0
7, 36714, Note_on_c, 1, 43, 100
7, 36954, Note_on_c, 1, 43, 0
7, 36958, Note_on_c, 1, 41, 100
7, 37079, Note_on_c, 1, 41, 0
7, 37083, Note_on_c, 1, 40, 100
7, 37200, Note_on_c, 1, 40, 0
7, 37201, Note_on_c, 1, 38, 100
7, 37437, Note_on_c, 1, 38, 0
7, 37438, Note_on_c, 1, 36, 100
7, 38114, Note_on_c, 1, 36, 0
7, 38870, Note_on_c, 1, 36, 100
7, 39359, Note_on_c, 1, 41, 100
7, 39360, Note_on_c, 1, 36, 0
7, 39594, Note_on_c, 1, 43, 100
7, 39595, Note_on_c, 1, 41, 0
7, 39822, Note_on_c, 1, 43, 0
7, 39829, Note_on_c, 1, 45, 100
7, 39955, Note_on_c, 1, 46, 100
7, 39962, Note_on_c, 1, 45, 0
7, 40073, Note_on_c, 1, 46, 0
7, 40076, Note_on_c, 1, 48, 100
7, 40559, Note_on_c, 1, 46, 100
7, 40564, Note_on_c, 1, 48, 0
7, 40788, Note_on_c, 1, 46, 0
7, 40800, Note_on_c, 1, 45, 100
7, 41041, Note_on_c, 1, 43, 100
7, 41042, Note_on_c, 1, 45, 0
7, 41272, Note_on_c, 1, 38, 100
7, 41283, Note_on_c, 1, 43, 0
7, 41511, Note_on_c, 1, 40, 100
7, 41519, Note_on_c, 1, 38, 0
7, 41748, Note_on_c, 1, 41, 100
7, 41753, Note_on_c, 1, 40, 0
7, 42479, Note_on_c, 1, 41, 0
7, 45350, Note_on_c, 1, 43, 100
7, 45587, Note_on_c, 1, 43, 0
7, 45596, Note_on_c, 1, 45, 100
7, 45769, Note_on_c, 1, 45, 0
7, 45776, Note_on_c, 1, 43, 100
7, 45822, Note_on_c, 1, 43, 0
7, 45833, Note_on_c, 1, 41, 100
7, 45994, Note_on_c, 1, 41, 0
7, 46007, Note_on_c, 1, 40, 100
7, 46048, Note_on_c, 1, 40, 0
7, 46080, Note_on_c, 1, 38, 100
7, 46795, Note_on_c, 1, 38, 0
7, 48231, Note_on_c, 1, 43, 100
7, 48476, Note_on_c, 1, 38, 100
7, 48477, Note_on_c, 1, 43, 0
7, 48705, Note_on_c, 1, 40, 100
7, 48712, Note_on_c, 1, 38, 0
7, 48952, Note_on_c, 1, 41, 100
7, 48954, Note_on_c, 1, 40, 0
7, 49549, Note_on_c, 1, 41, 0
7, 49611, Note_on_c, 1, 45, 100
7, 49631, Note_on_c, 1, 45, 0
7, 49681, Note_on_c, 1, 38, 100
7, 49798, Note_on_c, 1, 38, 0
7, 49863, Note_on_c, 1, 43, 100
7, 49885, Note_on_c, 1, 43, 0
7, 49928, Note_on_c, 1, 36, 100
7, 50412, Note_on_c, 1, 36, 0
7, 50435, Note_on_c, 1, 41, 100
7, 50882, Note_on_c, 1, 41, 0
7, 50882, End_track
8, 0, Start_track
8, 0, Title_t, "Ped 16"
8, 0, MIDI_port, 0
8, 0, Control_c, 5, 7, 118
8, 0, Control_c, 5, 10, 25
8, 0, Program_c, 5, 56
8, 0, Control_c, 5, 91, 100
8, 3, Note_on_c, 5, 29, 100
8, 3172, Note_on_c, 5, 29, 0
8, 3180, Note_on_c, 5, 31, 100
8, 3238, Note_on_c, 5, 33, 100
8, 3241, Note_on_c, 5, 31, 0
8, 3302, Note_on_c, 5, 33, 0
8, 3304, Note_on_c, 5, 34, 100
8, 3338, Note_on_c, 5, 34, 0
8, 3357, Note_on_c, 5, 36, 100
8, 3837, Note_on_c, 5, 38, 100
8, 3846, Note_on_c, 5, 36, 0
8, 4080, Note_on_c, 5, 36, 100
8, 4083, Note_on_c, 5, 38, 0
8, 4200, Note_on_c, 5, 34, 100
8, 4203, Note_on_c, 5, 36, 0
8, 4314, Note_on_c, 5, 34, 0
8, 4320, Note_on_c, 5, 33, 100
8, 4440, Note_on_c, 5, 34, 100
8, 4451, Note_on_c, 5, 33, 0
8, 4556, Note_on_c, 5, 34, 0
8, 4562, Note_on_c, 5, 36, 100
8, 4784, Note_on_c, 5, 36, 0
8, 4798, Note_on_c, 5, 31, 100
8, 5271, Note_on_c, 5, 31, 0
8, 5275, Note_on_c, 5, 33, 100
8, 5521, Note_on_c, 5, 33, 0
8, 5521, Note_on_c, 5, 35, 100
8, 5743, Note_on_c, 5, 35, 0
8, 5758, Note_on_c, 5, 36, 100
8, 6481, Note_on_c, 5, 36, 0
8, 7195, Note_on_c, 5, 36, 100
8, 7678, Note_on_c, 5, 38, 100
8, 7683, Note_on_c, 5, 36, 0
8, 7919, Note_on_c, 5, 38, 0
8, 7920, Note_on_c, 5, 36, 100
8, 8156, Note_on_c, 5, 31, 100
8, 8159, Note_on_c, 5, 36, 0
8, 8275, Note_on_c, 5, 33, 100
8, 8276, Note_on_c, 5, 31, 0
8, 8398, Note_on_c, 5, 34, 100
8, 8404, Note_on_c, 5, 33, 0
8, 8632, Note_on_c, 5, 34, 0
8, 8635, Note_on_c, 5, 33, 100
8, 8876, Note_on_c, 5, 31, 100
8, 8880, Note_on_c, 5, 33, 0
8, 9114, Note_on_c, 5, 29, 100
8, 9121, Note_on_c, 5, 31, 0
8, 10082, Note_on_c, 5, 29, 0
8, 14411, Note_on_c, 5, 29, 100
8, 14882, Note_on_c, 5, 29, 0
8, 14884, Note_on_c, 5, 31, 100
8, 14994, Note_on_c, 5, 31, 0
8, 14996, Note_on_c, 5, 33, 100
8, 15118, Note_on_c, 5, 34, 100
8, 15122, Note_on_c, 5, 33, 0
8, 15351, Note_on_c, 5, 34, 0
8, 15358, Note_on_c, 5, 33, 100
8, 15476, Note_on_c, 5, 34, 100
8, 15481, Note_on_c, 5, 33, 0
8, 15597, Note_on_c, 5, 34, 0
8, 15598, Note_on_c, 5, 36, 100
8, 16055, Note_on_c, 5, 36, 0
8, 16082, Note_on_c, 5, 31, 100
8, 16315, Note_on_c, 5, 31, 0
8, 16321, Note_on_c, 5, 29, 100
8, 16435, Note_on_c, 5, 29, 0
8, 16439, Note_on_c, 5, 28, 100
8, 16550, Note_on_c, 5, 28, 0
8, 16552, Note_on_c, 5, 26, 100
8, 16785, Note_on_c, 5, 26, 0
8, 16789, Note_on_c, 5, 24, 100
8, 17761, Note_on_c, 5, 24, 0
8, 18239, Note_on_c, 5, 24, 100
8, 18705, Note_on_c, 5, 24, 0
8, 18721, Note_on_c, 5, 29, 100
8, 18959, Note_on_c, 5, 29, 0
8, 18960, Note_on_c, 5, 31, 100
8, 19182, Note_on_c, 5, 31, 0
8, 19192, Note_on_c, 5, 33, 100
8, 19313, Note_on_c, 5, 34, 100
8, 19316, Note_on_c, 5, 33, 0
8, 19429, Note_on_c, 5, 34, 0
8, 19433, Note_on_c, 5, 36, 100
8, 19892, Note_on_c, 5, 36, 0
8, 19916, Note_on_c, 5, 34, 100
8, 20157, Note_on_c, 5, 34, 0
8, 20165, Note_on_c, 5, 33, 100
8, 20393, Note_on_c, 5, 33, 0
8, 20399, Note_on_c, 5, 31, 100
8, 20637, Note_on_c, 5, 33, 100
8, 20638, Note_on_c, 5, 31, 0
8, 21370, Note_on_c, 5, 33, 0
8, 24716, Note_on_c, 5, 33, 100
8, 24898, Note_on_c, 5, 33, 0
8, 24900, Note_on_c, 5, 34, 100
8, 24949, Note_on_c, 5, 34, 0
8, 24962, Note_on_c, 5, 36, 100
8, 25205, Note_on_c, 5, 36, 0
8, 25205, Note_on_c, 5, 38, 100
8, 25437, Note_on_c, 5, 38, 0
8, 25440, Note_on_c, 5, 36, 100
8, 25661, Note_on_c, 5, 36, 0
8, 25668, Note_on_c, 5, 31, 100
8, 25903, Note_on_c, 5, 31, 0
8, 25910, Note_on_c, 5, 33, 100
8, 26155, Note_on_c, 5, 35, 100
8, 26161, Note_on_c, 5, 33, 0
8, 26397, Note_on_c, 5, 36, 100
8, 26405, Note_on_c, 5, 35, 0
8, 27120, Note_on_c, 5, 36, 0
8, 27833, Note_on_c, 5, 36, 100
8, 28318, Note_on_c, 5, 38, 100
8, 28320, Note_on_c, 5, 36, 0
8, 28551, Note_on_c, 5, 36, 100
8, 28557, Note_on_c, 5, 38, 0
8, 28794, Note_on_c, 5, 31, 100
8, 28797, Note_on_c, 5, 36, 0
8, 28911, Note_on_c, 5, 33, 100
8, 28912, Note_on_c, 5, 31, 0
8, 29034, Note_on_c, 5, 34, 100
8, 29038, Note_on_c, 5, 33, 0
8, 29271, Note_on_c, 5, 34, 0
8, 29275, Note_on_c, 5, 33, 100
8, 29509, Note_on_c, 5, 31, 100
8, 29514, Note_on_c, 5, 33, 0
8, 29753, Note_on_c, 5, 29, 100
8, 29757, Note_on_c, 5, 31, 0
8, 30491, Note_on_c, 5, 29, 0
8, 35033, Note_on_c, 5, 29, 100
8, 35511, Note_on_c, 5, 29, 0
8, 35514, Note_on_c, 5, 31, 100
8, 35635, Note_on_c, 5, 31, 0
8, 35637, Note_on_c, 5, 33, 100
8, 35756, Note_on_c, 5, 34, 100
8, 35763, Note_on_c, 5, 33, 0
8, 35985, Note_on_c, 5, 34, 0
8, 35999, Note_on_c, 5, 33, 100
8, 36122, Note_on_c, 5, 34, 100
8, 36129, Note_on_c, 5, 33, 0
8, 36237, Note_on_c, 5, 34, 0
8, 36241, Note_on_c, 5, 36, 100
8, 36664, Note_on_c, 5, 36, 0
8, 36714, Note_on_c, 5, 31, 100
8, 36954, Note_on_c, 5, 31, 0
8, 36958, Note_on_c, 5, 29, 100
8, 37083, Note_on_c, 5, 28, 100
8, 37084, Note_on_c, 5, 29, 0
8, 37201, Note_on_c, 5, 26, 100
8, 37204, Note_on_c, 5, 28, 0
8, 37432, Note_on_c, 5, 26, 0
8, 37438, Note_on_c, 5, 24, 100
8, 38114, Note_on_c, 5, 24, 0
8, 38870, Note_on_c, 5, 24, 100
8, 39359, Note_on_c, 5, 29, 100
8, 39360, Note_on_c, 5, 24, 0
8, 39594, Note_on_c, 5, 31, 100
8, 39595, Note_on_c, 5, 29, 0
8, 39822, Note_on_c, 5, 31, 0
8, 39829, Note_on_c, 5, 33, 100
8, 39955, Note_on_c, 5, 34, 100
8, 39962, Note_on_c, 5, 33, 0
8, 40073, Note_on_c, 5, 34, 0
8, 40076, Note_on_c, 5, 36, 100
8, 40559, Note_on_c, 5, 34, 100
8, 40564, Note_on_c, 5, 36, 0
8, 40788, Note_on_c, 5, 34, 0
8, 40798, Note_on_c, 5, 33, 100
8, 41041, Note_on_c, 5, 31, 100
8, 41042, Note_on_c, 5, 33, 0
8, 41272, Note_on_c, 5, 26, 100
8, 41273, Note_on_c, 5, 31, 0
8, 41511, Note_on_c, 5, 28, 100
8, 41519, Note_on_c, 5, 26, 0
8, 41748, Note_on_c, 5, 29, 100
8, 41753, Note_on_c, 5, 28, 0
8, 42479, Note_on_c, 5, 29, 0
8, 45350, Note_on_c, 5, 31, 100
8, 45587, Note_on_c, 5, 31, 0
8, 45596, Note_on_c, 5, 33, 100
8, 45769, Note_on_c, 5, 33, 0
8, 45776, Note_on_c, 5, 31, 100
8, 45822, Note_on_c, 5, 31, 0
8, 45833, Note_on_c, 5, 29, 100
8, 45994, Note_on_c, 5, 29, 0
8, 46007, Note_on_c, 5, 28, 100
8, 46048, Note_on_c, 5, 28, 0
8, 46080, Note_on_c, 5, 26, 100
8, 46795, Note_on_c, 5, 26, 0
8, 48231, Note_on_c, 5, 31, 100
8, 48476, Note_on_c, 5, 26, 100
8, 48477, Note_on_c, 5, 31, 0
8, 48705, Note_on_c, 5, 28, 100
8, 48712, Note_on_c, 5, 26, 0
8, 48952, Note_on_c, 5, 29, 100
8, 48954, Note_on_c, 5, 28, 0
8, 49549, Note_on_c, 5, 29, 0
8, 49611, Note_on_c, 5, 33, 100
8, 49631, Note_on_c, 5, 33, 0
8, 49681, Note_on_c, 5, 26, 100
8, 49798, Note_on_c, 5, 26, 0
8, 49863, Note_on_c, 5, 31, 100
8, 49885, Note_on_c, 5, 31, 0
8, 49928, Note_on_c, 5, 24, 100
8, 50412, Note_on_c, 5, 24, 0
8, 50435, Note_on_c, 5, 29, 100
8, 50882, Note_on_c, 5, 29, 0
8, 50882, End_track
9, 0, Start_track
9, 0, Title_t, "Ped 32"
9, 0, MIDI_port, 0
9, 0, Control_c, 7, 7, 127
9, 0, Control_c, 7, 10, 25
9, 0, Program_c, 7, 58
9, 0, Control_c, 7, 91, 127
9, 3, Note_on_c, 7, 17, 100
9, 3172, Note_on_c, 7, 17, 0
9, 3180, Note_on_c, 7, 19, 100
9, 3238, Note_on_c, 7, 21, 100
9, 3241, Note_on_c, 7, 19, 0
9, 3302, Note_on_c, 7, 21, 0
9, 3304, Note_on_c, 7, 22, 100
9, 3338, Note_on_c, 7, 22, 0
9, 3357, Note_on_c, 7, 24, 100
9, 3837, Note_on_c, 7, 26, 100
9, 3846, Note_on_c, 7, 24, 0
9, 4080, Note_on_c, 7, 24, 100
9, 4083, Note_on_c, 7, 26, 0
9, 4200, Note_on_c, 7, 22, 100
9, 4203, Note_on_c, 7, 24, 0
9, 4314, Note_on_c, 7, 22, 0
9, 4320, Note_on_c, 7, 21, 100
9, 4440, Note_on_c, 7, 22, 100
9, 4451, Note_on_c, 7, 21, 0
9, 4556, Note_on_c, 7, 22, 0
9, 4562, Note_on_c, 7, 24, 100
9, 4784, Note_on_c, 7, 24, 0
9, 4798, Note_on_c, 7, 19, 100
9, 5271, Note_on_c, 7, 19, 0
9, 5275, Note_on_c, 7, 21, 100
9, 5521, Note_on_c, 7, 21, 0
9, 5521, Note_on_c, 7, 23, 100
9, 5743, Note_on_c, 7, 23, 0
9, 5758, Note_on_c, 7, 24, 100
9, 6481, Note_on_c, 7, 24, 0
9, 7195, Note_on_c, 7, 24, 100
9, 7678, Note_on_c, 7, 26, 100
9, 7683, Note_on_c, 7, 24, 0
9, 7919, Note_on_c, 7, 26, 0
9, 7920, Note_on_c, 7, 24, 100
9, 8156, Note_on_c, 7, 19, 100
9, 8159, Note_on_c, 7, 24, 0
9, 8275, Note_on_c, 7, 21, 100
9, 8276, Note_on_c, 7, 19, 0
9, 8398, Note_on_c, 7, 22, 100
9, 8404, Note_on_c, 7, 21, 0
9, 8632, Note_on_c, 7, 22, 0
9, 8635, Note_on_c, 7, 21, 100
9, 8876, Note_on_c, 7, 19, 100
9, 8880, Note_on_c, 7, 21, 0
9, 9114, Note_on_c, 7, 17, 100
9, 9121, Note_on_c, 7, 19, 0
9, 10082, Note_on_c, 7, 17, 0
9, 14411, Note_on_c, 7, 17, 100
9, 14882, Note_on_c, 7, 17, 0
9, 14884, Note_on_c, 7, 19, 100
9, 14994, Note_on_c, 7, 19, 0
9, 14996, Note_on_c, 7, 21, 100
9, 15118, Note_on_c, 7, 22, 100
9, 15122, Note_on_c, 7, 21, 0
9, 15351, Note_on_c, 7, 22, 0
9, 15358, Note_on_c, 7, 21, 100
9, 15476, Note_on_c, 7, 22, 100
9, 15481, Note_on_c, 7, 21, 0
9, 15597, Note_on_c, 7, 22, 0
9, 15598, Note_on_c, 7, 24, 100
9, 16055, Note_on_c, 7, 24, 0
9, 16082, Note_on_c, 7, 19, 100
9, 16315, Note_on_c, 7, 19, 0
9, 16321, Note_on_c, 7, 17, 100
9, 16435, Note_on_c, 7, 17, 0
9, 16439, Note_on_c, 7, 16, 100
9, 16550, Note_on_c, 7, 16, 0
9, 16552, Note_on_c, 7, 14, 100
9, 16785, Note_on_c, 7, 14, 0
9, 16789, Note_on_c, 7, 12, 100
9, 17761, Note_on_c, 7, 12, 0
9, 18239, Note_on_c, 7, 12, 100
9, 18705, Note_on_c, 7, 12, 0
9, 18721, Note_on_c, 7, 17, 100
9, 18959, Note_on_c, 7, 17, 0
9, 18960, Note_on_c, 7, 19, 100
9, 19182, Note_on_c, 7, 19, 0
9, 19192, Note_on_c, 7, 21, 100
9, 19313, Note_on_c, 7, 22, 100
9, 19316, Note_on_c, 7, 21, 0
9, 19429, Note_on_c, 7, 22, 0
9, 19433, Note_on_c, 7, 24, 100
9, 19892, Note_on_c, 7, 24, 0
9, 19916, Note_on_c, 7, 22, 100
9, 20157, Note_on_c, 7, 22, 0
9, 20165, Note_on_c, 7, 21, 100
9, 20393, Note_on_c, 7, 21, 0
9, 20399, Note_on_c, 7, 19, 100
9, 20637, Note_on_c, 7, 21, 100
9, 20638, Note_on_c, 7, 19, 0
9, 21370, Note_on_c, 7, 21, 0
9, 24716, Note_on_c, 7, 21, 100
9, 24898, Note_on_c, 7, 21, 0
9, 24900, Note_on_c, 7, 22, 100
9, 24949, Note_on_c, 7, 22, 0
9, 24962, Note_on_c, 7, 24, 100
9, 25205, Note_on_c, 7, 24, 0
9, 25205, Note_on_c, 7, 26, 100
9, 25437, Note_on_c, 7, 26, 0
9, 25440, Note_on_c, 7, 24, 100
9, 25661, Note_on_c, 7, 24, 0
9, 25668, Note_on_c, 7, 19, 100
9, 25903, Note_on_c, 7, 19, 0
9, 25910, Note_on_c, 7, 21, 100
9, 26155, Note_on_c, 7, 23, 100
9, 26161, Note_on_c, 7, 21, 0
9, 26397, Note_on_c, 7, 24, 100
9, 26405, Note_on_c, 7, 23, 0
9, 27120, Note_on_c, 7, 24, 0
9, 27833, Note_on_c, 7, 24, 100
9, 28318, Note_on_c, 7, 26, 100
9, 28320, Note_on_c, 7, 24, 0
9, 28551, Note_on_c, 7, 24, 100
9, 28557, Note_on_c, 7, 26, 0
9, 28794, Note_on_c, 7, 19, 100
9, 28797, Note_on_c, 7, 24, 0
9, 28911, Note_on_c, 7, 21, 100
9, 28912, Note_on_c, 7, 19, 0
9, 29034, Note_on_c, 7, 22, 100
9, 29038, Note_on_c, 7, 21, 0
9, 29271, Note_on_c, 7, 22, 0
9, 29275, Note_on_c, 7, 21, 100
9, 29509, Note_on_c, 7, 19, 100
9, 29514, Note_on_c, 7, 21, 0
9, 29753, Note_on_c, 7, 17, 100
9, 29757, Note_on_c, 7, 19, 0
9, 30491, Note_on_c, 7, 17, 0
9, 35033, Note_on_c, 7, 17, 100
9, 35511, Note_on_c, 7, 17, 0
9, 35514, Note_on_c, 7, 19, 100
9, 35635, Note_on_c, 7, 19, 0
9, 35637, Note_on_c, 7, 21, 100
9, 35756, Note_on_c, 7, 22, 100
9, 35763, Note_on_c, 7, 21, 0
9, 35985, Note_on_c, 7, 22, 0
9, 35999, Note_on_c, 7, 21, 100
9, 36122, Note_on_c, 7, 22, 100
9, 36129, Note_on_c, 7, 21, 0
9, 36237, Note_on_c, 7, 22, 0
9, 36241, Note_on_c, 7, 24, 100
9, 36664, Note_on_c, 7, 24, 0
9, 36714, Note_on_c, 7, 19, 100
9, 36954, Note_on_c, 7, 19, 0
9, 36958, Note_on_c, 7, 17, 100
9, 37081, Note_on_c, 7, 16, 100
9, 37082, Note_on_c, 7, 17, 0
9, 37199, Note_on_c, 7, 16, 0
9, 37206, Note_on_c, 7, 14, 100
9, 37438, Note_on_c, 7, 12, 100
9, 37445, Note_on_c, 7, 14, 0
9, 38114, Note_on_c, 7, 12, 0
9, 38870, Note_on_c, 7, 12, 100
9, 39359, Note_on_c, 7, 17, 100
9, 39360, Note_on_c, 7, 12, 0
9, 39594, Note_on_c, 7, 19, 100
9, 39595, Note_on_c, 7, 17, 0
9, 39822, Note_on_c, 7, 19, 0
9, 39829, Note_on_c, 7, 21, 100
9, 39955, Note_on_c, 7, 22, 100
9, 39962, Note_on_c, 7, 21, 0
9, 40073, Note_on_c, 7, 22, 0
9, 40076, Note_on_c, 7, 24, 100
9, 40559, Note_on_c, 7, 22, 100
9, 40564, Note_on_c, 7, 24, 0
9, 40788, Note_on_c, 7, 22, 0
9, 40792, Note_on_c, 7, 21, 100
9, 41040, Note_on_c, 7, 19, 100
9, 41042, Note_on_c, 7, 21, 0
9, 41272, Note_on_c, 7, 14, 100
9, 41279, Note_on_c, 7, 19, 0
9, 41511, Note_on_c, 7, 16, 100
9, 41519, Note_on_c, 7, 14, 0
9, 41748, Note_on_c, 7, 17, 100
9, 41753, Note_on_c, 7, 16, 0
9, 42479, Note_on_c, 7, 17, 0
9, 45350, Note_on_c, 7, 19, 100
9, 45587, Note_on_c, 7, 19, 0
9, 45596, Note_on_c, 7, 21, 100
9, 45769, Note_on_c, 7, 21, 0
9, 45776, Note_on_c, 7, 19, 100
9, 45822, Note_on_c, 7, 19, 0
9, 45833, Note_on_c, 7, 17, 100
9, 45994, Note_on_c, 7, 17, 0
9, 46007, Note_on_c, 7, 16, 100
9, 46048, Note_on_c, 7, 16, 0
9, 46080, Note_on_c, 7, 14, 100
9, 46795, Note_on_c, 7, 14, 0
9, 48231, Note_on_c, 7, 19, 100
9, 48476, Note_on_c, 7, 14, 100
9, 48477, Note_on_c, 7, 19, 0
9, 48705, Note_on_c, 7, 16, 100
9, 48712, Note_on_c, 7, 14, 0
9, 48952, Note_on_c, 7, 17, 100
9, 48954, Note_on_c, 7, 16, 0
9, 49549, Note_on_c, 7, 17, 0
9, 49611, Note_on_c, 7, 21, 100
9, 49631, Note_on_c, 7, 21, 0
9, 49681, Note_on_c, 7, 14, 100
9, 49798, Note_on_c, 7, 14, 0
9, 49863, Note_on_c, 7, 19, 100
9, 49885, Note_on_c, 7, 19, 0
9, 49928, Note_on_c, 7, 12, 100
9, 50412, Note_on_c, 7, 12, 0
9, 50435, Note_on_c, 7, 17, 100
9, 50880, Note_on_c, 7, 17, 0
9, 50880, End_track
10, 0, Start_track
10, 0, Title_t, "Trumpet"
10, 0, MIDI_port, 0
10, 0, Control_c, 8, 7, 86
10, 0, Control_c, 8, 10, 59
10, 0, Program_c, 8, 56
10, 42296, Note_on_c, 8, 58, 100
10, 42325, Note_on_c, 8, 58, 0
10, 42326, Note_on_c, 8, 60, 100
10, 42357, Note_on_c, 8, 60, 0
10, 42357, Note_on_c, 8, 62, 100
10, 42387, Note_on_c, 8, 60, 100
10, 42391, Note_on_c, 8, 62, 0
10, 42413, Note_on_c, 8, 53, 100
10, 42418, Note_on_c, 8, 58, 100
10, 42422, Note_on_c, 8, 60, 0
10, 42439, Note_on_c, 8, 58, 0
10, 42445, Note_on_c, 8, 57, 100
10, 42459, Note_on_c, 8, 57, 0
10, 42476, Note_on_c, 8, 55, 100
10, 42503, Note_on_c, 8, 51, 100
10, 42505, Note_on_c, 8, 53, 0
10, 42532, Note_on_c, 8, 51, 0
10, 42533, Note_on_c, 8, 50, 100
10, 42561, Note_on_c, 8, 51, 100
10, 42563, Note_on_c, 8, 50, 0
10, 42566, Note_on_c, 8, 55, 0
10, 42567, Note_on_c, 8, 57, 100
10, 42574, Note_on_c, 8, 51, 0
10, 42592, Note_on_c, 8, 53, 100
10, 42593, Note_on_c, 8, 57, 0
10, 42599, Note_on_c, 8, 58, 100
10, 42616, Note_on_c, 8, 58, 0
10, 42616, Note_on_c, 8, 57, 100
10, 42621, Note_on_c, 8, 51, 100
10, 42625, Note_on_c, 8, 53, 0
10, 42630, Note_on_c, 8, 57, 0
10, 42631, Note_on_c, 8, 58, 100
10, 42642, Note_on_c, 8, 58, 0
10, 42642, Note_on_c, 8, 57, 100
10, 42650, Note_on_c, 8, 50, 100
10, 42651, Note_on_c, 8, 51, 0
10, 42653, Note_on_c, 8, 57, 0
10, 42654, Note_on_c, 8, 58, 100
10, 42662, Note_on_c, 8, 57, 100
10, 42672, Note_on_c, 8, 58, 0
10, 42678, Note_on_c, 8, 48, 100
10, 42680, Note_on_c, 8, 50, 0
10, 42682, Note_on_c, 8, 55, 100
10, 42683, Note_on_c, 8, 57, 0
10, 42696, Note_on_c, 8, 57, 100
10, 42702, Note_on_c, 8, 48, 0
10, 42703, Note_on_c, 8, 55, 0
10, 42709, Note_on_c, 8, 50, 100
10, 42720, Note_on_c, 8, 57, 0
10, 42722, Note_on_c, 8, 58, 100
10, 42753, Note_on_c, 8, 65, 100
10, 42782, Note_on_c, 8, 65, 0
10, 42782, Note_on_c, 8, 64, 100
10, 42806, Note_on_c, 8, 64, 0
10, 42807, Note_on_c, 8, 50, 0
10, 42809, Note_on_c, 8, 52, 100
10, 42811, Note_on_c, 8, 65, 100
10, 42837, Note_on_c, 8, 65, 0
10, 42838, Note_on_c, 8, 52, 0
10, 42840, Note_on_c, 8, 67, 100
10, 42841, Note_on_c, 8, 53, 100
10, 42854, Note_on_c, 8, 52, 100
10, 42855, Note_on_c, 8, 53, 0
10, 42867, Note_on_c, 8, 52, 0
10, 42869, Note_on_c, 8, 53, 100
10, 42870, Note_on_c, 8, 67, 0
10, 42870, Note_on_c, 8, 65, 100
10, 42881, Note_on_c, 8, 52, 100
10, 42882, Note_on_c, 8, 53, 0
10, 42893, Note_on_c, 8, 52, 0
10, 42894, Note_on_c, 8, 53, 100
10, 42899, Note_on_c, 8, 65, 0
10, 42900, Note_on_c, 8, 64, 100
10, 42903, Note_on_c, 8, 52, 100
10, 42909, Note_on_c, 8, 53, 0
10, 42919, Note_on_c, 8, 52, 0
10, 42919, Note_on_c, 8, 50, 100
10, 42929, Note_on_c, 8, 62, 100
10, 42932, Note_on_c, 8, 52, 100
10, 42933, Note_on_c, 8, 64, 0
10, 42939, Note_on_c, 8, 50, 0
10, 42940, Note_on_c, 8, 62, 0
10, 42954, Note_on_c, 8, 52, 0
10, 42956, Note_on_c, 8, 53, 100
10, 42959, Note_on_c, 8, 60, 100
10, 42987, Note_on_c, 8, 58, 100
10, 42990, Note_on_c, 8, 72, 100
10, 42995, Note_on_c, 8, 60, 0
10, 42995, Note_on_c, 8, 57, 100
10, 42996, Note_on_c, 8, 58, 0
10, 43010, Note_on_c, 8, 53, 0
10, 43013, Note_on_c, 8, 53, 100
10, 43014, Note_on_c, 8, 55, 100
10, 43015, Note_on_c, 8, 57, 0
10, 43021, Note_on_c, 8, 70, 100
10, 43023, Note_on_c, 8, 72, 0
10, 43038, Note_on_c, 8, 55, 0
10, 43044, Note_on_c, 8, 57, 100
10, 43049, Note_on_c, 8, 72, 100
10, 43050, Note_on_c, 8, 70, 0
10, 43071, Note_on_c, 8, 58, 0
10, 43076, Note_on_c, 8, 57, 0
10, 43076, Note_on_c, 8, 58, 100
10, 43077, Note_on_c, 8, 74, 100
10, 43079, Note_on_c, 8, 72, 0
10, 43104, Note_on_c, 8, 57, 100
10, 43106, Note_on_c, 8, 53, 0
10, 43107, Note_on_c, 8, 72, 100
10, 43109, Note_on_c, 8, 58, 0
10, 43109, Note_on_c, 8, 74, 0
10, 43133, Note_on_c, 8, 55, 100
10, 43135, Note_on_c, 8, 57, 0
10, 43137, Note_on_c, 8, 72, 0
10, 43137, Note_on_c, 8, 70, 100
10, 43161, Note_on_c, 8, 53, 100
10, 43163, Note_on_c, 8, 70, 0
10, 43165, Note_on_c, 8, 55, 0
10, 43165, Note_on_c, 8, 69, 100
10, 43190, Note_on_c, 8, 60, 100
10, 43193, Note_on_c, 8, 53, 0
10, 43193, Note_on_c, 8, 69, 0
10, 43194, Note_on_c, 8, 67, 100
10, 43217, Note_on_c, 8, 67, 0
10, 43221, Note_on_c, 8, 52, 100
10, 43226, Note_on_c, 8, 79, 100
10, 43251, Note_on_c, 8, 50, 100
10, 43254, Note_on_c, 8, 52, 0
10, 43256, Note_on_c, 8, 79, 0
10, 43256, Note_on_c, 8, 77, 100
10, 43280, Note_on_c, 8, 52, 100
10, 43285, Note_on_c, 8, 50, 0
10, 43285, Note_on_c, 8, 79, 100
10, 43287, Note_on_c, 8, 77, 0
10, 43311, Note_on_c, 8, 53, 100
10, 43314, Note_on_c, 8, 52, 0
10, 43314, Note_on_c, 8, 79, 0
10, 43315, Note_on_c, 8, 81, 100
10, 43340, Note_on_c, 8, 52, 100
10, 43344, Note_on_c, 8, 53, 0
10, 43346, Note_on_c, 8, 79, 100
10, 43349, Note_on_c, 8, 81, 0
10, 43373, Note_on_c, 8, 50, 100
10, 43377, Note_on_c, 8, 77, 100
10, 43378, Note_on_c, 8, 52, 0
10, 43379, Note_on_c, 8, 79, 0
10, 43404, Note_on_c, 8, 77, 0
10, 43405, Note_on_c, 8, 76, 100
10, 43409, Note_on_c, 8, 50, 0
10, 43416, Note_on_c, 8, 76, 0
10, 43431, Note_on_c, 8, 55, 100
10, 43437, Note_on_c, 8, 74, 100
10, 43461, Note_on_c, 8, 58, 100
10, 43464, Note_on_c, 8, 60, 0
10, 43489, Note_on_c, 8, 58, 0
10, 43489, Note_on_c, 8, 57, 100
10, 43518, Note_on_c, 8, 58, 100
10, 43519, Note_on_c, 8, 57, 0
10, 43528, Note_on_c, 8, 76, 100
10, 43529, Note_on_c, 8, 74, 0
10, 43548, Note_on_c, 8, 76, 0
10, 43554, Note_on_c, 8, 58, 0
10, 43555, Note_on_c, 8, 60, 100
10, 43558, Note_on_c, 8, 77, 100
10, 43571, Note_on_c, 8, 76, 100
10, 43572, Note_on_c, 8, 77, 0
10, 43583, Note_on_c, 8, 76, 0
10, 43584, Note_on_c, 8, 77, 100
10, 43584, Note_on_c, 8, 58, 100
10, 43586, Note_on_c, 8, 60, 0
10, 43595, Note_on_c, 8, 77, 0
10, 43595, Note_on_c, 8, 76, 100
10, 43608, Note_on_c, 8, 77, 100
10, 43612, Note_on_c, 8, 77, 0
10, 43612, Note_on_c, 8, 57, 100
10, 43616, Note_on_c, 8, 55, 0
10, 43618, Note_on_c, 8, 58, 0
10, 43620, Note_on_c, 8, 77, 100
10, 43621, Note_on_c, 8, 76, 0
10, 43628, Note_on_c, 8, 76, 100
10, 43629, Note_on_c, 8, 77, 0
10, 43639, Note_on_c, 8, 55, 100
10, 43643, Note_on_c, 8, 74, 100
10, 43646, Note_on_c, 8, 57, 0
10, 43646, Note_on_c, 8, 76, 0
10, 43647, Note_on_c, 8, 55, 0
10, 43657, Note_on_c, 8, 74, 0
10, 43658, Note_on_c, 8, 76, 100
10, 43667, Note_on_c, 8, 57, 100
10, 43668, Note_on_c, 8, 50, 100
10, 43671, Note_on_c, 8, 76, 0
10, 43677, Note_on_c, 8, 77, 100
10, 43705, Note_on_c, 8, 57, 0
10, 43708, Note_on_c, 8, 69, 100
10, 43737, Note_on_c, 8, 67, 100
10, 43740, Note_on_c, 8, 69, 0
10, 43749, Note_on_c, 8, 50, 0
10, 43769, Note_on_c, 8, 69, 100
10, 43771, Note_on_c, 8, 67, 0
10, 43793, Note_on_c, 8, 62, 100
10, 43798, Note_on_c, 8, 70, 100
10, 43799, Note_on_c, 8, 69, 0
10, 43830, Note_on_c, 8, 69, 100
10, 43831, Note_on_c, 8, 70, 0
10, 43856, Note_on_c, 8, 67, 100
10, 43859, Note_on_c, 8, 67, 100
10, 43861, Note_on_c, 8, 69, 0
10, 43882, Note_on_c, 8, 67, 0
10, 43883, Note_on_c, 8, 65, 100
10, 43886, Note_on_c, 8, 65, 100
10, 43890, Note_on_c, 8, 62, 0
10, 43890, Note_on_c, 8, 67, 0
10, 43909, Note_on_c, 8, 65, 0
10, 43911, Note_on_c, 8, 62, 100
10, 43918, Note_on_c, 8, 65, 0
10, 43919, Note_on_c, 8, 77, 0
10, 43919, Note_on_c, 8, 67, 100
10, 43920, Note_on_c, 8, 76, 100
10, 43946, Note_on_c, 8, 62, 0
10, 43946, Note_on_c, 8, 61, 100
10, 43975, Note_on_c, 8, 61, 0
10, 43975, Note_on_c, 8, 59, 100
10, 44004, Note_on_c, 8, 61, 100
10, 44005, Note_on_c, 8, 59, 0
10, 44008, Note_on_c, 8, 70, 100
10, 44011, Note_on_c, 8, 67, 0
10, 44020, Note_on_c, 8, 70, 0
10, 44034, Note_on_c, 8, 61, 0
10, 44035, Note_on_c, 8, 62, 100
10, 44039, Note_on_c, 8, 70, 100
10, 44053, Note_on_c, 8, 69, 100
10, 44054, Note_on_c, 8, 70, 0
10, 44065, Note_on_c, 8, 61, 100
10, 44066, Note_on_c, 8, 69, 0
10, 44068, Note_on_c, 8, 62, 0
10, 44068, Note_on_c, 8, 70, 100
10, 44076, Note_on_c, 8, 69, 100
10, 44077, Note_on_c, 8, 70, 0
10, 44083, Note_on_c, 8, 69, 0
10, 44083, Note_on_c, 8, 70, 100
10, 44089, Note_on_c, 8, 69, 100
10, 44093, Note_on_c, 8, 70, 0
10, 44093, Note_on_c, 8, 59, 100
10, 44094, Note_on_c, 8, 61, 0
10, 44120, Note_on_c, 8, 57, 100
10, 44121, Note_on_c, 8, 67, 100
10, 44122, Note_on_c, 8, 69, 0
10, 44125, Note_on_c, 8, 59, 0
10, 44145, Note_on_c, 8, 57, 0
10, 44149, Note_on_c, 8, 62, 100
10, 44152, Note_on_c, 8, 65, 100
10, 44154, Note_on_c, 8, 67, 0
10, 44155, Note_on_c, 8, 76, 0
10, 44185, Note_on_c, 8, 74, 100
10, 44214, Note_on_c, 8, 73, 100
10, 44215, Note_on_c, 8, 74, 0
10, 44227, Note_on_c, 8, 65, 0
10, 44239, Note_on_c, 8, 60, 100
10, 44242, Note_on_c, 8, 62, 0
10, 44243, Note_on_c, 8, 74, 100
10, 44244, Note_on_c, 8, 67, 100
10, 44245, Note_on_c, 8, 73, 0
10, 44252, Note_on_c, 8, 60, 0
10, 44261, Note_on_c, 8, 67, 0
10, 44268, Note_on_c, 8, 74, 0
10, 44273, Note_on_c, 8, 60, 100
10, 44276, Note_on_c, 8, 69, 100
10, 44276, Note_on_c, 8, 76, 100
10, 44284, Note_on_c, 8, 60, 0
10, 44285, Note_on_c, 8, 58, 100
10, 44294, Note_on_c, 8, 58, 0
10, 44295, Note_on_c, 8, 60, 100
10, 44302, Note_on_c, 8, 58, 100
10, 44304, Note_on_c, 8, 60, 0
10, 44307, Note_on_c, 8, 74, 100
10, 44309, Note_on_c, 8, 76, 0
10, 44309, Note_on_c, 8, 58, 0
10, 44310, Note_on_c, 8, 60, 100
10, 44317, Note_on_c, 8, 58, 100
10, 44321, Note_on_c, 8, 58, 0
10, 44328, Note_on_c, 8, 58, 100
10, 44330, Note_on_c, 8, 60, 0
10, 44337, Note_on_c, 8, 60, 100
10, 44338, Note_on_c, 8, 74, 0
10, 44338, Note_on_c, 8, 73, 100
10, 44341, Note_on_c, 8, 60, 0
10, 44364, Note_on_c, 8, 58, 0
10, 44364, Note_on_c, 8, 57, 100
10, 44365, Note_on_c, 8, 74, 100
10, 44366, Note_on_c, 8, 73, 0
10, 44377, Note_on_c, 8, 74, 0
10, 44380, Note_on_c, 8, 58, 100
10, 44381, Note_on_c, 8, 57, 0
10, 44394, Note_on_c, 8, 58, 0
10, 44396, Note_on_c, 8, 73, 100
10, 44396, Note_on_c, 8, 57, 100
10, 44425, Note_on_c, 8, 57, 0
10, 44425, Note_on_c, 8, 58, 100
10, 44451, Note_on_c, 8, 58, 0
10, 44451, Note_on_c, 8, 55, 100
10, 44460, Note_on_c, 8, 69, 0
10, 44479, Note_on_c, 8, 57, 100
10, 44484, Note_on_c, 8, 55, 0
10, 44489, Note_on_c, 8, 73, 0
10, 44489, Note_on_c, 8, 69, 100
10, 44505, Note_on_c, 8, 69, 0
10, 44510, Note_on_c, 8, 57, 0
10, 44510, Note_on_c, 8, 58, 100
10, 44522, Note_on_c, 8, 74, 100
10, 44522, Note_on_c, 8, 65, 100
10, 44548, Note_on_c, 8, 57, 100
10, 44549, Note_on_c, 8, 58, 0
10, 44578, Note_on_c, 8, 55, 100
10, 44582, Note_on_c, 8, 57, 0
10, 44584, Note_on_c, 8, 65, 0
10, 44607, Note_on_c, 8, 53, 100
10, 44608, Note_on_c, 8, 55, 0
10, 44612, Note_on_c, 8, 62, 100
10, 44626, Note_on_c, 8, 62, 0
10, 44637, Note_on_c, 8, 53, 0
10, 44640, Note_on_c, 8, 55, 100
10, 44649, Note_on_c, 8, 64, 100
10, 44676, Note_on_c, 8, 57, 100
10, 44680, Note_on_c, 8, 55, 0
10, 44708, Note_on_c, 8, 53, 100
10, 44710, Note_on_c, 8, 57, 0
10, 44733, Note_on_c, 8, 76, 100
10, 44736, Note_on_c, 8, 53, 0
10, 44736, Note_on_c, 8, 55, 100
10, 44737, Note_on_c, 8, 74, 0
10, 44745, Note_on_c, 8, 76, 0
10, 44763, Note_on_c, 8, 57, 100
10, 44766, Note_on_c, 8, 55, 0
10, 44768, Note_on_c, 8, 72, 100
10, 44793, Note_on_c, 8, 55, 100
10, 44797, Note_on_c, 8, 57, 0
10, 44822, Note_on_c, 8, 54, 100
10, 44826, Note_on_c, 8, 55, 0
10, 44843, Note_on_c, 8, 64, 0
10, 44844, Note_on_c, 8, 69, 100
10, 44852, Note_on_c, 8, 54, 0
10, 44852, Note_on_c, 8, 52, 100
10, 44859, Note_on_c, 8, 69, 0
10, 44875, Note_on_c, 8, 62, 100
10, 44879, Note_on_c, 8, 54, 100
10, 44881, Note_on_c, 8, 52, 0
10, 44907, Note_on_c, 8, 62, 0
10, 44907, Note_on_c, 8, 63, 100
10, 44936, Note_on_c, 8, 63, 0
10, 44936, Note_on_c, 8, 60, 100
10, 44960, Note_on_c, 8, 54, 0
10, 44961, Note_on_c, 8, 50, 100
10, 44964, Note_on_c, 8, 60, 0
10, 44964, Note_on_c, 8, 62, 100
10, 44988, Note_on_c, 8, 50, 0
10, 44991, Note_on_c, 8, 55, 100
10, 44993, Note_on_c, 8, 72, 0
10, 44994, Note_on_c, 8, 63, 100
10, 44995, Note_on_c, 8, 70, 100
10, 44997, Note_on_c, 8, 62, 0
10, 45000, Note_on_c, 8, 63, 0
10, 45021, Note_on_c, 8, 62, 100
10, 45050, Note_on_c, 8, 60, 100
10, 45052, Note_on_c, 8, 62, 0
10, 45072, Note_on_c, 8, 70, 0
10, 45079, Note_on_c, 8, 58, 100
10, 45081, Note_on_c, 8, 60, 0
10, 45082, Note_on_c, 8, 75, 100
10, 45093, Note_on_c, 8, 75, 0
10, 45109, Note_on_c, 8, 60, 100
10, 45111, Note_on_c, 8, 58, 0
10, 45113, Note_on_c, 8, 69, 100
10, 45128, Note_on_c, 8, 60, 0
10, 45140, Note_on_c, 8, 63, 100
10, 45144, Note_on_c, 8, 72, 100
10, 45145, Note_on_c, 8, 69, 0
10, 45170, Note_on_c, 8, 62, 100
10, 45172, Note_on_c, 8, 63, 0
10, 45172, Note_on_c, 8, 72, 0
10, 45173, Note_on_c, 8, 70, 100
10, 45195, Note_on_c, 8, 70, 0
10, 45196, Note_on_c, 8, 63, 100
10, 45198, Note_on_c, 8, 55, 0
10, 45198, Note_on_c, 8, 62, 0
10, 45202, Note_on_c, 8, 72, 100
10, 45215, Note_on_c, 8, 63, 0
10, 45227, Note_on_c, 8, 57, 100
10, 45228, Note_on_c, 8, 54, 100
10, 45231, Note_on_c, 8, 72, 0
10, 45233, Note_on_c, 8, 74, 100
10, 45248, Note_on_c, 8, 57, 0
10, 45263, Note_on_c, 8, 72, 100
10, 45264, Note_on_c, 8, 74, 0
10, 45291, Note_on_c, 8, 62, 100
10, 45294, Note_on_c, 8, 72, 0
10, 45294, Note_on_c, 8, 70, 100
10, 45313, Note_on_c, 8, 54, 0
10, 45323, Note_on_c, 8, 70, 0
10, 45324, Note_on_c, 8, 69, 100
10, 45348, Note_on_c, 8, 55, 100
10, 45353, Note_on_c, 8, 70, 100
10, 45358, Note_on_c, 8, 69, 0
10, 45370, Note_on_c, 8, 70, 0
10, 45379, Note_on_c, 8, 62, 0
10, 45387, Note_on_c, 8, 77, 100
10, 45388, Note_on_c, 8, 69, 100
10, 45416, Note_on_c, 8, 77, 0
10, 45417, Note_on_c, 8, 67, 100
10, 45417, Note_on_c, 8, 76, 100
10, 45418, Note_on_c, 8, 69, 0
10, 45445, Note_on_c, 8, 69, 100
10, 45446, Note_on_c, 8, 67, 0
10, 45446, Note_on_c, 8, 76, 0
10, 45447, Note_on_c, 8, 77, 100
10, 45477, Note_on_c, 8, 69, 0
10, 45477, Note_on_c, 8, 77, 0
10, 45478, Note_on_c, 8, 79, 100
10, 45479, Note_on_c, 8, 70, 100
10, 45510, Note_on_c, 8, 79, 0
10, 45510, Note_on_c, 8, 69, 100
10, 45511, Note_on_c, 8, 70, 0
10, 45511, Note_on_c, 8, 77, 100
10, 45526, Note_on_c, 8, 69, 0
10, 45536, Note_on_c, 8, 67, 100
10, 45540, Note_on_c, 8, 76, 100
10, 45541, Note_on_c, 8, 77, 0
10, 45549, Note_on_c, 8, 67, 0
10, 45566, Note_on_c, 8, 65, 100
10, 45568, Note_on_c, 8, 76, 0
10, 45569, Note_on_c, 8, 74, 100
10, 45577, Note_on_c, 8, 65, 0
10, 45583, Note_on_c, 8, 74, 0
10, 45597, Note_on_c, 8, 55, 0
10, 45598, Note_on_c, 8, 64, 100
10, 45599, Note_on_c, 8, 73, 100
10, 45625, Note_on_c, 8, 64, 0
10, 45627, Note_on_c, 8, 65, 100
10, 45627, Note_on_c, 8, 62, 100
10, 45656, Note_on_c, 8, 62, 0
10, 45657, Note_on_c, 8, 61, 100
10, 45658, Note_on_c, 8, 65, 0
10, 45659, Note_on_c, 8, 64, 100
10, 45684, Note_on_c, 8, 61, 0
10, 45687, Note_on_c, 8, 62, 100
10, 45688, Note_on_c, 8, 73, 0
10, 45688, Note_on_c, 8, 65, 100
10, 45689, Note_on_c, 8, 64, 0
10, 45709, Note_on_c, 8, 65, 0
10, 45716, Note_on_c, 8, 62, 0
10, 45717, Note_on_c, 8, 64, 100
10, 45718, Note_on_c, 8, 67, 100
10, 45743, Note_on_c, 8, 64, 0
10, 45745, Note_on_c, 8, 62, 100
10, 45745, Note_on_c, 8, 65, 100
10, 45747, Note_on_c, 8, 67, 0
10, 45759, Note_on_c, 8, 65, 0
10, 45772, Note_on_c, 8, 62, 0
10, 45773, Note_on_c, 8, 61, 100
10, 45780, Note_on_c, 8, 64, 100
10, 45803, Note_on_c, 8, 59, 100
10, 45804, Note_on_c, 8, 61, 0
10, 45833, Note_on_c, 8, 59, 0
10, 45833, Note_on_c, 8, 57, 100
10, 45867, Note_on_c, 8, 69, 100
10, 45893, Note_on_c, 8, 69, 0
10, 45894, Note_on_c, 8, 64, 0
10, 45894, Note_on_c, 8, 57, 0
10, 45894, Note_on_c, 8, 53, 100
10, 45897, Note_on_c, 8, 70, 100
10, 45897, Note_on_c, 8, 62, 100
10, 45926, Note_on_c, 8, 70, 0
10, 45926, Note_on_c, 8, 69, 100
10, 45934, Note_on_c, 8, 62, 0
10, 45950, Note_on_c, 8, 69, 0
10, 45952, Note_on_c, 8, 53, 0
10, 45952, Note_on_c, 8, 58, 100
10, 45955, Note_on_c, 8, 67, 100
10, 45986, Note_on_c, 8, 69, 100
10, 46014, Note_on_c, 8, 57, 100
10, 46015, Note_on_c, 8, 69, 0
10, 46016, Note_on_c, 8, 71, 100
10, 46040, Note_on_c, 8, 57, 0
10, 46041, Note_on_c, 8, 55, 100
10, 46047, Note_on_c, 8, 71, 0
10, 46047, Note_on_c, 8, 73, 100
10, 46050, Note_on_c, 8, 55, 0
10, 46055, Note_on_c, 8, 58, 0
10, 46072, Note_on_c, 8, 57, 100
10, 46075, Note_on_c, 8, 73, 0
10, 46077, Note_on_c, 8, 74, 100
10, 46079, Note_on_c, 8, 67, 0
10, 46103, Note_on_c, 8, 58, 100
10, 46106, Note_on_c, 8, 57, 0
10, 46106, Note_on_c, 8, 67, 100
10, 46131, Note_on_c, 8, 58, 0
10, 46133, Note_on_c, 8, 55, 100
10, 46138, Note_on_c, 8, 69, 100
10, 46141, Note_on_c, 8, 67, 0
10, 46164, Note_on_c, 8, 57, 100
10, 46165, Note_on_c, 8, 67, 100
10, 46167, Note_on_c, 8, 55, 0
10, 46168, Note_on_c, 8, 69, 0
10, 46192, Note_on_c, 8, 57, 0
10, 46193, Note_on_c, 8, 60, 100
10, 46195, Note_on_c, 8, 66, 100
10, 46196, Note_on_c, 8, 67, 0
10, 46224, Note_on_c, 8, 58, 100
10, 46226, Note_on_c, 8, 67, 100
10, 46227, Note_on_c, 8, 66, 0
10, 46228, Note_on_c, 8, 60, 0
10, 46254, Note_on_c, 8, 57, 100
10, 46257, Note_on_c, 8, 58, 0
10, 46257, Note_on_c, 8, 67, 0
10, 46257, Note_on_c, 8, 69, 100
10, 46283, Note_on_c, 8, 55, 100
10, 46284, Note_on_c, 8, 57, 0
10, 46286, Note_on_c, 8, 69, 0
10, 46287, Note_on_c, 8, 70, 100
10, 46313, Note_on_c, 8, 54, 100
10, 46315, Note_on_c, 8, 55, 0
10, 46316, Note_on_c, 8, 70, 0
10, 46318, Note_on_c, 8, 72, 100
10, 46339, Note_on_c, 8, 74, 0
10, 46341, Note_on_c, 8, 72, 0
10, 46344, Note_on_c, 8, 62, 100
10, 46362, Note_on_c, 8, 62, 0
10, 46371, Note_on_c, 8, 54, 0
10, 46372, Note_on_c, 8, 70, 100
10, 46372, Note_on_c, 8, 79, 100
10, 46373, Note_on_c, 8, 55, 100
10, 46375, Note_on_c, 8, 63, 100
10, 46401, Note_on_c, 8, 63, 0
10, 46403, Note_on_c, 8, 62, 100
10, 46418, Note_on_c, 8, 79, 0
10, 46419, Note_on_c, 8, 70, 0
10, 46426, Note_on_c, 8, 62, 0
10, 46432, Note_on_c, 8, 57, 100
10, 46432, Note_on_c, 8, 69, 100
10, 46432, Note_on_c, 8, 78, 100
10, 46432, Note_on_c, 8, 60, 100
10, 46434, Note_on_c, 8, 55, 0
10, 46461, Note_on_c, 8, 78, 0
10, 46462, Note_on_c, 8, 60, 0
10, 46463, Note_on_c, 8, 62, 100
10, 46465, Note_on_c, 8, 69, 0
10, 46484, Note_on_c, 8, 62, 0
10, 46490, Note_on_c, 8, 64, 100
10, 46491, Note_on_c, 8, 57, 0
10, 46491, Note_on_c, 8, 72, 100
10, 46491, Note_on_c, 8, 81, 100
10, 46507, Note_on_c, 8, 81, 0
10, 46513, Note_on_c, 8, 72, 0
10, 46518, Note_on_c, 8, 64, 0
10, 46519, Note_on_c, 8, 66, 100
10, 46547, Note_on_c, 8, 66, 0
10, 46549, Note_on_c, 8, 67, 100
10, 46552, Note_on_c, 8, 70, 100
10, 46552, Note_on_c, 8, 74, 100
10, 46575, Note_on_c, 8, 67, 0
10, 46578, Note_on_c, 8, 55, 100
10, 46611, Note_on_c, 8, 64, 100
10, 46612, Note_on_c, 8, 55, 0
10, 46612, Note_on_c, 8, 58, 100
10, 46615, Note_on_c, 8, 74, 0
10, 46615, Note_on_c, 8, 73, 100
10, 46616, Note_on_c, 8, 70, 0
10, 46616, Note_on_c, 8, 67, 100
10, 46642, Note_on_c, 8, 57, 100
10, 46643, Note_on_c, 8, 58, 0
10, 46648, Note_on_c, 8, 64, 0
10, 46653, Note_on_c, 8, 73, 0
10, 46654, Note_on_c, 8, 67, 0
10, 46672, Note_on_c, 8, 55, 100
10, 46674, Note_on_c, 8, 57, 0
10, 46702, Note_on_c, 8, 57, 100
10, 46704, Note_on_c, 8, 55, 0
10, 46732, Note_on_c, 8, 59, 100
10, 46733, Note_on_c, 8, 57, 0
10, 46740, Note_on_c, 8, 76, 100
10, 46740, Note_on_c, 8, 67, 100
10, 46740, Note_on_c, 8, 69, 100
10, 46761, Note_on_c, 8, 59, 0
10, 46761, Note_on_c, 8, 76, 0
10, 46761, Note_on_c, 8, 69, 0
10, 46762, Note_on_c, 8, 67, 0
10, 46763, Note_on_c, 8, 61, 100
10, 46778, Note_on_c, 8, 61, 0
10, 46800, Note_on_c, 8, 62, 100
10, 46803, Note_on_c, 8, 69, 100
10, 46804, Note_on_c, 8, 67, 100
10, 46804, Note_on_c, 8, 76, 100
10, 46832, Note_on_c, 8, 62, 0
10, 46832, Note_on_c, 8, 45, 100
10, 46856, Note_on_c, 8, 45, 0
10, 46859, Note_on_c, 8, 50, 100
10, 46862, Note_on_c, 8, 74, 100
10, 46862, Note_on_c, 8, 65, 100
10, 46863, Note_on_c, 8, 76, 0
10, 46864, Note_on_c, 8, 67, 0
10, 46890, Note_on_c, 8, 50, 0
10, 46890, Note_on_c, 8, 53, 100
10, 46892, Note_on_c, 8, 74, 0
10, 46894, Note_on_c, 8, 69, 0
10, 46894, Note_on_c, 8, 65, 0
10, 46921, Note_on_c, 8, 57, 100
10, 46922, Note_on_c, 8, 53, 0
10, 46943, Note_on_c, 8, 57, 0
10, 46951, Note_on_c, 8, 50, 100
10, 46977, Note_on_c, 8, 69, 100
10, 46977, Note_on_c, 8, 81, 100
10, 46977, Note_on_c, 8, 74, 100
10, 46979, Note_on_c, 8, 53, 100
10, 46981, Note_on_c, 8, 50, 0
10, 46995, Note_on_c, 8, 81, 0
10, 46996, Note_on_c, 8, 74, 0
10, 46997, Note_on_c, 8, 69, 0
10, 47005, Note_on_c, 8, 57, 100
10, 47006, Note_on_c, 8, 53, 0
10, 47032, Note_on_c, 8, 57, 0
10, 47035, Note_on_c, 8, 58, 100
10, 47039, Note_on_c, 8, 74, 100
10, 47040, Note_on_c, 8, 81, 100
10, 47040, Note_on_c, 8, 77, 100
10, 47066, Note_on_c, 8, 55, 100
10, 47067, Note_on_c, 8, 58, 0
10, 47093, Note_on_c, 8, 81, 0
10, 47094, Note_on_c, 8, 77, 0
10, 47098, Note_on_c, 8, 79, 100
10, 47098, Note_on_c, 8, 52, 100
10, 47099, Note_on_c, 8, 76, 100
10, 47102, Note_on_c, 8, 55, 0
10, 47124, Note_on_c, 8, 76, 0
10, 47125, Note_on_c, 8, 79, 0
10, 47126, Note_on_c, 8, 55, 100
10, 47127, Note_on_c, 8, 52, 0
10, 47130, Note_on_c, 8, 74, 0
10, 47157, Note_on_c, 8, 49, 100
10, 47160, Note_on_c, 8, 55, 0
10, 47188, Note_on_c, 8, 49, 0
10, 47188, Note_on_c, 8, 58, 100
10, 47215, Note_on_c, 8, 57, 100
10, 47217, Note_on_c, 8, 58, 0
10, 47218, Note_on_c, 8, 69, 100
10, 47219, Note_on_c, 8, 76, 100
10, 47219, Note_on_c, 8, 73, 100
10, 47219, Note_on_c, 8, 79, 100
10, 47233, Note_on_c, 8, 73, 0
10, 47234, Note_on_c, 8, 69, 0
10, 47234, Note_on_c, 8, 79, 0
10, 47235, Note_on_c, 8, 76, 0
10, 47244, Note_on_c, 8, 55, 100
10, 47247, Note_on_c, 8, 57, 0
10, 47257, Note_on_c, 8, 55, 0
10, 47275, Note_on_c, 8, 53, 100
10, 47279, Note_on_c, 8, 76, 100
10, 47279, Note_on_c, 8, 79, 100
10, 47279, Note_on_c, 8, 69, 100
10, 47306, Note_on_c, 8, 50, 100
10, 47308, Note_on_c, 8, 53, 0
10, 47321, Note_on_c, 8, 79, 0
10, 47326, Note_on_c, 8, 76, 0
10, 47335, Note_on_c, 8, 53, 100
10, 47336, Note_on_c, 8, 50, 0
10, 47338, Note_on_c, 8, 74, 100
10, 47339, Note_on_c, 8, 77, 100
10, 47354, Note_on_c, 8, 77, 0
10, 47355, Note_on_c, 8, 74, 0
10, 47362, Note_on_c, 8, 57, 100
10, 47363, Note_on_c, 8, 53, 0
10, 47368, Note_on_c, 8, 72, 100
10, 47369, Note_on_c, 8, 76, 100
10, 47370, Note_on_c, 8, 57, 0
10, 47377, Note_on_c, 8, 72, 0
10, 47383, Note_on_c, 8, 76, 0
10, 47392, Note_on_c, 8, 69, 0
10, 47396, Note_on_c, 8, 62, 100
10, 47400, Note_on_c, 8, 74, 100
10, 47401, Note_on_c, 8, 77, 100
10, 47430, Note_on_c, 8, 69, 100
10, 47460, Note_on_c, 8, 69, 0
10, 47460, Note_on_c, 8, 70, 100
10, 47485, Note_on_c, 8, 69, 100
10, 47487, Note_on_c, 8, 74, 0
10, 47487, Note_on_c, 8, 72, 100
10, 47488, Note_on_c, 8, 70, 0
10, 47493, Note_on_c, 8, 69, 0
10, 47514, Note_on_c, 8, 72, 0
10, 47516, Note_on_c, 8, 70, 100
10, 47517, Note_on_c, 8, 76, 100
10, 47518, Note_on_c, 8, 67, 100
10, 47520, Note_on_c, 8, 77, 0
10, 47544, Note_on_c, 8, 69, 100
10, 47545, Note_on_c, 8, 70, 0
10, 47545, Note_on_c, 8, 67, 0
10, 47546, Note_on_c, 8, 72, 100
10, 47572, Note_on_c, 8, 69, 0
10, 47574, Note_on_c, 8, 65, 100
10, 47577, Note_on_c, 8, 69, 100
10, 47578, Note_on_c, 8, 72, 0
10, 47601, Note_on_c, 8, 67, 100
10, 47605, Note_on_c, 8, 70, 100
10, 47606, Note_on_c, 8, 65, 0
10, 47606, Note_on_c, 8, 69, 0
10, 47630, Note_on_c, 8, 67, 0
10, 47631, Note_on_c, 8, 62, 0
10, 47631, Note_on_c, 8, 69, 100
10, 47631, Note_on_c, 8, 60, 100
10, 47634, Note_on_c, 8, 70, 0
10, 47635, Note_on_c, 8, 72, 100
10, 47663, Note_on_c, 8, 67, 100
10, 47663, Note_on_c, 8, 70, 100
10, 47667, Note_on_c, 8, 72, 0
10, 47671, Note_on_c, 8, 69, 0
10, 47690, Note_on_c, 8, 66, 100
10, 47692, Note_on_c, 8, 67, 0
10, 47693, Note_on_c, 8, 69, 100
10, 47694, Note_on_c, 8, 70, 0
10, 47718, Note_on_c, 8, 66, 0
10, 47719, Note_on_c, 8, 64, 100
10, 47724, Note_on_c, 8, 67, 100
10, 47726, Note_on_c, 8, 69, 0
10, 47749, Note_on_c, 8, 76, 0
10, 47750, Note_on_c, 8, 67, 0
10, 47751, Note_on_c, 8, 64, 0
10, 47751, Note_on_c, 8, 66, 100
10, 47752, Note_on_c, 8, 74, 100
10, 47778, Note_on_c, 8, 66, 0
10, 47779, Note_on_c, 8, 62, 100
10, 47781, Note_on_c, 8, 81, 100
10, 47810, Note_on_c, 8, 64, 100
10, 47811, Note_on_c, 8, 62, 0
10, 47812, Note_on_c, 8, 81, 0
10, 47812, Note_on_c, 8, 79, 100
10, 47838, Note_on_c, 8, 66, 100
10, 47840, Note_on_c, 8, 64, 0
10, 47841, Note_on_c, 8, 81, 100
10, 47842, Note_on_c, 8, 79, 0
10, 47865, Note_on_c, 8, 66, 0
10, 47868, Note_on_c, 8, 67, 100
10, 47869, Note_on_c, 8, 60, 0
10, 47872, Note_on_c, 8, 58, 100
10, 47872, Note_on_c, 8, 82, 100
10, 47875, Note_on_c, 8, 81, 0
10, 47897, Note_on_c, 8, 82, 0
10, 47899, Note_on_c, 8, 65, 100
10, 47902, Note_on_c, 8, 67, 0
10, 47902, Note_on_c, 8, 81, 100
10, 47928, Note_on_c, 8, 63, 100
10, 47931, Note_on_c, 8, 65, 0
10, 47932, Note_on_c, 8, 79, 100
10, 47933, Note_on_c, 8, 81, 0
10, 47954, Note_on_c, 8, 63, 0
10, 47957, Note_on_c, 8, 62, 100
10, 47960, Note_on_c, 8, 79, 0
10, 47960, Note_on_c, 8, 77, 100
10, 47966, Note_on_c, 8, 74, 0
10, 47981, Note_on_c, 8, 77, 0
10, 47986, Note_on_c, 8, 60, 100
10, 47987, Note_on_c, 8, 62, 0
10, 47988, Note_on_c, 8, 58, 0
10, 47992, Note_on_c, 8, 76, 100
10, 47993, Note_on_c, 8, 72, 100
10, 47994, Note_on_c, 8, 67, 100
10, 48014, Note_on_c, 8, 60, 0
10, 48017, Note_on_c, 8, 48, 100
10, 48050, Note_on_c, 8, 52, 100
10, 48053, Note_on_c, 8, 48, 0
10, 48077, Note_on_c, 8, 55, 100
10, 48078, Note_on_c, 8, 52, 0
10, 48088, Note_on_c, 8, 76, 0
10, 48089, Note_on_c, 8, 67, 0
10, 48107, Note_on_c, 8, 55, 0
10, 48108, Note_on_c, 8, 60, 100
10, 48114, Note_on_c, 8, 69, 100
10, 48114, Note_on_c, 8, 77, 100
10, 48140, Note_on_c, 8, 53, 100
10, 48142, Note_on_c, 8, 60, 0
10, 48169, Note_on_c, 8, 57, 100
10, 48170, Note_on_c, 8, 53, 0
10, 48198, Note_on_c, 8, 60, 100
10, 48202, Note_on_c, 8, 57, 0
10, 48204, Note_on_c, 8, 69, 0
10, 48229, Note_on_c, 8, 60, 0
10, 48230, Note_on_c, 8, 62, 100
10, 48238, Note_on_c, 8, 70, 100
10, 48238, Note_on_c, 8, 67, 100
10, 48242, Note_on_c, 8, 72, 0
10, 48265, Note_on_c, 8, 58, 100
10, 48266, Note_on_c, 8, 62, 0
10, 48295, Note_on_c, 8, 62, 100
10, 48296, Note_on_c, 8, 58, 0
10, 48296, Note_on_c, 8, 76, 100
10, 48298, Note_on_c, 8, 77, 0
10, 48324, Note_on_c, 8, 58, 100
10, 48326, Note_on_c, 8, 62, 0
10, 48326, Note_on_c, 8, 76, 0
10, 48327, Note_on_c, 8, 74, 100
10, 48337, Note_on_c, 8, 74, 0
10, 48338, Note_on_c, 8, 58, 0
10, 48354, Note_on_c, 8, 52, 100
10, 48360, Note_on_c, 8, 76, 100
10, 48384, Note_on_c, 8, 62, 100
10, 48393, Note_on_c, 8, 52, 0
10, 48414, Note_on_c, 8, 60, 100
10, 48417, Note_on_c, 8, 62, 0
10, 48445, Note_on_c, 8, 60, 0
10, 48445, Note_on_c, 8, 58, 100
10, 48467, Note_on_c, 8, 76, 0
10, 48467, Note_on_c, 8, 77, 100
10, 48468, Note_on_c, 8, 70, 0
10, 48468, Note_on_c, 8, 65, 100
10, 48469, Note_on_c, 8, 67, 0
10, 48469, Note_on_c, 8, 58, 0
10, 48475, Note_on_c, 8, 57, 100
10, 48498, Note_on_c, 8, 74, 100
10, 48499, Note_on_c, 8, 57, 0
10, 48528, Note_on_c, 8, 74, 0
10, 48529, Note_on_c, 8, 53, 100
10, 48529, Note_on_c, 8, 70, 100
10, 48553, Note_on_c, 8, 53, 0
10, 48557, Note_on_c, 8, 72, 100
10, 48558, Note_on_c, 8, 70, 0
10, 48560, Note_on_c, 8, 77, 0
10, 48566, Note_on_c, 8, 65, 0
10, 48584, Note_on_c, 8, 72, 0
10, 48586, Note_on_c, 8, 58, 100
10, 48586, Note_on_c, 8, 74, 100
10, 48619, Note_on_c, 8, 72, 100
10, 48620, Note_on_c, 8, 74, 0
10, 48645, Note_on_c, 8, 65, 100
10, 48650, Note_on_c, 8, 72, 0
10, 48651, Note_on_c, 8, 70, 100
10, 48669, Note_on_c, 8, 65, 0
10, 48682, Note_on_c, 8, 69, 100
10, 48686, Note_on_c, 8, 70, 0
10, 48704, Note_on_c, 8, 69, 0
10, 48709, Note_on_c, 8, 60, 100
10, 48716, Note_on_c, 8, 67, 100
10, 48739, Note_on_c, 8, 64, 100
10, 48741, Note_on_c, 8, 60, 0
10, 48749, Note_on_c, 8, 79, 100
10, 48753, Note_on_c, 8, 64, 0
10, 48773, Note_on_c, 8, 58, 0
10, 48773, Note_on_c, 8, 55, 100
10, 48775, Note_on_c, 8, 60, 100
10, 48779, Note_on_c, 8, 76, 100
10, 48780, Note_on_c, 8, 79, 0
10, 48806, Note_on_c, 8, 62, 100
10, 48808, Note_on_c, 8, 77, 100
10, 48810, Note_on_c, 8, 60, 0
10, 48813, Note_on_c, 8, 76, 0
10, 48825, Note_on_c, 8, 77, 0
10, 48834, Note_on_c, 8, 62, 0
10, 48836, Note_on_c, 8, 64, 100
10, 48839, Note_on_c, 8, 79, 100
10, 48864, Note_on_c, 8, 64, 0
10, 48866, Note_on_c, 8, 62, 100
10, 48870, Note_on_c, 8, 77, 100
10, 48871, Note_on_c, 8, 79, 0
10, 48896, Note_on_c, 8, 62, 0
10, 48896, Note_on_c, 8, 60, 100
10, 48900, Note_on_c, 8, 77, 0
10, 48900, Note_on_c, 8, 76, 100
10, 48927, Note_on_c, 8, 60, 0
10, 48927, Note_on_c, 8, 58, 100
10, 48929, Note_on_c, 8, 76, 0
10, 48929, Note_on_c, 8, 74, 100
10, 48932, Note_on_c, 8, 55, 0
10, 48953, Note_on_c, 8, 74, 0
10, 48955, Note_on_c, 8, 58, 0
10, 48957, Note_on_c, 8, 57, 100
10, 48959, Note_on_c, 8, 72, 100
10, 48985, Note_on_c, 8, 60, 100
10, 48988, Note_on_c, 8, 57, 0
10, 48989, Note_on_c, 8, 69, 100
10, 48993, Note_on_c, 8, 67, 0
10, 49005, Note_on_c, 8, 60, 0
10, 49015, Note_on_c, 8, 57, 100
10, 49019, Note_on_c, 8, 69, 0
10, 49020, Note_on_c, 8, 65, 100
10, 49047, Note_on_c, 8, 58, 100
10, 49048, Note_on_c, 8, 57, 0
10, 49049, Note_on_c, 8, 67, 100
10, 49050, Note_on_c, 8, 65, 0
10, 49077, Note_on_c, 8, 58, 0
10, 49078, Note_on_c, 8, 60, 100
10, 49080, Note_on_c, 8, 69, 100
10, 49082, Note_on_c, 8, 67, 0
10, 49107, Note_on_c, 8, 58, 100
10, 49108, Note_on_c, 8, 60, 0
10, 49109, Note_on_c, 8, 67, 100
10, 49112, Note_on_c, 8, 69, 0
10, 49133, Note_on_c, 8, 58, 0
10, 49135, Note_on_c, 8, 48, 100
10, 49136, Note_on_c, 8, 57, 100
10, 49141, Note_on_c, 8, 67, 0
10, 49142, Note_on_c, 8, 65, 100
10, 49166, Note_on_c, 8, 55, 100
10, 49167, Note_on_c, 8, 57, 0
10, 49169, Note_on_c, 8, 63, 100
10, 49171, Note_on_c, 8, 65, 0
10, 49178, Note_on_c, 8, 48, 0
10, 49183, Note_on_c, 8, 55, 0
10, 49196, Note_on_c, 8, 50, 100
10, 49196, Note_on_c, 8, 53, 100
10, 49199, Note_on_c, 8, 63, 0
10, 49199, Note_on_c, 8, 62, 100
10, 49228, Note_on_c, 8, 72, 0
10, 49230, Note_on_c, 8, 69, 100
10, 49231, Note_on_c, 8, 50, 0
10, 49256, Note_on_c, 8, 46, 100
10, 49259, Note_on_c, 8, 70, 100
10, 49261, Note_on_c, 8, 69, 0
10, 49286, Note_on_c, 8, 62, 0
10, 49286, Note_on_c, 8, 70, 0
10, 49286, Note_on_c, 8, 64, 100
10, 49287, Note_on_c, 8, 74, 100
10, 49305, Note_on_c, 8, 64, 0
10, 49306, Note_on_c, 8, 53, 0
10, 49311, Note_on_c, 8, 46, 0
10, 49317, Note_on_c, 8, 65, 100
10, 49318, Note_on_c, 8, 72, 100
10, 49320, Note_on_c, 8, 74, 0
10, 49333, Note_on_c, 8, 65, 0
10, 49333, Note_on_c, 8, 64, 100
10, 49347, Note_on_c, 8, 64, 0
10, 49348, Note_on_c, 8, 65, 100
10, 49351, Note_on_c, 8, 70, 100
10, 49353, Note_on_c, 8, 72, 0
10, 49359, Note_on_c, 8, 64, 100
10, 49360, Note_on_c, 8, 65, 0
10, 49369, Note_on_c, 8, 64, 0
10, 49370, Note_on_c, 8, 65, 100
10, 49375, Note_on_c, 8, 70, 0
10, 49376, Note_on_c, 8, 69, 100
10, 49378, Note_on_c, 8, 64, 100
10, 49381, Note_on_c, 8, 65, 0
10, 49401, Note_on_c, 8, 62, 100
10, 49403, Note_on_c, 8, 64, 0
10, 49404, Note_on_c, 8, 69, 0
10, 49404, Note_on_c, 8, 67, 100
10, 49417, Note_on_c, 8, 64, 100
10, 49421, Note_on_c, 8, 62, 0
10, 49434, Note_on_c, 8, 67, 0
10, 49435, Note_on_c, 8, 69, 100
10, 49437, Note_on_c, 8, 64, 0
10, 49438, Note_on_c, 8, 65, 100
10, 49449, Note_on_c, 8, 69, 0
10, 49460, Note_on_c, 8, 65, 0
10, 49464, Note_on_c, 8, 57, 100
10, 49469, Note_on_c, 8, 65, 100
10, 49488, Note_on_c, 8, 57, 0
10, 49494, Note_on_c, 8, 65, 0
10, 49494, Note_on_c, 8, 60, 100
10, 49496, Note_on_c, 8, 69, 100
10, 49514, Note_on_c, 8, 60, 0
10, 49521, Note_on_c, 8, 64, 100
10, 49525, Note_on_c, 8, 69, 0
10, 49525, Note_on_c, 8, 72, 100
10, 49542, Note_on_c, 8, 64, 0
10, 49552, Note_on_c, 8, 69, 100
10, 49554, Note_on_c, 8, 72, 0
10, 49556, Note_on_c, 8, 77, 100
10, 49577, Note_on_c, 8, 77, 0
10, 49581, Note_on_c, 8, 69, 0
10, 49583, Note_on_c, 8, 65, 100
10, 49586, Note_on_c, 8, 72, 100
10, 49606, Note_on_c, 8, 65, 0
10, 49613, Note_on_c, 8, 60, 100
10, 49614, Note_on_c, 8, 72, 0
10, 49619, Note_on_c, 8, 77, 100
10, 49639, Note_on_c, 8, 77, 0
10, 49642, Note_on_c, 8, 57, 100
10, 49647, Note_on_c, 8, 79, 100
10, 49663, Note_on_c, 8, 57, 0
10, 49665, Note_on_c, 8, 79, 0
10, 49676, Note_on_c, 8, 53, 100
10, 49678, Note_on_c, 8, 80, 100
10, 49710, Note_on_c, 8, 80, 0
10, 49710, Note_on_c, 8, 77, 100
10, 49738, Note_on_c, 8, 59, 100
10, 49739, Note_on_c, 8, 60, 0
10, 49740, Note_on_c, 8, 74, 100
10, 49743, Note_on_c, 8, 77, 0
10, 49767, Note_on_c, 8, 77, 100
10, 49771, Note_on_c, 8, 74, 0
10, 49775, Note_on_c, 8, 59, 0
10, 49777, Note_on_c, 8, 53, 0
10, 49800, Note_on_c, 8, 77, 0
10, 49801, Note_on_c, 8, 71, 100
10, 49833, Note_on_c, 8, 80, 100
10, 49834, Note_on_c, 8, 71, 0
10, 49857, Note_on_c, 8, 80, 0
10, 49860, Note_on_c, 8, 50, 100
10, 49861, Note_on_c, 8, 55, 100
10, 49861, Note_on_c, 8, 59, 100
10, 49864, Note_on_c, 8, 79, 100
10, 49886, Note_on_c, 8, 59, 0
10, 49888, Note_on_c, 8, 50, 0
10, 49888, Note_on_c, 8, 55, 0
10, 49892, Note_on_c, 8, 77, 100
10, 49897, Note_on_c, 8, 79, 0
10, 49922, Note_on_c, 8, 77, 0
10, 49922, Note_on_c, 8, 48, 100
10, 49924, Note_on_c, 8, 55, 100
10, 49924, Note_on_c, 8, 60, 100
10, 49926, Note_on_c, 8, 76, 100
10, 49957, Note_on_c, 8, 74, 100
10, 49986, Note_on_c, 8, 74, 0
10, 49986, Note_on_c, 8, 72, 100
10, 50015, Note_on_c, 8, 72, 0
10, 50016, Note_on_c, 8, 70, 100
10, 50044, Note_on_c, 8, 76, 0
10, 50044, Note_on_c, 8, 70, 0
10, 50045, Note_on_c, 8, 69, 100
10, 50074, Note_on_c, 8, 72, 100
10, 50102, Note_on_c, 8, 53, 100
10, 50103, Note_on_c, 8, 72, 0
10, 50103, Note_on_c, 8, 77, 100
10, 50106, Note_on_c, 8, 55, 0
10, 50131, Note_on_c, 8, 59, 100
10, 50132, Note_on_c, 8, 69, 0
10, 50132, Note_on_c, 8, 68, 100
10, 50134, Note_on_c, 8, 60, 0
10, 50154, Note_on_c, 8, 68, 0
10, 50161, Note_on_c, 8, 55, 100
10, 50162, Note_on_c, 8, 59, 0
10, 50162, Note_on_c, 8, 60, 100
10, 50163, Note_on_c, 8, 67, 100
10, 50164, Note_on_c, 8, 53, 0
10, 50167, Note_on_c, 8, 77, 0
10, 50193, Note_on_c, 8, 77, 100
10, 50226, Note_on_c, 8, 76, 100
10, 50228, Note_on_c, 8, 77, 0
10, 50256, Note_on_c, 8, 74, 100
10, 50258, Note_on_c, 8, 76, 0
10, 50275, Note_on_c, 8, 74, 0
10, 50287, Note_on_c, 8, 76, 100
10, 50316, Note_on_c, 8, 69, 100
10, 50317, Note_on_c, 8, 67, 0
10, 50338, Note_on_c, 8, 69, 0
10, 50345, Note_on_c, 8, 70, 100
10, 50352, Note_on_c, 8, 76, 0
10, 50380, Note_on_c, 8, 76, 100
10, 50405, Note_on_c, 8, 76, 0
10, 50409, Note_on_c, 8, 60, 0
10, 50413, Note_on_c, 8, 70, 0
10, 50414, Note_on_c, 8, 55, 0
10, 50435, Note_on_c, 8, 77, 100
10, 50435, Note_on_c, 8, 53, 100
10, 50435, Note_on_c, 8, 60, 100
10, 50435, Note_on_c, 8, 69, 100
10, 50879, Note_on_c, 8, 48, 0
10, 50881, Note_on_c, 8, 53, 0
10, 50881, Note_on_c, 8, 60, 0
10, 50881, Note_on_c, 8, 69, 0
10, 50882, Note_on_c, 8, 77, 0
10, 50882, End_track
11, 0, Start_track
11, 0, Title_t, "Trumpet 4"
11, 0, MIDI_port, 0
11, 0, Control_c, 8, 7, 92
11, 0, Control_c, 8, 10, 85
11, 0, Program_c, 8, 56
11, 42296, Note_on_c, 8, 70, 100
11, 42325, Note_on_c, 8, 70, 0
11, 42326, Note_on_c, 8, 72, 100
11, 42357, Note_on_c, 8, 72, 0
11, 42357, Note_on_c, 8, 74, 100
11, 42387, Note_on_c, 8, 72, 100
11, 42391, Note_on_c, 8, 74, 0
11, 42413, Note_on_c, 8, 65, 100
11, 42418, Note_on_c, 8, 70, 100
11, 42422, Note_on_c, 8, 72, 0
11, 42439, Note_on_c, 8, 70, 0
11, 42445, Note_on_c, 8, 69, 100
11, 42459, Note_on_c, 8, 69, 0
11, 42476, Note_on_c, 8, 67, 100
11, 42503, Note_on_c, 8, 63, 100
11, 42505, Note_on_c, 8, 65, 0
11, 42532, Note_on_c, 8, 63, 0
11, 42533, Note_on_c, 8, 62, 100
11, 42561, Note_on_c, 8, 63, 100
11, 42563, Note_on_c, 8, 62, 0
11, 42566, Note_on_c, 8, 67, 0
11, 42567, Note_on_c, 8, 69, 100
11, 42574, Note_on_c, 8, 63, 0
11, 42592, Note_on_c, 8, 65, 100
11, 42593, Note_on_c, 8, 69, 0
11, 42599, Note_on_c, 8, 70, 100
11, 42616, Note_on_c, 8, 70, 0
11, 42616, Note_on_c, 8, 69, 100
11, 42621, Note_on_c, 8, 63, 100
11, 42625, Note_on_c, 8, 65, 0
11, 42630, Note_on_c, 8, 69, 0
11, 42631, Note_on_c, 8, 70, 100
11, 42642, Note_on_c, 8, 70, 0
11, 42642, Note_on_c, 8, 69, 100
11, 42650, Note_on_c, 8, 62, 100
11, 42651, Note_on_c, 8, 63, 0
11, 42653, Note_on_c, 8, 69, 0
11, 42654, Note_on_c, 8, 70, 100
11, 42662, Note_on_c, 8, 69, 100
11, 42672, Note_on_c, 8, 70, 0
11, 42678, Note_on_c, 8, 60, 100
11, 42680, Note_on_c, 8, 62, 0
11, 42682, Note_on_c, 8, 67, 100
11, 42683, Note_on_c, 8, 69, 0
11, 42696, Note_on_c, 8, 69, 100
11, 42702, Note_on_c, 8, 60, 0
11, 42703, Note_on_c, 8, 67, 0
11, 42709, Note_on_c, 8, 62, 100
11, 42720, Note_on_c, 8, 69, 0
11, 42722, Note_on_c, 8, 70, 100
11, 42753, Note_on_c, 8, 77, 100
11, 42782, Note_on_c, 8, 77, 0
11, 42782, Note_on_c, 8, 76, 100
11, 42806, Note_on_c, 8, 76, 0
11, 42807, Note_on_c, 8, 62, 0
11, 42809, Note_on_c, 8, 64, 100
11, 42811, Note_on_c, 8, 77, 100
11, 42837, Note_on_c, 8, 77, 0
11, 42838, Note_on_c, 8, 64, 0
11, 42840, Note_on_c, 8, 79, 100
11, 42841, Note_on_c, 8, 65, 100
11, 42854, Note_on_c, 8, 64, 100
11, 42855, Note_on_c, 8, 65, 0
11, 42867, Note_on_c, 8, 64, 0
11, 42869, Note_on_c, 8, 65, 100
11, 42870, Note_on_c, 8, 79, 0
11, 42870, Note_on_c, 8, 77, 100
11, 42881, Note_on_c, 8, 64, 100
11, 42882, Note_on_c, 8, 65, 0
11, 42893, Note_on_c, 8, 64, 0
11, 42894, Note_on_c, 8, 65, 100
11, 42899, Note_on_c, 8, 77, 0
11, 42900, Note_on_c, 8, 76, 100
11, 42903, Note_on_c, 8, 64, 100
11, 42909, Note_on_c, 8, 65, 0
11, 42919, Note_on_c, 8, 64, 0
11, 42919, Note_on_c, 8, 62, 100
11, 42929, Note_on_c, 8, 74, 100
11, 42932, Note_on_c, 8, 64, 100
11, 42933, Note_on_c, 8, 76, 0
11, 42939, Note_on_c, 8, 62, 0
11, 42940, Note_on_c, 8, 74, 0
11, 42954, Note_on_c, 8, 64, 0
11, 42956, Note_on_c, 8, 65, 100
11, 42959, Note_on_c, 8, 72, 100
11, 42987, Note_on_c, 8, 70, 100
11, 42990, Note_on_c, 8, 84, 100
11, 42995, Note_on_c, 8, 72, 0
11, 42995, Note_on_c, 8, 69, 100
11, 42996, Note_on_c, 8, 70, 0
11, 43010, Note_on_c, 8, 65, 0
11, 43013, Note_on_c, 8, 65, 100
11, 43014, Note_on_c, 8, 67, 100
11, 43015, Note_on_c, 8, 69, 0
11, 43021, Note_on_c, 8, 82, 100
11, 43023, Note_on_c, 8, 84, 0
11, 43038, Note_on_c, 8, 67, 0
11, 43044, Note_on_c, 8, 69, 100
11, 43049, Note_on_c, 8, 84, 100
11, 43050, Note_on_c, 8, 82, 0
11, 43071, Note_on_c, 8, 70, 0
11, 43076, Note_on_c, 8, 69, 0
11, 43076, Note_on_c, 8, 70, 100
11, 43077, Note_on_c, 8, 86, 100
11, 43079, Note_on_c, 8, 84, 0
11, 43104, Note_on_c, 8, 69, 100
11, 43106, Note_on_c, 8, 65, 0
11, 43107, Note_on_c, 8, 84, 100
11, 43109, Note_on_c, 8, 70, 0
11, 43109, Note_on_c, 8, 86, 0
11, 43133, Note_on_c, 8, 67, 100
11, 43135, Note_on_c, 8, 69, 0
11, 43137, Note_on_c, 8, 84, 0
11, 43137, Note_on_c, 8, 82, 100
11, 43161, Note_on_c, 8, 65, 100
11, 43163, Note_on_c, 8, 82, 0
11, 43165, Note_on_c, 8, 67, 0
11, 43165, Note_on_c, 8, 81, 100
11, 43190, Note_on_c, 8, 72, 100
11, 43193, Note_on_c, 8, 65, 0
11, 43193, Note_on_c, 8, 81, 0
11, 43194, Note_on_c, 8, 79, 100
11, 43217, Note_on_c, 8, 79, 0
11, 43221, Note_on_c, 8, 64, 100
11, 43226, Note_on_c, 8, 91, 100
11, 43251, Note_on_c, 8, 62, 100
11, 43254, Note_on_c, 8, 64, 0
11, 43256, Note_on_c, 8, 91, 0
11, 43256, Note_on_c, 8, 89, 100
11, 43280, Note_on_c, 8, 64, 100
11, 43285, Note_on_c, 8, 62, 0
11, 43285, Note_on_c, 8, 91, 100
11, 43287, Note_on_c, 8, 89, 0
11, 43311, Note_on_c, 8, 65, 100
11, 43314, Note_on_c, 8, 64, 0
11, 43314, Note_on_c, 8, 91, 0
11, 43315, Note_on_c, 8, 93, 100
11, 43340, Note_on_c, 8, 64, 100
11, 43344, Note_on_c, 8, 65, 0
11, 43346, Note_on_c, 8, 91, 100
11, 43349, Note_on_c, 8, 93, 0
11, 43373, Note_on_c, 8, 62, 100
11, 43377, Note_on_c, 8, 89, 100
11, 43378, Note_on_c, 8, 64, 0
11, 43379, Note_on_c, 8, 91, 0
11, 43404, Note_on_c, 8, 89, 0
11, 43405, Note_on_c, 8, 88, 100
11, 43409, Note_on_c, 8, 62, 0
11, 43416, Note_on_c, 8, 88, 0
11, 43431, Note_on_c, 8, 67, 100
11, 43437, Note_on_c, 8, 86, 100
11, 43461, Note_on_c, 8, 70, 100
11, 43464, Note_on_c, 8, 72, 0
11, 43489, Note_on_c, 8, 70, 0
11, 43489, Note_on_c, 8, 69, 100
11, 43518, Note_on_c, 8, 70, 100
11, 43519, Note_on_c, 8, 69, 0
11, 43528, Note_on_c, 8, 88, 100
11, 43529, Note_on_c, 8, 86, 0
11, 43548, Note_on_c, 8, 88, 0
11, 43554, Note_on_c, 8, 70, 0
11, 43555, Note_on_c, 8, 72, 100
11, 43558, Note_on_c, 8, 89, 100
11, 43571, Note_on_c, 8, 88, 100
11, 43572, Note_on_c, 8, 89, 0
11, 43583, Note_on_c, 8, 88, 0
11, 43584, Note_on_c, 8, 89, 100
11, 43584, Note_on_c, 8, 70, 100
11, 43586, Note_on_c, 8, 72, 0
11, 43595, Note_on_c, 8, 89, 0
11, 43595, Note_on_c, 8, 88, 100
11, 43608, Note_on_c, 8, 89, 100
11, 43612, Note_on_c, 8, 89, 0
11, 43612, Note_on_c, 8, 69, 100
11, 43616, Note_on_c, 8, 67, 0
11, 43618, Note_on_c, 8, 70, 0
11, 43620, Note_on_c, 8, 89, 100
11, 43621, Note_on_c, 8, 88, 0
11, 43628, Note_on_c, 8, 88, 100
11, 43629, Note_on_c, 8, 89, 0
11, 43639, Note_on_c, 8, 67, 100
11, 43643, Note_on_c, 8, 86, 100
11, 43646, Note_on_c, 8, 69, 0
11, 43646, Note_on_c, 8, 88, 0
11, 43647, Note_on_c, 8, 67, 0
11, 43657, Note_on_c, 8, 86, 0
11, 43658, Note_on_c, 8, 88, 100
11, 43667, Note_on_c, 8, 69, 100
11, 43668, Note_on_c, 8, 62, 100
11, 43671, Note_on_c, 8, 88, 0
11, 43677, Note_on_c, 8, 89, 100
11, 43705, Note_on_c, 8, 69, 0
11, 43708, Note_on_c, 8, 81, 100
11, 43737, Note_on_c, 8, 79, 100
11, 43740, Note_on_c, 8, 81, 0
11, 43749, Note_on_c, 8, 62, 0
11, 43769, Note_on_c, 8, 81, 100
11, 43771, Note_on_c, 8, 79, 0
11, 43793, Note_on_c, 8, 74, 100
11, 43798, Note_on_c, 8, 82, 100
11, 43799, Note_on_c, 8, 81, 0
11, 43830, Note_on_c, 8, 81, 100
11, 43831, Note_on_c, 8, 82, 0
11, 43856, Note_on_c, 8, 79, 100
11, 43859, Note_on_c, 8, 79, 100
11, 43861, Note_on_c, 8, 81, 0
11, 43882, Note_on_c, 8, 79, 0
11, 43883, Note_on_c, 8, 77, 100
11, 43886, Note_on_c, 8, 77, 100
11, 43890, Note_on_c, 8, 74, 0
11, 43890, Note_on_c, 8, 79, 0
11, 43909, Note_on_c, 8, 77, 0
11, 43911, Note_on_c, 8, 74, 100
11, 43918, Note_on_c, 8, 77, 0
11, 43919, Note_on_c, 8, 89, 0
11, 43919, Note_on_c, 8, 79, 100
11, 43920, Note_on_c, 8, 88, 100
11, 43946, Note_on_c, 8, 74, 0
11, 43946, Note_on_c, 8, 73, 100
11, 43975, Note_on_c, 8, 73, 0
11, 43975, Note_on_c, 8, 71, 100
11, 44004, Note_on_c, 8, 73, 100
11, 44005, Note_on_c, 8, 71, 0
11, 44008, Note_on_c, 8, 82, 100
11, 44011, Note_on_c, 8, 79, 0
11, 44020, Note_on_c, 8, 82, 0
11, 44034, Note_on_c, 8, 73, 0
11, 44035, Note_on_c, 8, 74, 100
11, 44039, Note_on_c, 8, 82, 100
11, 44053, Note_on_c, 8, 81, 100
11, 44054, Note_on_c, 8, 82, 0
11, 44065, Note_on_c, 8, 73, 100
11, 44066, Note_on_c, 8, 81, 0
11, 44068, Note_on_c, 8, 74, 0
11, 44068, Note_on_c, 8, 82, 100
11, 44076, Note_on_c, 8, 81, 100
11, 44077, Note_on_c, 8, 82, 0
11, 44083, Note_on_c, 8, 81, 0
11, 44083, Note_on_c, 8, 82, 100
11, 44089, Note_on_c, 8, 81, 100
11, 44093, Note_on_c, 8, 82, 0
11, 44093, Note_on_c, 8, 71, 100
11, 44094, Note_on_c, 8, 73, 0
11, 44120, Note_on_c, 8, 69, 100
11, 44121, Note_on_c, 8, 79, 100
11, 44122, Note_on_c, 8, 81, 0
11, 44125, Note_on_c, 8, 71, 0
11, 44145, Note_on_c, 8, 69, 0
11, 44149, Note_on_c, 8, 74, 100
11, 44152, Note_on_c, 8, 77, 100
11, 44154, Note_on_c, 8, 79, 0
11, 44155, Note_on_c, 8, 88, 0
11, 44185, Note_on_c, 8, 86, 100
11, 44214, Note_on_c, 8, 85, 100
11, 44215, Note_on_c, 8, 86, 0
11, 44227, Note_on_c, 8, 77, 0
11, 44239, Note_on_c, 8, 72, 100
11, 44242, Note_on_c, 8, 74, 0
11, 44243, Note_on_c, 8, 86, 100
11, 44244, Note_on_c, 8, 79, 100
11, 44245, Note_on_c, 8, 85, 0
11, 44252, Note_on_c, 8, 72, 0
11, 44261, Note_on_c, 8, 79, 0
11, 44268, Note_on_c, 8, 86, 0
11, 44273, Note_on_c, 8, 72, 100
11, 44276, Note_on_c, 8, 81, 100
11, 44276, Note_on_c, 8, 88, 100
11, 44284, Note_on_c, 8, 72, 0
11, 44285, Note_on_c, 8, 70, 100
11, 44294, Note_on_c, 8, 70, 0
11, 44295, Note_on_c, 8, 72, 100
11, 44302, Note_on_c, 8, 70, 100
11, 44304, Note_on_c, 8, 72, 0
11, 44307, Note_on_c, 8, 86, 100
11, 44309, Note_on_c, 8, 88, 0
11, 44309, Note_on_c, 8, 70, 0
11, 44310, Note_on_c, 8, 72, 100
11, 44317, Note_on_c, 8, 70, 100
11, 44321, Note_on_c, 8, 70, 0
11, 44328, Note_on_c, 8, 70, 100
11, 44330, Note_on_c, 8, 72, 0
11, 44337, Note_on_c, 8, 72, 100
11, 44338, Note_on_c, 8, 86, 0
11, 44338, Note_on_c, 8, 85, 100
11, 44341, Note_on_c, 8, 72, 0
11, 44364, Note_on_c, 8, 70, 0
11, 44364, Note_on_c, 8, 69, 100
11, 44365, Note_on_c, 8, 86, 100
11, 44366, Note_on_c, 8, 85, 0
11, 44377, Note_on_c, 8, 86, 0
11, 44380, Note_on_c, 8, 70, 100
11, 44381, Note_on_c, 8, 69, 0
11, 44394, Note_on_c, 8, 70, 0
11, 44396, Note_on_c, 8, 85, 100
11, 44396, Note_on_c, 8, 69, 100
11, 44425, Note_on_c, 8, 69, 0
11, 44425, Note_on_c, 8, 70, 100
11, 44451, Note_on_c, 8, 70, 0
11, 44451, Note_on_c, 8, 67, 100
11, 44460, Note_on_c, 8, 81, 0
11, 44479, Note_on_c, 8, 69, 100
11, 44484, Note_on_c, 8, 67, 0
11, 44489, Note_on_c, 8, 85, 0
11, 44489, Note_on_c, 8, 81, 100
11, 44505, Note_on_c, 8, 81, 0
11, 44510, Note_on_c, 8, 69, 0
11, 44510, Note_on_c, 8, 70, 100
11, 44522, Note_on_c, 8, 86, 100
11, 44522, Note_on_c, 8, 77, 100
11, 44548, Note_on_c, 8, 69, 100
11, 44549, Note_on_c, 8, 70, 0
11, 44578, Note_on_c, 8, 67, 100
11, 44582, Note_on_c, 8, 69, 0
11, 44584, Note_on_c, 8, 77, 0
11, 44607, Note_on_c, 8, 65, 100
11, 44608, Note_on_c, 8, 67, 0
11, 44612, Note_on_c, 8, 74, 100
11, 44626, Note_on_c, 8, 74, 0
11, 44637, Note_on_c, 8, 65, 0
11, 44640, Note_on_c, 8, 67, 100
11, 44649, Note_on_c, 8, 76, 100
11, 44676, Note_on_c, 8, 69, 100
11, 44680, Note_on_c, 8, 67, 0
11, 44708, Note_on_c, 8, 65, 100
11, 44710, Note_on_c, 8, 69, 0
11, 44733, Note_on_c, 8, 88, 100
11, 44736, Note_on_c, 8, 65, 0
11, 44736, Note_on_c, 8, 67, 100
11, 44737, Note_on_c, 8, 86, 0
11, 44745, Note_on_c, 8, 88, 0
11, 44763, Note_on_c, 8, 69, 100
11, 44766, Note_on_c, 8, 67, 0
11, 44768, Note_on_c, 8, 84, 100
11, 44793, Note_on_c, 8, 67, 100
11, 44797, Note_on_c, 8, 69, 0
11, 44822, Note_on_c, 8, 66, 100
11, 44826, Note_on_c, 8, 67, 0
11, 44843, Note_on_c, 8, 76, 0
11, 44844, Note_on_c, 8, 81, 100
11, 44852, Note_on_c, 8, 66, 0
11, 44852, Note_on_c, 8, 64, 100
11, 44859, Note_on_c, 8, 81, 0
11, 44875, Note_on_c, 8, 74, 100
11, 44879, Note_on_c, 8, 66, 100
11, 44881, Note_on_c, 8, 64, 0
11, 44907, Note_on_c, 8, 74, 0
11, 44907, Note_on_c, 8, 75, 100
11, 44936, Note_on_c, 8, 75, 0
11, 44936, Note_on_c, 8, 72, 100
11, 44960, Note_on_c, 8, 66, 0
11, 44961, Note_on_c, 8, 62, 100
11, 44964, Note_on_c, 8, 72, 0
11, 44964, Note_on_c, 8, 74, 100
11, 44988, Note_on_c, 8, 62, 0
11, 44991, Note_on_c, 8, 67, 100
11, 44993, Note_on_c, 8, 84, 0
11, 44994, Note_on_c, 8, 75, 100
11, 44995, Note_on_c, 8, 82, 100
11, 44997, Note_on_c, 8, 74, 0
11, 45000, Note_on_c, 8, 75, 0
11, 45021, Note_on_c, 8, 74, 100
11, 45050, Note_on_c, 8, 72, 100
11, 45052, Note_on_c, 8, 74, 0
11, 45072, Note_on_c, 8, 82, 0
11, 45079, Note_on_c, 8, 70, 100
11, 45081, Note_on_c, 8, 72, 0
11, 45082, Note_on_c, 8, 87, 100
11, 45093, Note_on_c, 8, 87, 0
11, 45109, Note_on_c, 8, 72, 100
11, 45111, Note_on_c, 8, 70, 0
11, 45113, Note_on_c, 8, 81, 100
11, 45128, Note_on_c, 8, 72, 0
11, 45140, Note_on_c, 8, 75, 100
11, 45144, Note_on_c, 8, 84, 100
11, 45145, Note_on_c, 8, 81, 0
11, 45170, Note_on_c, 8, 74, 100
11, 45172, Note_on_c, 8, 75, 0
11, 45172, Note_on_c, 8, 84, 0
11, 45173, Note_on_c, 8, 82, 100
11, 45195, Note_on_c, 8, 82, 0
11, 45196, Note_on_c, 8, 75, 100
11, 45198, Note_on_c, 8, 67, 0
11, 45198, Note_on_c, 8, 74, 0
11, 45202, Note_on_c, 8, 84, 100
11, 45215, Note_on_c, 8, 75, 0
11, 45227, Note_on_c, 8, 69, 100
11, 45228, Note_on_c, 8, 66, 100
11, 45231, Note_on_c, 8, 84, 0
11, 45233, Note_on_c, 8, 86, 100
11, 45248, Note_on_c, 8, 69, 0
11, 45263, Note_on_c, 8, 84, 100
11, 45264, Note_on_c, 8, 86, 0
11, 45291, Note_on_c, 8, 74, 100
11, 45294, Note_on_c, 8, 84, 0
11, 45294, Note_on_c, 8, 82, 100
11, 45313, Note_on_c, 8, 66, 0
11, 45323, Note_on_c, 8, 82, 0
11, 45324, Note_on_c, 8, 81, 100
11, 45348, Note_on_c, 8, 67, 100
11, 45353, Note_on_c, 8, 82, 100
11, 45358, Note_on_c, 8, 81, 0
11, 45370, Note_on_c, 8, 82, 0
11, 45379, Note_on_c, 8, 74, 0
11, 45387, Note_on_c, 8, 89, 100
11, 45388, Note_on_c, 8, 81, 100
11, 45416, Note_on_c, 8, 89, 0
11, 45417, Note_on_c, 8, 79, 100
11, 45417, Note_on_c, 8, 88, 100
11, 45418, Note_on_c, 8, 81, 0
11, 45445, Note_on_c, 8, 81, 100
11, 45446, Note_on_c, 8, 79, 0
11, 45446, Note_on_c, 8, 88, 0
11, 45447, Note_on_c, 8, 89, 100
11, 45477, Note_on_c, 8, 81, 0
11, 45477, Note_on_c, 8, 89, 0
11, 45478, Note_on_c, 8, 91, 100
11, 45479, Note_on_c, 8, 82, 100
11, 45510, Note_on_c, 8, 91, 0
11, 45510, Note_on_c, 8, 81, 100
11, 45511, Note_on_c, 8, 82, 0
11, 45511, Note_on_c, 8, 89, 100
11, 45526, Note_on_c, 8, 81, 0
11, 45536, Note_on_c, 8, 79, 100
11, 45540, Note_on_c, 8, 88, 100
11, 45541, Note_on_c, 8, 89, 0
11, 45549, Note_on_c, 8, 79, 0
11, 45566, Note_on_c, 8, 77, 100
11, 45568, Note_on_c, 8, 88, 0
11, 45569, Note_on_c, 8, 86, 100
11, 45577, Note_on_c, 8, 77, 0
11, 45583, Note_on_c, 8, 86, 0
11, 45597, Note_on_c, 8, 67, 0
11, 45598, Note_on_c, 8, 76, 100
11, 45599, Note_on_c, 8, 85, 100
11, 45625, Note_on_c, 8, 76, 0
11, 45627, Note_on_c, 8, 77, 100
11, 45627, Note_on_c, 8, 74, 100
11, 45656, Note_on_c, 8, 74, 0
11, 45657, Note_on_c, 8, 73, 100
11, 45658, Note_on_c, 8, 77, 0
11, 45659, Note_on_c, 8, 76, 100
11, 45684, Note_on_c, 8, 73, 0
11, 45687, Note_on_c, 8, 74, 100
11, 45688, Note_on_c, 8, 85, 0
11, 45688, Note_on_c, 8, 77, 100
11, 45689, Note_on_c, 8, 76, 0
11, 45709, Note_on_c, 8, 77, 0
11, 45716, Note_on_c, 8, 74, 0
11, 45717, Note_on_c, 8, 76, 100
11, 45718, Note_on_c, 8, 79, 100
11, 45743, Note_on_c, 8, 76, 0
11, 45745, Note_on_c, 8, 74, 100
11, 45745, Note_on_c, 8, 77, 100
11, 45747, Note_on_c, 8, 79, 0
11, 45759, Note_on_c, 8, 77, 0
11, 45772, Note_on_c, 8, 74, 0
11, 45773, Note_on_c, 8, 73, 100
11, 45780, Note_on_c, 8, 76, 100
11, 45803, Note_on_c, 8, 71, 100
11, 45804, Note_on_c, 8, 73, 0
11, 45833, Note_on_c, 8, 71, 0
11, 45833, Note_on_c, 8, 69, 100
11, 45867, Note_on_c, 8, 81, 100
11, 45893, Note_on_c, 8, 81, 0
11, 45894, Note_on_c, 8, 76, 0
11, 45894, Note_on_c, 8, 69, 0
11, 45894, Note_on_c, 8, 65, 100
11, 45897, Note_on_c, 8, 82, 100
11, 45897, Note_on_c, 8, 74, 100
11, 45926, Note_on_c, 8, 82, 0
11, 45926, Note_on_c, 8, 81, 100
11, 45934, Note_on_c, 8, 74, 0
11, 45950, Note_on_c, 8, 81, 0
11, 45952, Note_on_c, 8, 65, 0
11, 45952, Note_on_c, 8, 70, 100
11, 45955, Note_on_c, 8, 79, 100
11, 45986, Note_on_c, 8, 81, 100
11, 46014, Note_on_c, 8, 69, 100
11, 46015, Note_on_c, 8, 81, 0
11, 46016, Note_on_c, 8, 83, 100
11, 46040, Note_on_c, 8, 69, 0
11, 46041, Note_on_c, 8, 67, 100
11, 46047, Note_on_c, 8, 83, 0
11, 46047, Note_on_c, 8, 85, 100
11, 46050, Note_on_c, 8, 67, 0
11, 46055, Note_on_c, 8, 70, 0
11, 46072, Note_on_c, 8, 69, 100
11, 46075, Note_on_c, 8, 85, 0
11, 46077, Note_on_c, 8, 86, 100
11, 46079, Note_on_c, 8, 79, 0
11, 46103, Note_on_c, 8, 70, 100
11, 46106, Note_on_c, 8, 69, 0
11, 46106, Note_on_c, 8, 79, 100
11, 46131, Note_on_c, 8, 70, 0
11, 46133, Note_on_c, 8, 67, 100
11, 46138, Note_on_c, 8, 81, 100
11, 46141, Note_on_c, 8, 79, 0
11, 46164, Note_on_c, 8, 69, 100
11, 46165, Note_on_c, 8, 79, 100
11, 46167, Note_on_c, 8, 67, 0
11, 46168, Note_on_c, 8, 81, 0
11, 46192, Note_on_c, 8, 69, 0
11, 46193, Note_on_c, 8, 72, 100
11, 46195, Note_on_c, 8, 78, 100
11, 46196, Note_on_c, 8, 79, 0
11, 46224, Note_on_c, 8, 70, 100
11, 46226, Note_on_c, 8, 79, 100
11, 46227, Note_on_c, 8, 78, 0
11, 46228, Note_on_c, 8, 72, 0
11, 46254, Note_on_c, 8, 69, 100
11, 46257, Note_on_c, 8, 70, 0
11, 46257, Note_on_c, 8, 79, 0
11, 46257, Note_on_c, 8, 81, 100
11, 46283, Note_on_c, 8, 67, 100
11, 46284, Note_on_c, 8, 69, 0
11, 46286, Note_on_c, 8, 81, 0
11, 46287, Note_on_c, 8, 82, 100
11, 46313, Note_on_c, 8, 66, 100
11, 46315, Note_on_c, 8, 67, 0
11, 46316, Note_on_c, 8, 82, 0
11, 46318, Note_on_c, 8, 84, 100
11, 46339, Note_on_c, 8, 86, 0
11, 46341, Note_on_c, 8, 84, 0
11, 46344, Note_on_c, 8, 74, 100
11, 46362, Note_on_c, 8, 74, 0
11, 46371, Note_on_c, 8, 66, 0
11, 46372, Note_on_c, 8, 82, 100
11, 46372, Note_on_c, 8, 91, 100
11, 46373, Note_on_c, 8, 67, 100
11, 46375, Note_on_c, 8, 75, 100
11, 46401, Note_on_c, 8, 75, 0
11, 46403, Note_on_c, 8, 74, 100
11, 46418, Note_on_c, 8, 91, 0
11, 46419, Note_on_c, 8, 82, 0
11, 46426, Note_on_c, 8, 74, 0
11, 46432, Note_on_c, 8, 69, 100
11, 46432, Note_on_c, 8, 81, 100
11, 46432, Note_on_c, 8, 90, 100
11, 46432, Note_on_c, 8, 72, 100
11, 46434, Note_on_c, 8, 67, 0
11, 46461, Note_on_c, 8, 90, 0
11, 46462, Note_on_c, 8, 72, 0
11, 46463, Note_on_c, 8, 74, 100
11, 46465, Note_on_c, 8, 81, 0
11, 46484, Note_on_c, 8, 74, 0
11, 46490, Note_on_c, 8, 76, 100
11, 46491, Note_on_c, 8, 69, 0
11, 46491, Note_on_c, 8, 84, 100
11, 46491, Note_on_c, 8, 93, 100
11, 46507, Note_on_c, 8, 93, 0
11, 46513, Note_on_c, 8, 84, 0
11, 46518, Note_on_c, 8, 76, 0
11, 46519, Note_on_c, 8, 78, 100
11, 46547, Note_on_c, 8, 78, 0
11, 46549, Note_on_c, 8, 79, 100
11, 46552, Note_on_c, 8, 82, 100
11, 46552, Note_on_c, 8, 86, 100
11, 46575, Note_on_c, 8, 79, 0
11, 46578, Note_on_c, 8, 67, 100
11, 46611, Note_on_c, 8, 76, 100
11, 46612, Note_on_c, 8, 67, 0
11, 46612, Note_on_c, 8, 70, 100
11, 46615, Note_on_c, 8, 86, 0
11, 46615, Note_on_c, 8, 85, 100
11, 46616, Note_on_c, 8, 82, 0
11, 46616, Note_on_c, 8, 79, 100
11, 46642, Note_on_c, 8, 69, 100
11, 46643, Note_on_c, 8, 70, 0
11, 46648, Note_on_c, 8, 76, 0
11, 46653, Note_on_c, 8, 85, 0
11, 46654, Note_on_c, 8, 79, 0
11, 46672, Note_on_c, 8, 67, 100
11, 46674, Note_on_c, 8, 69, 0
11, 46702, Note_on_c, 8, 69, 100
11, 46704, Note_on_c, 8, 67, 0
11, 46732, Note_on_c, 8, 71, 100
11, 46733, Note_on_c, 8, 69, 0
11, 46740, Note_on_c, 8, 88, 100
11, 46740, Note_on_c, 8, 79, 100
11, 46740, Note_on_c, 8, 81, 100
11, 46761, Note_on_c, 8, 71, 0
11, 46761, Note_on_c, 8, 88, 0
11, 46761, Note_on_c, 8, 81, 0
11, 46762, Note_on_c, 8, 79, 0
11, 46763, Note_on_c, 8, 73, 100
11, 46778, Note_on_c, 8, 73, 0
11, 46800, Note_on_c, 8, 74, 100
11, 46803, Note_on_c, 8, 81, 100
11, 46804, Note_on_c, 8, 79, 100
11, 46804, Note_on_c, 8, 88, 100
11, 46832, Note_on_c, 8, 74, 0
11, 46832, Note_on_c, 8, 57, 100
11, 46856, Note_on_c, 8, 57, 0
11, 46859, Note_on_c, 8, 62, 100
11, 46862, Note_on_c, 8, 86, 100
11, 46862, Note_on_c, 8, 77, 100
11, 46863, Note_on_c, 8, 88, 0
11, 46864, Note_on_c, 8, 79, 0
11, 46890, Note_on_c, 8, 62, 0
11, 46890, Note_on_c, 8, 65, 100
11, 46892, Note_on_c, 8, 86, 0
11, 46894, Note_on_c, 8, 81, 0
11, 46894, Note_on_c, 8, 77, 0
11, 46921, Note_on_c, 8, 69, 100
11, 46922, Note_on_c, 8, 65, 0
11, 46943, Note_on_c, 8, 69, 0
11, 46951, Note_on_c, 8, 62, 100
11, 46977, Note_on_c, 8, 81, 100
11, 46977, Note_on_c, 8, 93, 100
11, 46977, Note_on_c, 8, 86, 100
11, 46979, Note_on_c, 8, 65, 100
11, 46981, Note_on_c, 8, 62, 0
11, 46995, Note_on_c, 8, 93, 0
11, 46996, Note_on_c, 8, 86, 0
11, 46997, Note_on_c, 8, 81, 0
11, 47005, Note_on_c, 8, 69, 100
11, 47006, Note_on_c, 8, 65, 0
11, 47032, Note_on_c, 8, 69, 0
11, 47035, Note_on_c, 8, 70, 100
11, 47039, Note_on_c, 8, 86, 100
11, 47040, Note_on_c, 8, 93, 100
11, 47040, Note_on_c, 8, 89, 100
11, 47066, Note_on_c, 8, 67, 100
11, 47067, Note_on_c, 8, 70, 0
11, 47093, Note_on_c, 8, 93, 0
11, 47094, Note_on_c, 8, 89, 0
11, 47098, Note_on_c, 8, 91, 100
11, 47098, Note_on_c, 8, 64, 100
11, 47099, Note_on_c, 8, 88, 100
11, 47102, Note_on_c, 8, 67, 0
11, 47124, Note_on_c, 8, 88, 0
11, 47125, Note_on_c, 8, 91, 0
11, 47126, Note_on_c, 8, 67, 100
11, 47127, Note_on_c, 8, 64, 0
11, 47130, Note_on_c, 8, 86, 0
11, 47157, Note_on_c, 8, 61, 100
11, 47160, Note_on_c, 8, 67, 0
11, 47188, Note_on_c, 8, 61, 0
11, 47188, Note_on_c, 8, 70, 100
11, 47215, Note_on_c, 8, 69, 100
11, 47217, Note_on_c, 8, 70, 0
11, 47218, Note_on_c, 8, 81, 100
11, 47219, Note_on_c, 8, 88, 100
11, 47219, Note_on_c, 8, 85, 100
11, 47219, Note_on_c, 8, 91, 100
11, 47233, Note_on_c, 8, 85, 0
11, 47234, Note_on_c, 8, 81, 0
11, 47234, Note_on_c, 8, 91, 0
11, 47235, Note_on_c, 8, 88, 0
11, 47244, Note_on_c, 8, 67, 100
11, 47247, Note_on_c, 8, 69, 0
11, 47257, Note_on_c, 8, 67, 0
11, 47275, Note_on_c, 8, 65, 100
11, 47279, Note_on_c, 8, 88, 100
11, 47279, Note_on_c, 8, 91, 100
11, 47279, Note_on_c, 8, 81, 100
11, 47306, Note_on_c, 8, 62, 100
11, 47308, Note_on_c, 8, 65, 0
11, 47321, Note_on_c, 8, 91, 0
11, 47326, Note_on_c, 8, 88, 0
11, 47335, Note_on_c, 8, 65, 100
11, 47336, Note_on_c, 8, 62, 0
11, 47338, Note_on_c, 8, 86, 100
11, 47339, Note_on_c, 8, 89, 100
11, 47354, Note_on_c, 8, 89, 0
11, 47355, Note_on_c, 8, 86, 0
11, 47362, Note_on_c, 8, 69, 100
11, 47363, Note_on_c, 8, 65, 0
11, 47368, Note_on_c, 8, 84, 100
11, 47369, Note_on_c, 8, 88, 100
11, 47370, Note_on_c, 8, 69, 0
11, 47377, Note_on_c, 8, 84, 0
11, 47383, Note_on_c, 8, 88, 0
11, 47392, Note_on_c, 8, 81, 0
11, 47396, Note_on_c, 8, 74, 100
11, 47400, Note_on_c, 8, 86, 100
11, 47401, Note_on_c, 8, 89, 100
11, 47430, Note_on_c, 8, 81, 100
11, 47460, Note_on_c, 8, 81, 0
11, 47460, Note_on_c, 8, 82, 100
11, 47485, Note_on_c, 8, 81, 100
11, 47487, Note_on_c, 8, 86, 0
11, 47487, Note_on_c, 8, 84, 100
11, 47488, Note_on_c, 8, 82, 0
11, 47493, Note_on_c, 8, 81, 0
11, 47514, Note_on_c, 8, 84, 0
11, 47516, Note_on_c, 8, 82, 100
11, 47517, Note_on_c, 8, 88, 100
11, 47518, Note_on_c, 8, 79, 100
11, 47520, Note_on_c, 8, 89, 0
11, 47544, Note_on_c, 8, 81, 100
11, 47545, Note_on_c, 8, 82, 0
11, 47545, Note_on_c, 8, 79, 0
11, 47546, Note_on_c, 8, 84, 100
11, 47572, Note_on_c, 8, 81, 0
11, 47574, Note_on_c, 8, 77, 100
11, 47577, Note_on_c, 8, 81, 100
11, 47578, Note_on_c, 8, 84, 0
11, 47601, Note_on_c, 8, 79, 100
11, 47605, Note_on_c, 8, 82, 100
11, 47606, Note_on_c, 8, 77, 0
11, 47606, Note_on_c, 8, 81, 0
11, 47630, Note_on_c, 8, 79, 0
11, 47631, Note_on_c, 8, 74, 0
11, 47631, Note_on_c, 8, 81, 100
11, 47631, Note_on_c, 8, 72, 100
11, 47634, Note_on_c, 8, 82, 0
11, 47635, Note_on_c, 8, 84, 100
11, 47663, Note_on_c, 8, 79, 100
11, 47663, Note_on_c, 8, 82, 100
11, 47667, Note_on_c, 8, 84, 0
11, 47671, Note_on_c, 8, 81, 0
11, 47690, Note_on_c, 8, 78, 100
11, 47692, Note_on_c, 8, 79, 0
11, 47693, Note_on_c, 8, 81, 100
11, 47694, Note_on_c, 8, 82, 0
11, 47718, Note_on_c, 8, 78, 0
11, 47719, Note_on_c, 8, 76, 100
11, 47724, Note_on_c, 8, 79, 100
11, 47726, Note_on_c, 8, 81, 0
11, 47749, Note_on_c, 8, 88, 0
11, 47750, Note_on_c, 8, 79, 0
11, 47751, Note_on_c, 8, 76, 0
11, 47751, Note_on_c, 8, 78, 100
11, 47752, Note_on_c, 8, 86, 100
11, 47778, Note_on_c, 8, 78, 0
11, 47779, Note_on_c, 8, 74, 100
11, 47781, Note_on_c, 8, 93, 100
11, 47810, Note_on_c, 8, 76, 100
11, 47811, Note_on_c, 8, 74, 0
11, 47812, Note_on_c, 8, 93, 0
11, 47812, Note_on_c, 8, 91, 100
11, 47838, Note_on_c, 8, 78, 100
11, 47840, Note_on_c, 8, 76, 0
11, 47841, Note_on_c, 8, 93, 100
11, 47842, Note_on_c, 8, 91, 0
11, 47865, Note_on_c, 8, 78, 0
11, 47868, Note_on_c, 8, 79, 100
11, 47869, Note_on_c, 8, 72, 0
11, 47872, Note_on_c, 8, 70, 100
11, 47872, Note_on_c, 8, 94, 100
11, 47875, Note_on_c, 8, 93, 0
11, 47897, Note_on_c, 8, 94, 0
11, 47899, Note_on_c, 8, 77, 100
11, 47902, Note_on_c, 8, 79, 0
11, 47902, Note_on_c, 8, 93, 100
11, 47928, Note_on_c, 8, 75, 100
11, 47931, Note_on_c, 8, 77, 0
11, 47932, Note_on_c, 8, 91, 100
11, 47933, Note_on_c, 8, 93, 0
11, 47954, Note_on_c, 8, 75, 0
11, 47957, Note_on_c, 8, 74, 100
11, 47960, Note_on_c, 8, 91, 0
11, 47960, Note_on_c, 8, 89, 100
11, 47966, Note_on_c, 8, 86, 0
11, 47981, Note_on_c, 8, 89, 0
11, 47986, Note_on_c, 8, 72, 100
11, 47987, Note_on_c, 8, 74, 0
11, 47988, Note_on_c, 8, 70, 0
11, 47992, Note_on_c, 8, 88, 100
11, 47993, Note_on_c, 8, 84, 100
11, 47994, Note_on_c, 8, 79, 100
11, 48014, Note_on_c, 8, 72, 0
11, 48017, Note_on_c, 8, 60, 100
11, 48050, Note_on_c, 8, 64, 100
11, 48053, Note_on_c, 8, 60, 0
11, 48077, Note_on_c, 8, 67, 100
11, 48078, Note_on_c, 8, 64, 0
11, 48088, Note_on_c, 8, 88, 0
11, 48089, Note_on_c, 8, 79, 0
11, 48107, Note_on_c, 8, 67, 0
11, 48108, Note_on_c, 8, 72, 100
11, 48114, Note_on_c, 8, 81, 100
11, 48114, Note_on_c, 8, 89, 100
11, 48140, Note_on_c, 8, 65, 100
11, 48142, Note_on_c, 8, 72, 0
11, 48169, Note_on_c, 8, 69, 100
11, 48170, Note_on_c, 8, 65, 0
11, 48198, Note_on_c, 8, 72, 100
11, 48202, Note_on_c, 8, 69, 0
11, 48204, Note_on_c, 8, 81, 0
11, 48229, Note_on_c, 8, 72, 0
11, 48230, Note_on_c, 8, 74, 100
11, 48238, Note_on_c, 8, 82, 100
11, 48238, Note_on_c, 8, 79, 100
11, 48242, Note_on_c, 8, 84, 0
11, 48265, Note_on_c, 8, 70, 100
11, 48266, Note_on_c, 8, 74, 0
11, 48295, Note_on_c, 8, 74, 100
11, 48296, Note_on_c, 8, 70, 0
11, 48296, Note_on_c, 8, 88, 100
11, 48298, Note_on_c, 8, 89, 0
11, 48324, Note_on_c, 8, 70, 100
11, 48326, Note_on_c, 8, 74, 0
11, 48326, Note_on_c, 8, 88, 0
11, 48327, Note_on_c, 8, 86, 100
11, 48337, Note_on_c, 8, 86, 0
11, 48338, Note_on_c, 8, 70, 0
11, 48354, Note_on_c, 8, 64, 100
11, 48360, Note_on_c, 8, 88, 100
11, 48384, Note_on_c, 8, 74, 100
11, 48393, Note_on_c, 8, 64, 0
11, 48414, Note_on_c, 8, 72, 100
11, 48417, Note_on_c, 8, 74, 0
11, 48445, Note_on_c, 8, 72, 0
11, 48445, Note_on_c, 8, 70, 100
11, 48467, Note_on_c, 8, 88, 0
11, 48467, Note_on_c, 8, 89, 100
11, 48468, Note_on_c, 8, 82, 0
11, 48468, Note_on_c, 8, 77, 100
11, 48469, Note_on_c, 8, 79, 0
11, 48469, Note_on_c, 8, 70, 0
11, 48475, Note_on_c, 8, 69, 100
11, 48498, Note_on_c, 8, 86, 100
11, 48499, Note_on_c, 8, 69, 0
11, 48528, Note_on_c, 8, 86, 0
11, 48529, Note_on_c, 8, 65, 100
11, 48529, Note_on_c, 8, 82, 100
11, 48553, Note_on_c, 8, 65, 0
11, 48557, Note_on_c, 8, 84, 100
11, 48558, Note_on_c, 8, 82, 0
11, 48560, Note_on_c, 8, 89, 0
11, 48566, Note_on_c, 8, 77, 0
11, 48584, Note_on_c, 8, 84, 0
11, 48586, Note_on_c, 8, 70, 100
11, 48586, Note_on_c, 8, 86, 100
11, 48619, Note_on_c, 8, 84, 100
11, 48620, Note_on_c, 8, 86, 0
11, 48645, Note_on_c, 8, 77, 100
11, 48650, Note_on_c, 8, 84, 0
11, 48651, Note_on_c, 8, 82, 100
11, 48669, Note_on_c, 8, 77, 0
11, 48682, Note_on_c, 8, 81, 100
11, 48686, Note_on_c, 8, 82, 0
11, 48704, Note_on_c, 8, 81, 0
11, 48709, Note_on_c, 8, 72, 100
11, 48716, Note_on_c, 8, 79, 100
11, 48739, Note_on_c, 8, 76, 100
11, 48741, Note_on_c, 8, 72, 0
11, 48749, Note_on_c, 8, 91, 100
11, 48753, Note_on_c, 8, 76, 0
11, 48773, Note_on_c, 8, 70, 0
11, 48773, Note_on_c, 8, 67, 100
11, 48775, Note_on_c, 8, 72, 100
11, 48779, Note_on_c, 8, 88, 100
11, 48780, Note_on_c, 8, 91, 0
11, 48806, Note_on_c, 8, 74, 100
11, 48808, Note_on_c, 8, 89, 100
11, 48810, Note_on_c, 8, 72, 0
11, 48813, Note_on_c, 8, 88, 0
11, 48825, Note_on_c, 8, 89, 0
11, 48834, Note_on_c, 8, 74, 0
11, 48836, Note_on_c, 8, 76, 100
11, 48839, Note_on_c, 8, 91, 100
11, 48864, Note_on_c, 8, 76, 0
11, 48866, Note_on_c, 8, 74, 100
11, 48870, Note_on_c, 8, 89, 100
11, 48871, Note_on_c, 8, 91, 0
11, 48896, Note_on_c, 8, 74, 0
11, 48896, Note_on_c, 8, 72, 100
11, 48900, Note_on_c, 8, 89, 0
11, 48900, Note_on_c, 8, 88, 100
11, 48927, Note_on_c, 8, 72, 0
11, 48927, Note_on_c, 8, 70, 100
11, 48929, Note_on_c, 8, 88, 0
11, 48929, Note_on_c, 8, 86, 100
11, 48932, Note_on_c, 8, 67, 0
11, 48953, Note_on_c, 8, 86, 0
11, 48955, Note_on_c, 8, 70, 0
11, 48957, Note_on_c, 8, 69, 100
11, 48959, Note_on_c, 8, 84, 100
11, 48985, Note_on_c, 8, 72, 100
11, 48988, Note_on_c, 8, 69, 0
11, 48989, Note_on_c, 8, 81, 100
11, 48993, Note_on_c, 8, 79, 0
11, 49005, Note_on_c, 8, 72, 0
11, 49015, Note_on_c, 8, 69, 100
11, 49019, Note_on_c, 8, 81, 0
11, 49020, Note_on_c, 8, 77, 100
11, 49047, Note_on_c, 8, 70, 100
11, 49048, Note_on_c, 8, 69, 0
11, 49049, Note_on_c, 8, 79, 100
11, 49050, Note_on_c, 8, 77, 0
11, 49077, Note_on_c, 8, 70, 0
11, 49078, Note_on_c, 8, 72, 100
11, 49080, Note_on_c, 8, 81, 100
11, 49082, Note_on_c, 8, 79, 0
11, 49107, Note_on_c, 8, 70, 100
11, 49108, Note_on_c, 8, 72, 0
11, 49109, Note_on_c, 8, 79, 100
11, 49112, Note_on_c, 8, 81, 0
11, 49133, Note_on_c, 8, 70, 0
11, 49135, Note_on_c, 8, 60, 100
11, 49136, Note_on_c, 8, 69, 100
11, 49141, Note_on_c, 8, 79, 0
11, 49142, Note_on_c, 8, 77, 100
11, 49166, Note_on_c, 8, 67, 100
11, 49167, Note_on_c, 8, 69, 0
11, 49169, Note_on_c, 8, 75, 100
11, 49171, Note_on_c, 8, 77, 0
11, 49178, Note_on_c, 8, 60, 0
11, 49183, Note_on_c, 8, 67, 0
11, 49196, Note_on_c, 8, 62, 100
11, 49196, Note_on_c, 8, 65, 100
11, 49199, Note_on_c, 8, 75, 0
11, 49199, Note_on_c, 8, 74, 100
11, 49228, Note_on_c, 8, 84, 0
11, 49230, Note_on_c, 8, 81, 100
11, 49231, Note_on_c, 8, 62, 0
11, 49256, Note_on_c, 8, 58, 100
11, 49259, Note_on_c, 8, 82, 100
11, 49261, Note_on_c, 8, 81, 0
11, 49286, Note_on_c, 8, 74, 0
11, 49286, Note_on_c, 8, 82, 0
11, 49286, Note_on_c, 8, 76, 100
11, 49287, Note_on_c, 8, 86, 100
11, 49305, Note_on_c, 8, 76, 0
11, 49306, Note_on_c, 8, 65, 0
11, 49311, Note_on_c, 8, 58, 0
11, 49317, Note_on_c, 8, 77, 100
11, 49318, Note_on_c, 8, 84, 100
11, 49320, Note_on_c, 8, 86, 0
11, 49333, Note_on_c, 8, 77, 0
11, 49333, Note_on_c, 8, 76, 100
11, 49347, Note_on_c, 8, 76, 0
11, 49348, Note_on_c, 8, 77, 100
11, 49351, Note_on_c, 8, 82, 100
11, 49353, Note_on_c, 8, 84, 0
11, 49359, Note_on_c, 8, 76, 100
11, 49360, Note_on_c, 8, 77, 0
11, 49369, Note_on_c, 8, 76, 0
11, 49370, Note_on_c, 8, 77, 100
11, 49375, Note_on_c, 8, 82, 0
11, 49376, Note_on_c, 8, 81, 100
11, 49378, Note_on_c, 8, 76, 100
11, 49381, Note_on_c, 8, 77, 0
11, 49401, Note_on_c, 8, 74, 100
11, 49403, Note_on_c, 8, 76, 0
11, 49404, Note_on_c, 8, 81, 0
11, 49404, Note_on_c, 8, 79, 100
11, 49417, Note_on_c, 8, 76, 100
11, 49421, Note_on_c, 8, 74, 0
11, 49434, Note_on_c, 8, 79, 0
11, 49435, Note_on_c, 8, 81, 100
11, 49437, Note_on_c, 8, 76, 0
11, 49438, Note_on_c, 8, 77, 100
11, 49449, Note_on_c, 8, 81, 0
11, 49460, Note_on_c, 8, 77, 0
11, 49464, Note_on_c, 8, 69, 100
11, 49469, Note_on_c, 8, 77, 100
11, 49488, Note_on_c, 8, 69, 0
11, 49494, Note_on_c, 8, 77, 0
11, 49494, Note_on_c, 8, 72, 100
11, 49496, Note_on_c, 8, 81, 100
11, 49514, Note_on_c, 8, 72, 0
11, 49521, Note_on_c, 8, 76, 100
11, 49525, Note_on_c, 8, 81, 0
11, 49525, Note_on_c, 8, 84, 100
11, 49542, Note_on_c, 8, 76, 0
11, 49552, Note_on_c, 8, 81, 100
11, 49554, Note_on_c, 8, 84, 0
11, 49556, Note_on_c, 8, 89, 100
11, 49577, Note_on_c, 8, 89, 0
11, 49581, Note_on_c, 8, 81, 0
11, 49583, Note_on_c, 8, 77, 100
11, 49586, Note_on_c, 8, 84, 100
11, 49606, Note_on_c, 8, 77, 0
11, 49613, Note_on_c, 8, 72, 100
11, 49614, Note_on_c, 8, 84, 0
11, 49619, Note_on_c, 8, 89, 100
11, 49639, Note_on_c, 8, 89, 0
11, 49642, Note_on_c, 8, 69, 100
11, 49647, Note_on_c, 8, 91, 100
11, 49663, Note_on_c, 8, 69, 0
11, 49665, Note_on_c, 8, 91, 0
11, 49676, Note_on_c, 8, 65, 100
11, 49678, Note_on_c, 8, 92, 100
11, 49710, Note_on_c, 8, 92, 0
11, 49710, Note_on_c, 8, 89, 100
11, 49738, Note_on_c, 8, 71, 100
11, 49739, Note_on_c, 8, 72, 0
11, 49740, Note_on_c, 8, 86, 100
11, 49743, Note_on_c, 8, 89, 0
11, 49767, Note_on_c, 8, 89, 100
11, 49771, Note_on_c, 8, 86, 0
11, 49775, Note_on_c, 8, 71, 0
11, 49777, Note_on_c, 8, 65, 0
11, 49800, Note_on_c, 8, 89, 0
11, 49801, Note_on_c, 8, 83, 100
11, 49833, Note_on_c, 8, 92, 100
11, 49834, Note_on_c, 8, 83, 0
11, 49857, Note_on_c, 8, 92, 0
11, 49860, Note_on_c, 8, 62, 100
11, 49861, Note_on_c, 8, 67, 100
11, 49861, Note_on_c, 8, 71, 100
11, 49864, Note_on_c, 8, 91, 100
11, 49886, Note_on_c, 8, 71, 0
11, 49888, Note_on_c, 8, 62, 0
11, 49888, Note_on_c, 8, 67, 0
11, 49892, Note_on_c, 8, 89, 100
11, 49897, Note_on_c, 8, 91, 0
11, 49922, Note_on_c, 8, 89, 0
11, 49924, Note_on_c, 8, 72, 100
11, 49924, Note_on_c, 8, 67, 100
11, 49924, Note_on_c, 8, 60, 100
11, 49926, Note_on_c, 8, 88, 100
11, 49957, Note_on_c, 8, 86, 100
11, 49986, Note_on_c, 8, 86, 0
11, 49986, Note_on_c, 8, 84, 100
11, 50015, Note_on_c, 8, 84, 0
11, 50016, Note_on_c, 8, 82, 100
11, 50044, Note_on_c, 8, 88, 0
11, 50044, Note_on_c, 8, 82, 0
11, 50045, Note_on_c, 8, 81, 100
11, 50074, Note_on_c, 8, 84, 100
11, 50102, Note_on_c, 8, 65, 100
11, 50103, Note_on_c, 8, 84, 0
11, 50103, Note_on_c, 8, 89, 100
11, 50106, Note_on_c, 8, 67, 0
11, 50131, Note_on_c, 8, 71, 100
11, 50132, Note_on_c, 8, 81, 0
11, 50132, Note_on_c, 8, 80, 100
11, 50134, Note_on_c, 8, 72, 0
11, 50154, Note_on_c, 8, 80, 0
11, 50161, Note_on_c, 8, 67, 100
11, 50162, Note_on_c, 8, 71, 0
11, 50162, Note_on_c, 8, 72, 100
11, 50163, Note_on_c, 8, 79, 100
11, 50164, Note_on_c, 8, 65, 0
11, 50167, Note_on_c, 8, 89, 0
11, 50193, Note_on_c, 8, 89, 100
11, 50226, Note_on_c, 8, 88, 100
11, 50228, Note_on_c, 8, 89, 0
11, 50256, Note_on_c, 8, 86, 100
11, 50258, Note_on_c, 8, 88, 0
11, 50275, Note_on_c, 8, 86, 0
11, 50287, Note_on_c, 8, 88, 100
11, 50316, Note_on_c, 8, 81, 100
11, 50317, Note_on_c, 8, 79, 0
11, 50338, Note_on_c, 8, 81, 0
11, 50345, Note_on_c, 8, 82, 100
11, 50352, Note_on_c, 8, 88, 0
11, 50380, Note_on_c, 8, 88, 100
11, 50409, Note_on_c, 8, 72, 0
11, 50409, Note_on_c, 8, 88, 0
11, 50410, Note_on_c, 8, 67, 0
11, 50413, Note_on_c, 8, 82, 0
11, 50435, Note_on_c, 8, 65, 100
11, 50435, Note_on_c, 8, 72, 100
11, 50435, Note_on_c, 8, 81, 100
11, 50435, Note_on_c, 8, 89, 100
11, 50880, Note_on_c, 8, 72, 0
11, 50881, Note_on_c, 8, 60, 0
11, 50881, Note_on_c, 8, 81, 0
11, 50882, Note_on_c, 8, 65, 0
11, 50882, Note_on_c, 8, 89, 0
11, 50882, End_track
12, 0, Start_track
12, 0, MIDI_port, 0
12, 0, End_track
13, 0, Start_track
13, 0, Title_t, "Komm, heiliger Geist, Herre Gott"
13, 0, MIDI_port, 0
13, 0, End_track
14, 0, Start_track
14, 0, Title_t, "by J. S. Bach (BWV 651)"
14, 0, MIDI_port, 0
14, 0, End_track
15, 0, Start_track
15, 0, MIDI_port, 0
15, 0, End_track
16, 0, Start_track
16, 0, Title_t, "Sequenced using WinJammer Professional"
16, 0, MIDI_port, 0
16, 0, End_track
17, 0, Start_track
17, 0, Title_t, "on Windows NT by Martin Robinson."
17, 0, MIDI_port, 0
17, 0, End_track
18, 0, Start_track
18, 0, Title_t, "(c) Martin Robinson 1997"
18, 0, MIDI_port, 0
18, 0, End_track
0, 0, End_of_file
